id,time,observation,popPred_medianCOV,popPred,indivPred_SAEM,indWRes_SAEM
21,0,0.37951,0,0,0,5.3387
21,0.3539,0.458812,0.426624,0.426624,0.45482,0.0561496
21,0.7078,0.496688,0.474615,0.474615,0.501275,-0.0645206
21,1.0617,0.516234,0.494124,0.494124,0.531492,-0.214635
21,1.4156,0.544396,0.502055,0.502055,0.551147,-0.0949695
21,1.7695,0.475707,0.505279,0.505279,0.563932,-1.24109
21,2.1234,0.525211,0.506589,0.506589,0.572248,-0.66168
21,2.4773,0.629782,0.507122,0.507122,0.577657,0.733258
21,2.8312,0.521434,0.507339,0.507339,0.581176,-0.840418
21,3.1851,0.572654,0.507427,0.507427,0.583465,-0.15208
21,3.539,0.49315,0.507463,0.507463,0.584953,-1.29143
21,3.8929,0.631682,0.507477,0.507477,0.585922,0.64373
21,4.2468,0.545157,0.507483,0.507483,0.586552,-0.582319
21,4.6007,0.660973,0.507486,0.507486,0.586962,1.04115
21,4.9546,0.567624,0.507486,0.507486,0.587228,-0.275778
21,5.3085,0.567293,0.507487,0.507487,0.587401,-0.28287
21,5.6624,0.551615,0.507487,0.507487,0.587514,-0.505003
21,6.0162,0.564639,0.507487,0.507487,0.587587,-0.322825
21,6.3701,0.538207,0.507487,0.507487,0.587635,-0.695326
21,6.724,0.602325,0.507487,0.507487,0.587666,0.206212
21,7.0779,0.531631,0.507487,0.507487,0.587686,-0.788549
21,7.4318,0.608351,0.507487,0.507487,0.5877,0.290506
21,7.7857,0.721842,0.507487,0.507487,0.587708,1.88692
21,8.1396,0.576786,0.507487,0.507487,0.587714,-0.153728
21,8.4935,0.551892,0.507487,0.507487,0.587717,-0.503964
21,8.8474,0.52948,0.507487,0.507487,0.58772,-0.819273
21,9.2013,0.56075,0.507487,0.507487,0.587721,-0.379408
21,9.5552,0.624891,0.507487,0.507487,0.587722,0.522864
21,9.9091,0.713558,0.507487,0.507487,0.587723,1.77017
21,10.263,0.614182,0.507487,0.507487,0.587723,0.372207
21,10.6169,0.58006,0.507487,0.507487,0.587723,-0.107804
21,10.9708,0.621009,0.507487,0.507487,0.587724,0.468242
21,11.3247,0.660908,0.507487,0.507487,0.587724,1.02951
21,11.6786,0.624099,0.507487,0.507487,0.587724,0.511704
21,12.0325,0.608044,0.507487,0.507487,0.587724,0.285848
21,12.3863,0.566183,0.507487,0.507487,0.587724,-0.30302
21,12.7402,0.5973,0.507487,0.507487,0.587724,0.134704
21,13.0941,0.576165,0.507487,0.507487,0.587724,-0.1626
21,13.448,0.614599,0.507487,0.507487,0.587724,0.378066
21,13.8019,0.622101,0.507487,0.507487,0.587724,0.483589
21,14.1558,0.623463,0.507487,0.507487,0.587724,0.502757
21,14.5097,0.610609,0.507487,0.507487,0.587724,0.321934
21,14.8636,0.557904,0.507487,0.507487,0.587724,-0.419483
21,15.2175,0.508554,0.507487,0.507487,0.587724,-1.11371
21,15.5714,0.607307,0.507487,0.507487,0.587724,0.275478
21,15.9253,0.711913,0.507487,0.507487,0.587724,1.74701
21,16.2792,0.663961,0.507487,0.507487,0.587724,1.07246
21,16.6331,0.595202,0.507487,0.507487,0.587724,0.105202
21,16.987,0.557028,0.507487,0.507487,0.587724,-0.431808
21,17.3409,0.599396,0.507487,0.507487,0.587724,0.164194
30,0,0.245638,0,0,0,3.45547
30,0.3539,0.361003,0.426624,0.426624,0.439746,-1.10771
30,0.7078,0.434441,0.474615,0.474615,0.486273,-0.729137
30,1.0617,0.530697,0.494124,0.494124,0.514156,0.232685
30,1.4156,0.460521,0.502055,0.502055,0.530866,-0.989573
30,1.7695,0.5524,0.505279,0.505279,0.540881,0.162042
30,2.1234,0.45132,0.506589,0.506589,0.546882,-1.34431
30,2.4773,0.561656,0.507122,0.507122,0.550479,0.15723
30,2.8312,0.520172,0.507339,0.507339,0.552635,-0.456672
30,3.1851,0.529795,0.507427,0.507427,0.553927,-0.339471
30,3.539,0.499976,0.507463,0.507463,0.554701,-0.769829
30,3.8929,0.503086,0.507477,0.507477,0.555165,-0.732616
30,4.2468,0.501296,0.507483,0.507483,0.555443,-0.761707
30,4.6007,0.497109,0.507486,0.507486,0.555609,-0.82294
30,4.9546,0.533381,0.507486,0.507486,0.555709,-0.314099
30,5.3085,0.502001,0.507487,0.507487,0.555769,-0.756372
30,5.6624,0.505465,0.507487,0.507487,0.555805,-0.708153
30,6.0162,0.580878,0.507487,0.507487,0.555827,0.352403
30,6.3701,0.563436,0.507487,0.507487,0.555839,0.106864
30,6.724,0.603426,0.507487,0.507487,0.555847,0.669308
30,7.0779,0.6233,0.507487,0.507487,0.555852,0.948816
30,7.4318,0.554644,0.507487,0.507487,0.555855,-0.017033
30,7.7857,0.562023,0.507487,0.507487,0.555856,0.0867497
30,8.1396,0.620204,0.507487,0.507487,0.555857,0.905194
30,8.4935,0.524231,0.507487,0.507487,0.555858,-0.4449
30,8.8474,0.559523,0.507487,0.507487,0.555858,0.0515546
30,9.2013,0.5639,0.507487,0.507487,0.555858,0.113123
30,9.5552,0.615604,0.507487,0.507487,0.555858,0.840468
30,9.9091,0.523768,0.507487,0.507487,0.555859,-0.451429
30,10.263,0.625721,0.507487,0.507487,0.555859,0.982779
30,10.6169,0.568568,0.507487,0.507487,0.555859,0.178788
30,10.9708,0.626728,0.507487,0.507487,0.555859,0.996946
30,11.3247,0.541299,0.507487,0.507487,0.555859,-0.204813
30,11.6786,0.511195,0.507487,0.507487,0.555859,-0.628306
30,12.0325,0.53778,0.507487,0.507487,0.555859,-0.254313
30,12.3863,0.558979,0.507487,0.507487,0.555859,0.0439012
30,12.7402,0.682404,0.507487,0.507487,0.555859,1.78015
30,13.0941,0.53654,0.507487,0.507487,0.555859,-0.271758
30,13.448,0.542387,0.507487,0.507487,0.555859,-0.189515
30,13.8019,0.645296,0.507487,0.507487,0.555859,1.25815
30,14.1558,0.580765,0.507487,0.507487,0.555859,0.350359
30,14.5097,0.670369,0.507487,0.507487,0.555859,1.61086
30,14.8636,0.654047,0.507487,0.507487,0.555859,1.38125
30,15.2175,0.58159,0.507487,0.507487,0.555859,0.361971
30,15.5714,0.572921,0.507487,0.507487,0.555859,0.240023
30,15.9253,0.545111,0.507487,0.507487,0.555859,-0.151196
30,16.2792,0.614084,0.507487,0.507487,0.555859,0.81907
30,16.6331,0.582265,0.507487,0.507487,0.555859,0.371469
30,16.987,0.617321,0.507487,0.507487,0.555859,0.864607
30,17.3409,0.536816,0.507487,0.507487,0.555859,-0.267876
31,0,0.321965,0,0,0,4.52919
31,0.3539,0.400769,0.426624,0.426624,0.329641,1.00059
31,0.7078,0.372533,0.474615,0.474615,0.337994,0.485872
31,1.0617,0.332013,0.494124,0.494124,0.338593,-0.0925712
31,1.4156,0.32873,0.502055,0.502055,0.338636,-0.139356
31,1.7695,0.424917,0.505279,0.505279,0.338639,1.2137
31,2.1234,0.317416,0.506589,0.506589,0.338639,-0.298552
31,2.4773,0.332809,0.507122,0.507122,0.338639,-0.0820171
31,2.8312,0.341996,0.507339,0.507339,0.338639,0.047221
31,3.1851,0.360575,0.507427,0.507427,0.338639,0.30857
31,3.539,0.335063,0.507463,0.507463,0.338639,-0.0503117
31,3.8929,0.363456,0.507477,0.507477,0.338639,0.349101
31,4.2468,0.422311,0.507483,0.507483,0.338639,1.17704
31,4.6007,0.380148,0.507486,0.507486,0.338639,0.583914
31,4.9546,0.325436,0.507486,0.507486,0.338639,-0.185742
31,5.3085,0.389014,0.507487,0.507487,0.338639,0.708641
31,5.6624,0.332878,0.507487,0.507487,0.338639,-0.0810482
31,6.0162,0.328509,0.507487,0.507487,0.338639,-0.142504
31,6.3701,0.306295,0.507487,0.507487,0.338639,-0.455008
31,6.724,0.336334,0.507487,0.507487,0.338639,-0.0324387
31,7.0779,0.331116,0.507487,0.507487,0.338639,-0.105839
31,7.4318,0.333212,0.507487,0.507487,0.338639,-0.0763435
31,7.7857,0.39802,0.507487,0.507487,0.338639,0.835333
31,8.1396,0.328604,0.507487,0.507487,0.338639,-0.141176
31,8.4935,0.329431,0.507487,0.507487,0.338639,-0.129543
31,8.8474,0.274046,0.507487,0.507487,0.338639,-0.908665
31,9.2013,0.290062,0.507487,0.507487,0.338639,-0.683356
31,9.5552,0.337782,0.507487,0.507487,0.338639,-0.0120666
31,9.9091,0.321363,0.507487,0.507487,0.338639,-0.243037
31,10.263,0.320897,0.507487,0.507487,0.338639,-0.249589
31,10.6169,0.277288,0.507487,0.507487,0.338639,-0.863059
31,10.9708,0.321115,0.507487,0.507487,0.338639,-0.246521
31,11.3247,0.398082,0.507487,0.507487,0.338639,0.836204
31,11.6786,0.307707,0.507487,0.507487,0.338639,-0.435136
31,12.0325,0.298192,0.507487,0.507487,0.338639,-0.568985
31,12.3863,0.337365,0.507487,0.507487,0.338639,-0.0179286
31,12.7402,0.327272,0.507487,0.507487,0.338639,-0.159909
31,13.0941,0.303162,0.507487,0.507487,0.338639,-0.499076
31,13.448,0.298681,0.507487,0.507487,0.338639,-0.562115
31,13.8019,0.272884,0.507487,0.507487,0.338639,-0.925007
31,14.1558,0.312825,0.507487,0.507487,0.338639,-0.363142
31,14.5097,0.294967,0.507487,0.507487,0.338639,-0.614363
31,14.8636,0.395391,0.507487,0.507487,0.338639,0.79835
31,15.2175,0.377958,0.507487,0.507487,0.338639,0.553104
31,15.5714,0.280829,0.507487,0.507487,0.338639,-0.813234
31,15.9253,0.252944,0.507487,0.507487,0.338639,-1.20551
31,16.2792,0.314898,0.507487,0.507487,0.338639,-0.333982
31,16.6331,0.279641,0.507487,0.507487,0.338639,-0.829952
31,16.987,0.357897,0.507487,0.507487,0.338639,0.2709
31,17.3409,0.350057,0.507487,0.507487,0.338639,0.160611
32,0,0.406006,0,0,0,5.71143
32,0.3539,0.414053,0.426624,0.426624,0.42889,-0.208717
32,0.7078,0.540339,0.474615,0.474615,0.476897,0.892457
32,1.0617,0.543244,0.494124,0.494124,0.495319,0.674175
32,1.4156,0.492397,0.502055,0.502055,0.502388,-0.140542
32,1.7695,0.539296,0.505279,0.505279,0.5051,0.481047
32,2.1234,0.546745,0.506589,0.506589,0.506141,0.571187
32,2.4773,0.558564,0.507122,0.507122,0.50654,0.731835
32,2.8312,0.428217,0.507339,0.507339,0.506693,-1.10395
32,3.1851,0.459235,0.507427,0.507427,0.506752,-0.668436
32,3.539,0.585513,0.507463,0.507463,0.506775,1.10763
32,3.8929,0.535423,0.507477,0.507477,0.506784,0.402877
32,4.2468,0.424249,0.507483,0.507483,0.506787,-1.16109
32,4.6007,0.548235,0.507486,0.507486,0.506788,0.583041
32,4.9546,0.494828,0.507486,0.507486,0.506789,-0.168251
32,5.3085,0.538728,0.507487,0.507487,0.506789,0.449295
32,5.6624,0.493424,0.507487,0.507487,0.506789,-0.188002
32,6.0162,0.640197,0.507487,0.507487,0.506789,1.8767
32,6.3701,0.563568,0.507487,0.507487,0.506789,0.798733
32,6.724,0.594536,0.507487,0.507487,0.506789,1.23437
32,7.0779,0.504233,0.507487,0.507487,0.506789,-0.035956
32,7.4318,0.551757,0.507487,0.507487,0.506789,0.632582
32,7.7857,0.530404,0.507487,0.507487,0.506789,0.3322
32,8.1396,0.533425,0.507487,0.507487,0.506789,0.374701
32,8.4935,0.516316,0.507487,0.507487,0.506789,0.134018
32,8.8474,0.510916,0.507487,0.507487,0.506789,0.0580559
32,9.2013,0.510064,0.507487,0.507487,0.506789,0.0460741
32,9.5552,0.484557,0.507487,0.507487,0.506789,-0.312745
32,9.9091,0.417131,0.507487,0.507487,0.506789,-1.26125
32,10.263,0.514285,0.507487,0.507487,0.506789,0.105446
32,10.6169,0.517728,0.507487,0.507487,0.506789,0.153882
32,10.9708,0.516358,0.507487,0.507487,0.506789,0.134608
32,11.3247,0.491933,0.507487,0.507487,0.506789,-0.208986
32,11.6786,0.476308,0.507487,0.507487,0.506789,-0.428781
32,12.0325,0.46046,0.507487,0.507487,0.506789,-0.651729
32,12.3863,0.496896,0.507487,0.507487,0.506789,-0.139164
32,12.7402,0.452572,0.507487,0.507487,0.506789,-0.762687
32,13.0941,0.548483,0.507487,0.507487,0.506789,0.58652
32,13.448,0.385951,0.507487,0.507487,0.506789,-1.69987
32,13.8019,0.502474,0.507487,0.507487,0.506789,-0.0607051
32,14.1558,0.509021,0.507487,0.507487,0.506789,0.0314033
32,14.5097,0.513182,0.507487,0.507487,0.506789,0.0899294
32,14.8636,0.493862,0.507487,0.507487,0.506789,-0.181841
32,15.2175,0.482927,0.507487,0.507487,0.506789,-0.33567
32,15.5714,0.446977,0.507487,0.507487,0.506789,-0.841395
32,15.9253,0.539872,0.507487,0.507487,0.506789,0.465397
32,16.2792,0.553612,0.507487,0.507487,0.506789,0.658683
32,16.6331,0.537371,0.507487,0.507487,0.506789,0.430214
32,16.987,0.463456,0.507487,0.507487,0.506789,-0.60958
32,17.3409,0.487236,0.507487,0.507487,0.506789,-0.275052
33,0,0.424911,0,0,0,5.97738
33,0.3539,0.490144,0.426624,0.426624,0.444783,0.638116
33,0.7078,0.503871,0.474615,0.474615,0.498455,0.0761861
33,1.0617,0.549933,0.494124,0.494124,0.526328,0.33206
33,1.4156,0.505957,0.502055,0.502055,0.540803,-0.490185
33,1.7695,0.494968,0.505279,0.505279,0.54832,-0.750521
33,2.1234,0.514168,0.506589,0.506589,0.552223,-0.535342
33,2.4773,0.615084,0.507122,0.507122,0.554251,0.855767
33,2.8312,0.549732,0.507339,0.507339,0.555303,-0.0783707
33,3.1851,0.534916,0.507427,0.507427,0.55585,-0.294488
33,3.539,0.637335,0.507463,0.507463,0.556134,1.14228
33,3.8929,0.579762,0.507477,0.507477,0.556281,0.330309
33,4.2468,0.499453,0.507483,0.507483,0.556358,-0.800504
33,4.6007,0.475465,0.507486,0.507486,0.556398,-1.1385
33,4.9546,0.575202,0.507486,0.507486,0.556418,0.264233
33,5.3085,0.630558,0.507487,0.507487,0.556429,1.04279
33,5.6624,0.478885,0.507487,0.507487,0.556435,-1.09092
33,6.0162,0.609836,0.507487,0.507487,0.556438,0.751173
33,6.3701,0.471124,0.507487,0.507487,0.556439,-1.20015
33,6.724,0.508995,0.507487,0.507487,0.55644,-0.667418
33,7.0779,0.51328,0.507487,0.507487,0.55644,-0.607146
33,7.4318,0.609902,0.507487,0.507487,0.55644,0.752058
33,7.7857,0.538405,0.507487,0.507487,0.556441,-0.253711
33,8.1396,0.545446,0.507487,0.507487,0.556441,-0.15466
33,8.4935,0.540491,0.507487,0.507487,0.556441,-0.224375
33,8.8474,0.540714,0.507487,0.507487,0.556441,-0.221238
33,9.2013,0.603403,0.507487,0.507487,0.556441,0.660634
33,9.5552,0.72793,0.507487,0.507487,0.556441,2.41241
33,9.9091,0.618736,0.507487,0.507487,0.556441,0.87633
33,10.263,0.603842,0.507487,0.507487,0.556441,0.666811
33,10.6169,0.596249,0.507487,0.507487,0.556441,0.559995
33,10.9708,0.570344,0.507487,0.507487,0.556441,0.195586
33,11.3247,0.510388,0.507487,0.507487,0.556441,-0.647844
33,11.6786,0.561271,0.507487,0.507487,0.556441,0.0679523
33,12.0325,0.548101,0.507487,0.507487,0.556441,-0.117318
33,12.3863,0.578025,0.507487,0.507487,0.556441,0.303632
33,12.7402,0.650065,0.507487,0.507487,0.556441,1.31705
33,13.0941,0.562296,0.507487,0.507487,0.556441,0.0823716
33,13.448,0.614171,0.507487,0.507487,0.556441,0.812115
33,13.8019,0.588816,0.507487,0.507487,0.556441,0.455435
33,14.1558,0.558335,0.507487,0.507487,0.556441,0.026643
33,14.5097,0.576606,0.507487,0.507487,0.556441,0.283675
33,14.8636,0.441196,0.507487,0.507487,0.556441,-1.62119
33,15.2175,0.509517,0.507487,0.507487,0.556441,-0.660094
33,15.5714,0.584583,0.507487,0.507487,0.556441,0.395888
33,15.9253,0.578902,0.507487,0.507487,0.556441,0.315971
33,16.2792,0.570168,0.507487,0.507487,0.556441,0.193104
33,16.6331,0.488306,0.507487,0.507487,0.556441,-0.958477
33,16.987,0.576601,0.507487,0.507487,0.556441,0.283606
33,17.3409,0.580685,0.507487,0.507487,0.556441,0.341052
34,0,0.278637,0,0,0,3.91968
34,0.3539,0.36488,0.426624,0.426624,0.379028,-0.199027
34,0.7078,0.406189,0.474615,0.474615,0.405956,0.00326964
34,1.0617,0.368729,0.494124,0.494124,0.41193,-0.607717
34,1.4156,0.475113,0.502055,0.502055,0.413255,0.87018
34,1.7695,0.44133,0.505279,0.505279,0.413549,0.390807
34,2.1234,0.431468,0.506589,0.506589,0.413614,0.251162
34,2.4773,0.421275,0.507122,0.507122,0.413629,0.107559
34,2.8312,0.373677,0.507339,0.507339,0.413632,-0.562065
34,3.1851,0.395448,0.507427,0.507427,0.413632,-0.255806
34,3.539,0.434903,0.507463,0.507463,0.413633,0.29922
34,3.8929,0.46271,0.507477,0.507477,0.413633,0.69039
34,4.2468,0.396898,0.507483,0.507483,0.413633,-0.235408
34,4.6007,0.382806,0.507486,0.507486,0.413633,-0.433654
34,4.9546,0.453045,0.507486,0.507486,0.413633,0.554425
34,5.3085,0.512771,0.507487,0.507487,0.413633,1.39461
34,5.6624,0.458625,0.507487,0.507487,0.413633,0.632929
34,6.0162,0.433375,0.507487,0.507487,0.413633,0.27772
34,6.3701,0.331658,0.507487,0.507487,0.413633,-1.15317
34,6.724,0.524121,0.507487,0.507487,0.413633,1.55428
34,7.0779,0.403107,0.507487,0.507487,0.413633,-0.148074
34,7.4318,0.359899,0.507487,0.507487,0.413633,-0.755886
34,7.7857,0.414787,0.507487,0.507487,0.413633,0.0162388
34,8.1396,0.441779,0.507487,0.507487,0.413633,0.395942
34,8.4935,0.475266,0.507487,0.507487,0.413633,0.867025
34,8.8474,0.33254,0.507487,0.507487,0.413633,-1.14076
34,9.2013,0.432568,0.507487,0.507487,0.413633,0.266368
34,9.5552,0.373935,0.507487,0.507487,0.413633,-0.558436
34,9.9091,0.408788,0.507487,0.507487,0.413633,-0.0681504
34,10.263,0.366603,0.507487,0.507487,0.413633,-0.661578
34,10.6169,0.382244,0.507487,0.507487,0.413633,-0.44155
34,10.9708,0.41262,0.507487,0.507487,0.413633,-0.0142505
34,11.3247,0.416473,0.507487,0.507487,0.413633,0.0399615
34,11.6786,0.439318,0.507487,0.507487,0.413633,0.361328
34,12.0325,0.381835,0.507487,0.507487,0.413633,-0.447308
34,12.3863,0.329441,0.507487,0.507487,0.413633,-1.18435
34,12.7402,0.408658,0.507487,0.507487,0.413633,-0.06998
34,13.0941,0.361314,0.507487,0.507487,0.413633,-0.735992
34,13.448,0.41204,0.507487,0.507487,0.413633,-0.0224001
34,13.8019,0.435036,0.507487,0.507487,0.413633,0.301088
34,14.1558,0.472918,0.507487,0.507487,0.413633,0.833991
34,14.5097,0.330247,0.507487,0.507487,0.413633,-1.17301
34,14.8636,0.430828,0.507487,0.507487,0.413633,0.241887
34,15.2175,0.387426,0.507487,0.507487,0.413633,-0.368658
34,15.5714,0.486349,0.507487,0.507487,0.413633,1.02293
34,15.9253,0.461205,0.507487,0.507487,0.413633,0.669223
34,16.2792,0.401499,0.507487,0.507487,0.413633,-0.170689
34,16.6331,0.432944,0.507487,0.507487,0.413633,0.271661
34,16.987,0.341711,0.507487,0.507487,0.413633,-1.01175
34,17.3409,0.484551,0.507487,0.507487,0.413633,0.997633
35,0,0.317732,0,0,0,4.46964
35,0.3539,0.422056,0.426624,0.426624,0.451619,-0.415871
35,0.7078,0.557206,0.474615,0.474615,0.50804,0.691648
35,1.0617,0.502514,0.494124,0.494124,0.536816,-0.482542
35,1.4156,0.586397,0.502055,0.502055,0.551493,0.491011
35,1.7695,0.579621,0.505279,0.505279,0.558979,0.290377
35,2.1234,0.474191,0.506589,0.506589,0.562797,-1.24646
35,2.4773,0.572572,0.507122,0.507122,0.564744,0.110111
35,2.8312,0.523815,0.507339,0.507339,0.565738,-0.589739
35,3.1851,0.62065,0.507427,0.507427,0.566244,0.76535
35,3.539,0.478335,0.507463,0.507463,0.566503,-1.24029
35,3.8929,0.582071,0.507477,0.507477,0.566634,0.217147
35,4.2468,0.650199,0.507483,0.507483,0.566702,1.17459
35,4.6007,0.557725,0.507486,0.507486,0.566736,-0.126757
35,4.9546,0.635726,0.507486,0.507486,0.566753,0.970262
35,5.3085,0.542308,0.507487,0.507487,0.566762,-0.344012
35,5.6624,0.507575,0.507487,0.507487,0.566767,-0.832678
35,6.0162,0.630406,0.507487,0.507487,0.566769,0.895205
35,6.3701,0.556866,0.507487,0.507487,0.56677,-0.139331
35,6.724,0.499865,0.507487,0.507487,0.566771,-0.941192
35,7.0779,0.577879,0.507487,0.507487,0.566771,0.156255
35,7.4318,0.513126,0.507487,0.507487,0.566772,-0.754651
35,7.7857,0.528567,0.507487,0.507487,0.566772,-0.537443
35,8.1396,0.542219,0.507487,0.507487,0.566772,-0.345385
35,8.4935,0.529792,0.507487,0.507487,0.566772,-0.520205
35,8.8474,0.649048,0.507487,0.507487,0.566772,1.15742
35,9.2013,0.515454,0.507487,0.507487,0.566772,-0.721905
35,9.5552,0.560999,0.507487,0.507487,0.566772,-0.0812125
35,9.9091,0.613549,0.507487,0.507487,0.566772,0.658029
35,10.263,0.60328,0.507487,0.507487,0.566772,0.513582
35,10.6169,0.646748,0.507487,0.507487,0.566772,1.12505
35,10.9708,0.521664,0.507487,0.507487,0.566772,-0.634551
35,11.3247,0.667157,0.507487,0.507487,0.566772,1.41216
35,11.6786,0.630875,0.507487,0.507487,0.566772,0.90177
35,12.0325,0.562603,0.507487,0.507487,0.566772,-0.0586354
35,12.3863,0.585534,0.507487,0.507487,0.566772,0.263931
35,12.7402,0.687768,0.507487,0.507487,0.566772,1.7021
35,13.0941,0.569542,0.507487,0.507487,0.566772,0.0389742
35,13.448,0.511425,0.507487,0.507487,0.566772,-0.778587
35,13.8019,0.509199,0.507487,0.507487,0.566772,-0.809888
35,14.1558,0.47102,0.507487,0.507487,0.566772,-1.34698
35,14.5097,0.447627,0.507487,0.507487,0.566772,-1.67605
35,14.8636,0.555002,0.507487,0.507487,0.566772,-0.165568
35,15.2175,0.530258,0.507487,0.507487,0.566772,-0.51365
35,15.5714,0.648014,0.507487,0.507487,0.566772,1.14286
35,15.9253,0.630028,0.507487,0.507487,0.566772,0.889844
35,16.2792,0.655006,0.507487,0.507487,0.566772,1.24122
35,16.6331,0.573837,0.507487,0.507487,0.566772,0.0993857
35,16.987,0.594544,0.507487,0.507487,0.566772,0.390681
35,17.3409,0.541737,0.507487,0.507487,0.566772,-0.352172
36,0,0.353481,0,0,0,4.97254
36,0.3539,0.407079,0.426624,0.426624,0.433522,-0.371981
36,0.7078,0.52065,0.474615,0.474615,0.483819,0.518111
36,1.0617,0.454684,0.494124,0.494124,0.508786,-0.761068
36,1.4156,0.540962,0.502055,0.502055,0.521179,0.278291
36,1.7695,0.512998,0.505279,0.505279,0.527331,-0.201632
36,2.1234,0.558381,0.506589,0.506589,0.530385,0.393834
36,2.4773,0.452596,0.507122,0.507122,0.531901,-1.1156
36,2.8312,0.52203,0.507339,0.507339,0.532653,-0.149447
36,3.1851,0.467075,0.507427,0.507427,0.533027,-0.927762
36,3.539,0.517769,0.507463,0.507463,0.533212,-0.217242
36,3.8929,0.622672,0.507477,0.507477,0.533304,1.25717
36,4.2468,0.569421,0.507483,0.507483,0.53335,0.507421
36,4.6007,0.547159,0.507486,0.507486,0.533373,0.193933
36,4.9546,0.53049,0.507486,0.507486,0.533384,-0.0407146
36,5.3085,0.530303,0.507487,0.507487,0.533389,-0.0434215
36,5.6624,0.551797,0.507487,0.507487,0.533392,0.258902
36,6.0162,0.535427,0.507487,0.507487,0.533394,0.0286089
36,6.3701,0.557273,0.507487,0.507487,0.533394,0.335909
36,6.724,0.50607,0.507487,0.507487,0.533395,-0.384385
36,7.0779,0.601382,0.507487,0.507487,0.533395,0.956394
36,7.4318,0.467832,0.507487,0.507487,0.533395,-0.922301
36,7.7857,0.508087,0.507487,0.507487,0.533395,-0.356015
36,8.1396,0.516065,0.507487,0.507487,0.533395,-0.24379
36,8.4935,0.554329,0.507487,0.507487,0.533395,0.294481
36,8.8474,0.501919,0.507487,0.507487,0.533395,-0.442786
36,9.2013,0.607115,0.507487,0.507487,0.533395,1.03705
36,9.5552,0.591327,0.507487,0.507487,0.533395,0.814949
36,9.9091,0.513544,0.507487,0.507487,0.533395,-0.279247
36,10.263,0.578317,0.507487,0.507487,0.533395,0.631928
36,10.6169,0.4477,0.507487,0.507487,0.533395,-1.2055
36,10.9708,0.563271,0.507487,0.507487,0.533395,0.42028
36,11.3247,0.580155,0.507487,0.507487,0.533395,0.657787
36,11.6786,0.570335,0.507487,0.507487,0.533395,0.519647
36,12.0325,0.535906,0.507487,0.507487,0.533395,0.0353212
36,12.3863,0.556012,0.507487,0.507487,0.533395,0.318161
36,12.7402,0.521515,0.507487,0.507487,0.533395,-0.167116
36,13.0941,0.564033,0.507487,0.507487,0.533395,0.430997
36,13.448,0.531604,0.507487,0.507487,0.533395,-0.0251929
36,13.8019,0.504352,0.507487,0.507487,0.533395,-0.40856
36,14.1558,0.558607,0.507487,0.507487,0.533395,0.35467
36,14.5097,0.51958,0.507487,0.507487,0.533395,-0.194343
36,14.8636,0.540009,0.507487,0.507487,0.533395,0.093042
36,15.2175,0.545789,0.507487,0.507487,0.533395,0.174346
36,15.5714,0.540948,0.507487,0.507487,0.533395,0.106252
36,15.9253,0.645784,0.507487,0.507487,0.533395,1.58101
36,16.2792,0.554446,0.507487,0.507487,0.533395,0.296136
36,16.6331,0.505112,0.507487,0.507487,0.533395,-0.397862
36,16.987,0.493342,0.507487,0.507487,0.533395,-0.563433
36,17.3409,0.482233,0.507487,0.507487,0.533395,-0.719706
37,0,0.483513,0,0,0,6.80174
37,0.3539,0.490156,0.426624,0.426624,0.486504,0.0513809
37,0.7078,0.575152,0.474615,0.474615,0.555027,0.283113
37,1.0617,0.715132,0.494124,0.494124,0.592655,1.72294
37,1.4156,0.550105,0.502055,0.502055,0.613318,-0.889236
37,1.7695,0.634727,0.505279,0.505279,0.624664,0.141556
37,2.1234,0.637146,0.506589,0.506589,0.630895,0.0879386
37,2.4773,0.648222,0.507122,0.507122,0.634317,0.195613
37,2.8312,0.787139,0.507339,0.507339,0.636196,2.12337
37,3.1851,0.687924,0.507427,0.507427,0.637227,0.713172
37,3.539,0.672332,0.507463,0.507463,0.637794,0.485862
37,3.8929,0.704123,0.507477,0.507477,0.638105,0.928689
37,4.2468,0.657791,0.507483,0.507483,0.638276,0.274526
37,4.6007,0.633567,0.507486,0.507486,0.63837,-0.0675622
37,4.9546,0.706787,0.507486,0.507486,0.638421,0.961726
37,5.3085,0.66517,0.507487,0.507487,0.63845,0.375889
37,5.6624,0.556792,0.507487,0.507487,0.638465,-1.14893
37,6.0162,0.588693,0.507487,0.507487,0.638474,-0.700281
37,6.3701,0.583676,0.507487,0.507487,0.638478,-0.77092
37,6.724,0.690749,0.507487,0.507487,0.638481,0.735278
37,7.0779,0.628995,0.507487,0.507487,0.638482,-0.133466
37,7.4318,0.606117,0.507487,0.507487,0.638483,-0.455307
37,7.7857,0.617206,0.507487,0.507487,0.638484,-0.299325
37,8.1396,0.576409,0.507487,0.507487,0.638484,-0.873235
37,8.4935,0.658191,0.507487,0.507487,0.638484,0.277221
37,8.8474,0.592094,0.507487,0.507487,0.638484,-0.652592
37,9.2013,0.695554,0.507487,0.507487,0.638484,0.802816
37,9.5552,0.719735,0.507487,0.507487,0.638484,1.14299
37,9.9091,0.616591,0.507487,0.507487,0.638484,-0.307974
37,10.263,0.750008,0.507487,0.507487,0.638484,1.56885
37,10.6169,0.640113,0.507487,0.507487,0.638484,0.0229103
37,10.9708,0.724152,0.507487,0.507487,0.638484,1.20512
37,11.3247,0.599925,0.507487,0.507487,0.638484,-0.542428
37,11.6786,0.599808,0.507487,0.507487,0.638484,-0.544071
37,12.0325,0.643054,0.507487,0.507487,0.638484,0.0642845
37,12.3863,0.763967,0.507487,0.507487,0.638484,1.76521
37,12.7402,0.634541,0.507487,0.507487,0.638484,-0.0554631
37,13.0941,0.616371,0.507487,0.507487,0.638484,-0.311067
37,13.448,0.651874,0.507487,0.507487,0.638484,0.188355
37,13.8019,0.614945,0.507487,0.507487,0.638484,-0.331131
37,14.1558,0.638387,0.507487,0.507487,0.638484,-0.00137037
37,14.5097,0.619441,0.507487,0.507487,0.638484,-0.267892
37,14.8636,0.629484,0.507487,0.507487,0.638484,-0.126602
37,15.2175,0.681885,0.507487,0.507487,0.638484,0.610541
37,15.5714,0.641253,0.507487,0.507487,0.638484,0.0389518
37,15.9253,0.612912,0.507487,0.507487,0.638484,-0.359726
37,16.2792,0.574796,0.507487,0.507487,0.638484,-0.895929
37,16.6331,0.614094,0.507487,0.507487,0.638484,-0.343099
37,16.987,0.543039,0.507487,0.507487,0.638484,-1.34266
37,17.3409,0.659982,0.507487,0.507487,0.638484,0.302422
38,0,0.378132,0,0,0,5.31932
38,0.3539,0.407155,0.426624,0.426624,0.423044,-0.223522
38,0.7078,0.473188,0.474615,0.474615,0.470117,0.0432045
38,1.0617,0.480302,0.494124,0.494124,0.492279,-0.168487
38,1.4156,0.449082,0.502055,0.502055,0.502713,-0.754444
38,1.7695,0.503037,0.505279,0.505279,0.507626,-0.0645505
38,2.1234,0.567632,0.506589,0.506589,0.509939,0.811599
38,2.4773,0.479045,0.507122,0.507122,0.511028,-0.449905
38,2.8312,0.51913,0.507339,0.507339,0.51154,0.106766
38,3.1851,0.556198,0.507427,0.507427,0.511782,0.624817
38,3.539,0.43386,0.507463,0.507463,0.511895,-1.09775
38,3.8929,0.508662,0.507477,0.507477,0.511949,-0.0462292
38,4.2468,0.505684,0.507483,0.507483,0.511974,-0.0884794
38,4.6007,0.606399,0.507486,0.507486,0.511986,1.32815
38,4.9546,0.470238,0.507486,0.507486,0.511991,-0.58736
38,5.3085,0.535738,0.507487,0.507487,0.511994,0.334019
38,5.6624,0.578742,0.507487,0.507487,0.511995,0.938957
38,6.0162,0.502843,0.507487,0.507487,0.511996,-0.128754
38,6.3701,0.459044,0.507487,0.507487,0.511996,-0.744898
38,6.724,0.510946,0.507487,0.507487,0.511996,-0.0147731
38,7.0779,0.467162,0.507487,0.507487,0.511996,-0.630705
38,7.4318,0.555529,0.507487,0.507487,0.511996,0.612385
38,7.7857,0.539753,0.507487,0.507487,0.511996,0.390464
38,8.1396,0.601057,0.507487,0.507487,0.511996,1.25285
38,8.4935,0.461204,0.507487,0.507487,0.511996,-0.714521
38,8.8474,0.565169,0.507487,0.507487,0.511996,0.748002
38,9.2013,0.588438,0.507487,0.507487,0.511996,1.07533
38,9.5552,0.586974,0.507487,0.507487,0.511996,1.05474
38,9.9091,0.449958,0.507487,0.507487,0.511996,-0.872712
38,10.263,0.537126,0.507487,0.507487,0.511996,0.353509
38,10.6169,0.486296,0.507487,0.507487,0.511996,-0.361534
38,10.9708,0.434877,0.507487,0.507487,0.511996,-1.08487
38,11.3247,0.47436,0.507487,0.507487,0.511996,-0.529442
38,11.6786,0.54785,0.507487,0.507487,0.511996,0.504367
38,12.0325,0.468135,0.507487,0.507487,0.511996,-0.617007
38,12.3863,0.440704,0.507487,0.507487,0.511996,-1.00289
38,12.7402,0.576194,0.507487,0.507487,0.511996,0.90309
38,13.0941,0.453161,0.507487,0.507487,0.511996,-0.827656
38,13.448,0.565335,0.507487,0.507487,0.511996,0.750332
38,13.8019,0.614169,0.507487,0.507487,0.511996,1.4373
38,14.1558,0.509184,0.507487,0.507487,0.511996,-0.0395647
38,14.5097,0.447146,0.507487,0.507487,0.511996,-0.912278
38,14.8636,0.534414,0.507487,0.507487,0.511996,0.315355
38,15.2175,0.447514,0.507487,0.507487,0.511996,-0.907089
38,15.5714,0.573061,0.507487,0.507487,0.511996,0.859019
38,15.9253,0.532697,0.507487,0.507487,0.511996,0.291198
38,16.2792,0.545241,0.507487,0.507487,0.511996,0.467667
38,16.6331,0.501186,0.507487,0.507487,0.511996,-0.152073
38,16.987,0.483985,0.507487,0.507487,0.511996,-0.394051
38,17.3409,0.555032,0.507487,0.507487,0.511996,0.605398
39,0,0.36518,0,0,0,5.13712
39,0.3539,0.451593,0.426624,0.426624,0.402193,0.694924
39,0.7078,0.424116,0.474615,0.474615,0.441301,-0.241758
39,1.0617,0.451136,0.494124,0.494124,0.454758,-0.0509565
39,1.4156,0.387146,0.502055,0.502055,0.459389,-1.01626
39,1.7695,0.470367,0.505279,0.505279,0.460982,0.132022
39,2.1234,0.511536,0.506589,0.506589,0.46153,0.703452
39,2.4773,0.480666,0.507122,0.507122,0.461719,0.266535
39,2.8312,0.4589,0.507339,0.507339,0.461784,-0.0405721
39,3.1851,0.41329,0.507427,0.507427,0.461806,-0.682492
39,3.539,0.479575,0.507463,0.507463,0.461814,0.24985
39,3.8929,0.449826,0.507477,0.507477,0.461817,-0.16868
39,4.2468,0.468681,0.507483,0.507483,0.461817,0.0965484
39,4.6007,0.505695,0.507486,0.507486,0.461818,0.617238
39,4.9546,0.499005,0.507486,0.507486,0.461818,0.523125
39,5.3085,0.51675,0.507487,0.507487,0.461818,0.772748
39,5.6624,0.493566,0.507487,0.507487,0.461818,0.446618
39,6.0162,0.539859,0.507487,0.507487,0.461818,1.09783
39,6.3701,0.5368,0.507487,0.507487,0.461818,1.0548
39,6.724,0.494693,0.507487,0.507487,0.461818,0.462467
39,7.0779,0.469982,0.507487,0.507487,0.461818,0.114852
39,7.4318,0.500343,0.507487,0.507487,0.461818,0.541952
39,7.7857,0.5029,0.507487,0.507487,0.461818,0.57791
39,8.1396,0.457262,0.507487,0.507487,0.461818,-0.0640922
39,8.4935,0.490548,0.507487,0.507487,0.461818,0.404154
39,8.8474,0.449094,0.507487,0.507487,0.461818,-0.178988
39,9.2013,0.501517,0.507487,0.507487,0.461818,0.558461
39,9.5552,0.538233,0.507487,0.507487,0.461818,1.07496
39,9.9091,0.439751,0.507487,0.507487,0.461818,-0.310427
39,10.263,0.431439,0.507487,0.507487,0.461818,-0.427348
39,10.6169,0.382868,0.507487,0.507487,0.461818,-1.11062
39,10.9708,0.454689,0.507487,0.507487,0.461818,-0.100279
39,11.3247,0.402653,0.507487,0.507487,0.461818,-0.832292
39,11.6786,0.424665,0.507487,0.507487,0.461818,-0.522641
39,12.0325,0.429894,0.507487,0.507487,0.461818,-0.44909
39,12.3863,0.465728,0.507487,0.507487,0.461818,0.0550001
39,12.7402,0.443395,0.507487,0.507487,0.461818,-0.259163
39,13.0941,0.472778,0.507487,0.507487,0.461818,0.154184
39,13.448,0.46341,0.507487,0.507487,0.461818,0.0223942
39,13.8019,0.458382,0.507487,0.507487,0.461818,-0.0483295
39,14.1558,0.408038,0.507487,0.507487,0.461818,-0.756537
39,14.5097,0.45654,0.507487,0.507487,0.461818,-0.0742459
39,14.8636,0.449426,0.507487,0.507487,0.461818,-0.174326
39,15.2175,0.469354,0.507487,0.507487,0.461818,0.106012
39,15.5714,0.412461,0.507487,0.507487,0.461818,-0.694318
39,15.9253,0.505057,0.507487,0.507487,0.461818,0.608256
39,16.2792,0.430365,0.507487,0.507487,0.461818,-0.442462
39,16.6331,0.474257,0.507487,0.507487,0.461818,0.174982
39,16.987,0.415679,0.507487,0.507487,0.461818,-0.649052
39,17.3409,0.474023,0.507487,0.507487,0.461818,0.17169
22,0,0.504777,0,0,0,7.10087
22,0.3539,0.527446,0.426624,0.426624,0.519852,0.106835
22,0.7078,0.645802,0.474615,0.474615,0.594826,0.7171
22,1.0617,0.665122,0.494124,0.494124,0.622785,0.595572
22,1.4156,0.665611,0.502055,0.502055,0.633211,0.455784
22,1.7695,0.630673,0.505279,0.505279,0.637099,-0.0903967
22,2.1234,0.704934,0.506589,0.506589,0.638548,0.933872
22,2.4773,0.619434,0.507122,0.507122,0.639089,-0.276491
22,2.8312,0.68351,0.507339,0.507339,0.639291,0.622048
22,3.1851,0.622728,0.507427,0.507427,0.639366,-0.234048
22,3.539,0.574875,0.507463,0.507463,0.639394,-0.907606
22,3.8929,0.758825,0.507477,0.507477,0.639404,1.67993
22,4.2468,0.607933,0.507483,0.507483,0.639408,-0.442768
22,4.6007,0.644497,0.507486,0.507486,0.63941,0.071568
22,4.9546,0.716886,0.507486,0.507486,0.63941,1.08988
22,5.3085,0.679056,0.507487,0.507487,0.639411,0.557703
22,5.6624,0.683243,0.507487,0.507487,0.639411,0.616612
22,6.0162,0.63458,0.507487,0.507487,0.639411,-0.067958
22,6.3701,0.615482,0.507487,0.507487,0.639411,-0.336616
22,6.724,0.71009,0.507487,0.507487,0.639411,0.99427
22,7.0779,0.667345,0.507487,0.507487,0.639411,0.392968
22,7.4318,0.623899,0.507487,0.507487,0.639411,-0.218214
22,7.7857,0.615691,0.507487,0.507487,0.639411,-0.33368
22,8.1396,0.713554,0.507487,0.507487,0.639411,1.04301
22,8.4935,0.712192,0.507487,0.507487,0.639411,1.02384
22,8.8474,0.717003,0.507487,0.507487,0.639411,1.09152
22,9.2013,0.626526,0.507487,0.507487,0.639411,-0.181254
22,9.5552,0.661995,0.507487,0.507487,0.639411,0.317697
22,9.9091,0.550947,0.507487,0.507487,0.639411,-1.24445
22,10.263,0.641918,0.507487,0.507487,0.639411,0.0352663
22,10.6169,0.588582,0.507487,0.507487,0.639411,-0.715024
22,10.9708,0.730997,0.507487,0.507487,0.639411,1.28838
22,11.3247,0.623096,0.507487,0.507487,0.639411,-0.229506
22,11.6786,0.64834,0.507487,0.507487,0.639411,0.125608
22,12.0325,0.648753,0.507487,0.507487,0.639411,0.131416
22,12.3863,0.662039,0.507487,0.507487,0.639411,0.318321
22,12.7402,0.644509,0.507487,0.507487,0.639411,0.0717167
22,13.0941,0.549478,0.507487,0.507487,0.639411,-1.26512
22,13.448,0.651058,0.507487,0.507487,0.639411,0.163847
22,13.8019,0.574761,0.507487,0.507487,0.639411,-0.909452
22,14.1558,0.588414,0.507487,0.507487,0.639411,-0.717389
22,14.5097,0.601763,0.507487,0.507487,0.639411,-0.529604
22,14.8636,0.619106,0.507487,0.507487,0.639411,-0.285636
22,15.2175,0.635568,0.507487,0.507487,0.639411,-0.0540601
22,15.5714,0.620069,0.507487,0.507487,0.639411,-0.272084
22,15.9253,0.603966,0.507487,0.507487,0.639411,-0.498615
22,16.2792,0.586097,0.507487,0.507487,0.639411,-0.749987
22,16.6331,0.674596,0.507487,0.507487,0.639411,0.494971
22,16.987,0.702566,0.507487,0.507487,0.639411,0.888433
22,17.3409,0.54624,0.507487,0.507487,0.639411,-1.31067
40,0,0.467872,0,0,0,6.58172
40,0.3539,0.582672,0.426624,0.426624,0.466072,1.64026
40,0.7078,0.595196,0.474615,0.474615,0.527274,0.955486
40,1.0617,0.552522,0.494124,0.494124,0.553475,-0.0134188
40,1.4156,0.569765,0.502055,0.502055,0.564692,0.0713569
40,1.7695,0.530828,0.505279,0.505279,0.569494,-0.543931
40,2.1234,0.560839,0.506589,0.506589,0.57155,-0.150682
40,2.4773,0.520639,0.507122,0.507122,0.57243,-0.728564
40,2.8312,0.611021,0.507339,0.507339,0.572807,0.537569
40,3.1851,0.573941,0.507427,0.507427,0.572968,0.013679
40,3.539,0.610037,0.507463,0.507463,0.573038,0.520481
40,3.8929,0.508317,0.507477,0.507477,0.573067,-0.910865
40,4.2468,0.602964,0.507483,0.507483,0.57308,0.420385
40,4.6007,0.595343,0.507486,0.507486,0.573085,0.313104
40,4.9546,0.601168,0.507486,0.507486,0.573088,0.395017
40,5.3085,0.573344,0.507487,0.507487,0.573089,0.003593
40,5.6624,0.615017,0.507487,0.507487,0.573089,0.589814
40,6.0162,0.62127,0.507487,0.507487,0.573089,0.677772
40,6.3701,0.536342,0.507487,0.507487,0.573089,-0.516939
40,6.724,0.604856,0.507487,0.507487,0.573089,0.446868
40,7.0779,0.6331,0.507487,0.507487,0.573089,0.844195
40,7.4318,0.590448,0.507487,0.507487,0.573089,0.244194
40,7.7857,0.625737,0.507487,0.507487,0.573089,0.740622
40,8.1396,0.629211,0.507487,0.507487,0.573089,0.789479
40,8.4935,0.601076,0.507487,0.507487,0.573089,0.393703
40,8.8474,0.648744,0.507487,0.507487,0.573089,1.06426
40,9.2013,0.582186,0.507487,0.507487,0.573089,0.127974
40,9.5552,0.569882,0.507487,0.507487,0.573089,-0.0451233
40,9.9091,0.548232,0.507487,0.507487,0.573089,-0.349679
40,10.263,0.590264,0.507487,0.507487,0.573089,0.241604
40,10.6169,0.658174,0.507487,0.507487,0.573089,1.19692
40,10.9708,0.595454,0.507487,0.507487,0.573089,0.314606
40,11.3247,0.62865,0.507487,0.507487,0.573089,0.781587
40,11.6786,0.551868,0.507487,0.507487,0.573089,-0.298533
40,12.0325,0.6348,0.507487,0.507487,0.573089,0.868113
40,12.3863,0.574944,0.507487,0.507487,0.573089,0.0260863
40,12.7402,0.536555,0.507487,0.507487,0.573089,-0.513947
40,13.0941,0.586398,0.507487,0.507487,0.573089,0.187218
40,13.448,0.48189,0.507487,0.507487,0.573089,-1.28293
40,13.8019,0.511887,0.507487,0.507487,0.573089,-0.860958
40,14.1558,0.538534,0.507487,0.507487,0.573089,-0.486095
40,14.5097,0.569109,0.507487,0.507487,0.573089,-0.0559854
40,14.8636,0.492475,0.507487,0.507487,0.573089,-1.13403
40,15.2175,0.557291,0.507487,0.507487,0.573089,-0.222243
40,15.5714,0.569257,0.507487,0.507487,0.573089,-0.0539086
40,15.9253,0.609091,0.507487,0.507487,0.573089,0.506454
40,16.2792,0.573012,0.507487,0.507487,0.573089,-0.001082
40,16.6331,0.522435,0.507487,0.507487,0.573089,-0.712577
40,16.987,0.573224,0.507487,0.507487,0.573089,0.0019018
40,17.3409,0.57142,0.507487,0.507487,0.573089,-0.0234823
41,0,0.381764,0,0,0,5.37042
41,0.3539,0.478652,0.426624,0.426624,0.437973,0.572249
41,0.7078,0.412441,0.474615,0.474615,0.490246,-1.09451
41,1.0617,0.568818,0.494124,0.494124,0.514166,0.768799
41,1.4156,0.494334,0.502055,0.502055,0.525113,-0.432969
41,1.7695,0.515733,0.505279,0.505279,0.530122,-0.202407
41,2.1234,0.56638,0.506589,0.506589,0.532414,0.477815
41,2.4773,0.553257,0.507122,0.507122,0.533463,0.278446
41,2.8312,0.495555,0.507339,0.507339,0.533943,-0.540027
41,3.1851,0.597495,0.507427,0.507427,0.534163,0.890917
41,3.539,0.622308,0.507463,0.507463,0.534263,1.23856
41,3.8929,0.588277,0.507477,0.507477,0.534309,0.759186
41,4.2468,0.566862,0.507483,0.507483,0.53433,0.457631
41,4.6007,0.55732,0.507486,0.507486,0.53434,0.323264
41,4.9546,0.622173,0.507486,0.507486,0.534344,1.23552
41,5.3085,0.580198,0.507487,0.507487,0.534346,0.645011
41,5.6624,0.669878,0.507487,0.507487,0.534347,1.90655
41,6.0162,0.609777,0.507487,0.507487,0.534348,1.06109
41,6.3701,0.476329,0.507487,0.507487,0.534348,-0.816168
41,6.724,0.474553,0.507487,0.507487,0.534348,-0.841165
41,7.0779,0.567685,0.507487,0.507487,0.534348,0.468962
41,7.4318,0.523652,0.507487,0.507487,0.534348,-0.150464
41,7.7857,0.482102,0.507487,0.507487,0.534348,-0.734969
41,8.1396,0.463806,0.507487,0.507487,0.534348,-0.992343
41,8.4935,0.529473,0.507487,0.507487,0.534348,-0.068579
41,8.8474,0.518254,0.507487,0.507487,0.534348,-0.226401
41,9.2013,0.53745,0.507487,0.507487,0.534348,0.0436285
41,9.5552,0.450944,0.507487,0.507487,0.534348,-1.17327
41,9.9091,0.545178,0.507487,0.507487,0.534348,0.152351
41,10.263,0.62947,0.507487,0.507487,0.534348,1.33812
41,10.6169,0.498366,0.507487,0.507487,0.534348,-0.50617
41,10.9708,0.523358,0.507487,0.507487,0.534348,-0.154601
41,11.3247,0.500875,0.507487,0.507487,0.534348,-0.470884
41,11.6786,0.555599,0.507487,0.507487,0.534348,0.298948
41,12.0325,0.524241,0.507487,0.507487,0.534348,-0.142179
41,12.3863,0.550429,0.507487,0.507487,0.534348,0.226214
41,12.7402,0.524198,0.507487,0.507487,0.534348,-0.142783
41,13.0941,0.614907,0.507487,0.507487,0.534348,1.13324
41,13.448,0.560869,0.507487,0.507487,0.534348,0.373079
41,13.8019,0.57638,0.507487,0.507487,0.534348,0.591283
41,14.1558,0.515231,0.507487,0.507487,0.534348,-0.268926
41,14.5097,0.594611,0.507487,0.507487,0.534348,0.847741
41,14.8636,0.538053,0.507487,0.507487,0.534348,0.0521121
41,15.2175,0.492047,0.507487,0.507487,0.534348,-0.595063
41,15.5714,0.565427,0.507487,0.507487,0.534348,0.437193
41,15.9253,0.459934,0.507487,0.507487,0.534348,-1.04681
41,16.2792,0.554737,0.507487,0.507487,0.534348,0.28682
41,16.6331,0.530673,0.507487,0.507487,0.534348,-0.0516938
41,16.987,0.412329,0.507487,0.507487,0.534348,-1.71649
41,17.3409,0.488779,0.507487,0.507487,0.534348,-0.641043
42,0,0.358254,0,0,0,5.03969
42,0.3539,0.479753,0.426624,0.426624,0.419721,0.844501
42,0.7078,0.411084,0.474615,0.474615,0.465878,-0.770814
42,1.0616,0.450274,0.494121,0.494121,0.48538,-0.493842
42,1.4155,0.427678,0.502053,0.502053,0.493624,-0.92769
42,1.7694,0.526009,0.505278,0.505278,0.497108,0.406568
42,2.1233,0.456113,0.506589,0.506589,0.49858,-0.597398
42,2.4772,0.52011,0.507122,0.507122,0.499202,0.294131
42,2.8311,0.559577,0.507339,0.507339,0.499465,0.845623
42,3.185,0.450038,0.507427,0.507427,0.499576,-0.696865
42,3.5389,0.513988,0.507463,0.507463,0.499623,0.20208
42,3.8928,0.521206,0.507477,0.507477,0.499642,0.30334
42,4.2467,0.494582,0.507483,0.507483,0.499651,-0.0713035
42,4.6006,0.528956,0.507486,0.507486,0.499654,0.412197
42,4.9545,0.530208,0.507486,0.507486,0.499656,0.429783
42,5.3084,0.495407,0.507487,0.507487,0.499656,-0.059782
42,5.6623,0.582986,0.507487,0.507487,0.499657,1.17223
42,6.0162,0.486067,0.507487,0.507487,0.499657,-0.191177
42,6.3701,0.57671,0.507487,0.507487,0.499657,1.08394
42,6.724,0.522239,0.507487,0.507487,0.499657,0.317664
42,7.0779,0.457951,0.507487,0.507487,0.499657,-0.586685
42,7.4317,0.512263,0.507487,0.507487,0.499657,0.177339
42,7.7856,0.482104,0.507487,0.507487,0.499657,-0.246925
42,8.1395,0.475079,0.507487,0.507487,0.499657,-0.345747
42,8.4934,0.5205,0.507487,0.507487,0.499657,0.293209
42,8.8473,0.618234,0.507487,0.507487,0.499657,1.66806
42,9.2012,0.525742,0.507487,0.507487,0.499657,0.366953
42,9.5551,0.530914,0.507487,0.507487,0.499657,0.439707
42,9.909,0.487082,0.507487,0.507487,0.499657,-0.176903
42,10.2629,0.514783,0.507487,0.507487,0.499657,0.21279
42,10.6168,0.44667,0.507487,0.507487,0.499657,-0.745386
42,10.9707,0.537257,0.507487,0.507487,0.499657,0.528938
42,11.3246,0.575853,0.507487,0.507487,0.499657,1.07188
42,11.6785,0.505773,0.507487,0.507487,0.499657,0.0860421
42,12.0324,0.454068,0.507487,0.507487,0.499657,-0.64132
42,12.3863,0.424056,0.507487,0.507487,0.499657,-1.0635
42,12.7402,0.434935,0.507487,0.507487,0.499657,-0.910468
42,13.0941,0.433094,0.507487,0.507487,0.499657,-0.936362
42,13.448,0.538493,0.507487,0.507487,0.499657,0.546324
42,13.8018,0.470956,0.507487,0.507487,0.499657,-0.403749
42,14.1557,0.511436,0.507487,0.507487,0.499657,0.1657
42,14.5096,0.461858,0.507487,0.507487,0.499657,-0.531734
42,14.8635,0.502601,0.507487,0.507487,0.499657,0.0414091
42,15.2174,0.499071,0.507487,0.507487,0.499657,-0.00823691
42,15.5713,0.465908,0.507487,0.507487,0.499657,-0.474756
42,15.9252,0.449263,0.507487,0.507487,0.499657,-0.708904
42,16.2791,0.537905,0.507487,0.507487,0.499657,0.538048
42,16.633,0.465919,0.507487,0.507487,0.499657,-0.474608
42,16.9869,0.517583,0.507487,0.507487,0.499657,0.25217
42,17.3408,0.546692,0.507487,0.507487,0.499657,0.661654
23,0,0.403307,0,0,0,5.67347
23,0.3539,0.521406,0.426624,0.426624,0.464334,0.802852
23,0.7078,0.499369,0.474615,0.474615,0.52592,-0.373501
23,1.0617,0.623294,0.494124,0.494124,0.555331,0.956055
23,1.4156,0.653355,0.502055,0.502055,0.569377,1.18135
23,1.7695,0.470444,0.505279,0.505279,0.576084,-1.48609
23,2.1234,0.610148,0.506589,0.506589,0.579288,0.434128
23,2.4773,0.662976,0.507122,0.507122,0.580817,1.15575
23,2.8312,0.552779,0.507339,0.507339,0.581548,-0.404711
23,3.1851,0.629577,0.507427,0.507427,0.581897,0.670738
23,3.539,0.571034,0.507463,0.507463,0.582064,-0.155158
23,3.8929,0.629337,0.507477,0.507477,0.582143,0.663889
23,4.2468,0.668039,0.507483,0.507483,0.582181,1.20779
23,4.6007,0.655935,0.507486,0.507486,0.582199,1.03727
23,4.9546,0.564655,0.507486,0.507486,0.582208,-0.246918
23,5.3085,0.63954,0.507487,0.507487,0.582212,0.806459
23,5.6624,0.566725,0.507487,0.507487,0.582214,-0.217884
23,6.0162,0.608544,0.507487,0.507487,0.582215,0.37038
23,6.3701,0.592285,0.507487,0.507487,0.582215,0.141656
23,6.724,0.602926,0.507487,0.507487,0.582216,0.291344
23,7.0779,0.528635,0.507487,0.507487,0.582216,-0.753746
23,7.4318,0.461785,0.507487,0.507487,0.582216,-1.69415
23,7.7857,0.500536,0.507487,0.507487,0.582216,-1.14902
23,8.1396,0.590346,0.507487,0.507487,0.582216,0.114375
23,8.4935,0.582444,0.507487,0.507487,0.582216,0.00321071
23,8.8474,0.577299,0.507487,0.507487,0.582216,-0.0691614
23,9.2013,0.565947,0.507487,0.507487,0.582216,-0.228854
23,9.5552,0.583302,0.507487,0.507487,0.582216,0.0152775
23,9.9091,0.487972,0.507487,0.507487,0.582216,-1.32576
23,10.263,0.664166,0.507487,0.507487,0.582216,1.15282
23,10.6169,0.549147,0.507487,0.507487,0.582216,-0.465191
23,10.9708,0.459763,0.507487,0.507487,0.582216,-1.72259
23,11.3247,0.582604,0.507487,0.507487,0.582216,0.00546037
23,11.6786,0.508247,0.507487,0.507487,0.582216,-1.04055
23,12.0325,0.542,0.507487,0.507487,0.582216,-0.565733
23,12.3863,0.692427,0.507487,0.507487,0.582216,1.55038
23,12.7402,0.486636,0.507487,0.507487,0.582216,-1.34456
23,13.0941,0.545648,0.507487,0.507487,0.582216,-0.514411
23,13.448,0.628172,0.507487,0.507487,0.582216,0.646476
23,13.8019,0.622466,0.507487,0.507487,0.582216,0.566217
23,14.1558,0.635339,0.507487,0.507487,0.582216,0.747298
23,14.5097,0.582905,0.507487,0.507487,0.582216,0.00969008
23,14.8636,0.664842,0.507487,0.507487,0.582216,1.16234
23,15.2175,0.598295,0.507487,0.507487,0.582216,0.226189
23,15.5714,0.606045,0.507487,0.507487,0.582216,0.335217
23,15.9253,0.5337,0.507487,0.507487,0.582216,-0.682485
23,16.2792,0.553458,0.507487,0.507487,0.582216,-0.404552
23,16.6331,0.605005,0.507487,0.507487,0.582216,0.320577
23,16.987,0.590948,0.507487,0.507487,0.582216,0.122834
23,17.3409,0.699822,0.507487,0.507487,0.582216,1.65441
24,0,0.274911,0,0,0,3.86728
24,0.3539,0.358026,0.426624,0.426624,0.402668,-0.627991
24,0.7078,0.454964,0.474615,0.474615,0.441759,0.185766
24,1.0617,0.520357,0.494124,0.494124,0.455151,0.91728
24,1.4156,0.490787,0.502055,0.502055,0.459739,0.436766
24,1.7695,0.449752,0.505279,0.505279,0.461311,-0.162606
24,2.1234,0.512557,0.506589,0.506589,0.461849,0.713327
24,2.4773,0.469049,0.507122,0.507122,0.462034,0.098692
24,2.8312,0.514777,0.507339,0.507339,0.462097,0.741069
24,3.1851,0.456596,0.507427,0.507427,0.462119,-0.0776916
24,3.539,0.421398,0.507463,0.507463,0.462126,-0.572941
24,3.8929,0.434064,0.507477,0.507477,0.462129,-0.394796
24,4.2468,0.532582,0.507483,0.507483,0.462129,0.991081
24,4.6007,0.473212,0.507486,0.507486,0.46213,0.155896
24,4.9546,0.481501,0.507486,0.507486,0.46213,0.272499
24,5.3085,0.505758,0.507487,0.507487,0.46213,0.613729
24,5.6624,0.458803,0.507487,0.507487,0.46213,-0.0468041
24,6.0162,0.389472,0.507487,0.507487,0.46213,-1.02211
24,6.3701,0.479713,0.507487,0.507487,0.46213,0.247351
24,6.724,0.512298,0.507487,0.507487,0.46213,0.705732
24,7.0779,0.382851,0.507487,0.507487,0.46213,-1.11524
24,7.4318,0.538773,0.507487,0.507487,0.46213,1.07817
24,7.7857,0.394644,0.507487,0.507487,0.46213,-0.94935
24,8.1396,0.428206,0.507487,0.507487,0.46213,-0.477218
24,8.4935,0.494373,0.507487,0.507487,0.46213,0.453576
24,8.8474,0.460734,0.507487,0.507487,0.46213,-0.0196412
24,9.2013,0.498608,0.507487,0.507487,0.46213,0.513154
24,9.5552,0.540734,0.507487,0.507487,0.46213,1.10575
24,9.9091,0.448573,0.507487,0.507487,0.46213,-0.190707
24,10.263,0.465756,0.507487,0.507487,0.46213,0.0510023
24,10.6169,0.443155,0.507487,0.507487,0.46213,-0.266929
24,10.9708,0.411627,0.507487,0.507487,0.46213,-0.710436
24,11.3247,0.535264,0.507487,0.507487,0.46213,1.0288
24,11.6786,0.488588,0.507487,0.507487,0.46213,0.372197
24,12.0325,0.46346,0.507487,0.507487,0.46213,0.0187082
24,12.3863,0.420804,0.507487,0.507487,0.46213,-0.581343
24,12.7402,0.46845,0.507487,0.507487,0.46213,0.0889039
24,13.0941,0.497851,0.507487,0.507487,0.46213,0.502498
24,13.448,0.439648,0.507487,0.507487,0.46213,-0.31626
24,13.8019,0.416576,0.507487,0.507487,0.46213,-0.64082
24,14.1558,0.456815,0.507487,0.507487,0.46213,-0.0747602
24,14.5097,0.47088,0.507487,0.507487,0.46213,0.12309
24,14.8636,0.456468,0.507487,0.507487,0.46213,-0.0796465
24,15.2175,0.417481,0.507487,0.507487,0.46213,-0.62809
24,15.5714,0.431052,0.507487,0.507487,0.46213,-0.437179
24,15.9253,0.41881,0.507487,0.507487,0.46213,-0.609399
24,16.2792,0.532139,0.507487,0.507487,0.46213,0.984847
24,16.6331,0.553837,0.507487,0.507487,0.46213,1.29008
24,16.987,0.495288,0.507487,0.507487,0.46213,0.46645
24,17.3409,0.394007,0.507487,0.507487,0.46213,-0.958313
25,0,0.283835,0,0,0,3.99281
25,0.3539,0.492326,0.426624,0.426624,0.442057,0.707146
25,0.7078,0.588667,0.474615,0.474615,0.495601,1.30919
25,1.0617,0.482585,0.494124,0.494124,0.519592,-0.520592
25,1.4156,0.479716,0.502055,0.502055,0.530341,-0.712165
25,1.7695,0.525142,0.505279,0.505279,0.535158,-0.140894
25,2.1234,0.564931,0.506589,0.506589,0.537316,0.38847
25,2.4773,0.562718,0.507122,0.507122,0.538283,0.343736
25,2.8312,0.575197,0.507339,0.507339,0.538716,0.513187
25,3.1851,0.572545,0.507427,0.507427,0.53891,0.473154
25,3.539,0.625051,0.507463,0.507463,0.538997,1.21055
25,3.8929,0.519305,0.507477,0.507477,0.539036,-0.277572
25,4.2468,0.565615,0.507483,0.507483,0.539054,0.373651
25,4.6007,0.544381,0.507486,0.507486,0.539062,0.0748297
25,4.9546,0.563114,0.507486,0.507486,0.539065,0.338309
25,5.3085,0.515955,0.507487,0.507487,0.539067,-0.325124
25,5.6624,0.524415,0.507487,0.507487,0.539067,-0.20612
25,6.0162,0.5237,0.507487,0.507487,0.539068,-0.216189
25,6.3701,0.575771,0.507487,0.507487,0.539068,0.516312
25,6.724,0.530582,0.507487,0.507487,0.539068,-0.119369
25,7.0779,0.453993,0.507487,0.507487,0.539068,-1.19679
25,7.4318,0.540004,0.507487,0.507487,0.539068,0.0131691
25,7.7857,0.468786,0.507487,0.507487,0.539068,-0.988676
25,8.1396,0.507325,0.507487,0.507487,0.539068,-0.446545
25,8.4935,0.592864,0.507487,0.507487,0.539068,0.756775
25,8.8474,0.65053,0.507487,0.507487,0.539068,1.56797
25,9.2013,0.470883,0.507487,0.507487,0.539068,-0.95918
25,9.5552,0.61074,0.507487,0.507487,0.539068,1.00823
25,9.9091,0.55466,0.507487,0.507487,0.539068,0.219345
25,10.263,0.501896,0.507487,0.507487,0.539068,-0.522913
25,10.6169,0.516659,0.507487,0.507487,0.539068,-0.315241
25,10.9708,0.495394,0.507487,0.507487,0.539068,-0.614383
25,11.3247,0.595651,0.507487,0.507487,0.539068,0.795969
25,11.6786,0.631629,0.507487,0.507487,0.539068,1.30209
25,12.0325,0.523923,0.507487,0.507487,0.539068,-0.213054
25,12.3863,0.458953,0.507487,0.507487,0.539068,-1.12701
25,12.7402,0.46371,0.507487,0.507487,0.539068,-1.06009
25,13.0941,0.483597,0.507487,0.507487,0.539068,-0.780334
25,13.448,0.57571,0.507487,0.507487,0.539068,0.515451
25,13.8019,0.553725,0.507487,0.507487,0.539068,0.206192
25,14.1558,0.570145,0.507487,0.507487,0.539068,0.437166
25,14.5097,0.570551,0.507487,0.507487,0.539068,0.442886
25,14.8636,0.508642,0.507487,0.507487,0.539068,-0.428016
25,15.2175,0.542569,0.507487,0.507487,0.539068,0.0492578
25,15.5714,0.571601,0.507487,0.507487,0.539068,0.457658
25,15.9253,0.530145,0.507487,0.507487,0.539068,-0.125525
25,16.2792,0.591624,0.507487,0.507487,0.539068,0.739322
25,16.6331,0.575203,0.507487,0.507487,0.539068,0.508327
25,16.987,0.508487,0.507487,0.507487,0.539068,-0.430197
25,17.3409,0.534675,0.507487,0.507487,0.539068,-0.0617924
26,0,0.311931,0,0,0,4.38804
26,0.3539,0.345709,0.426624,0.426624,0.337747,0.112
26,0.7078,0.375014,0.474615,0.474615,0.347312,0.389701
26,1.0617,0.413936,0.494124,0.494124,0.348069,0.926571
26,1.4156,0.403125,0.502055,0.502055,0.348129,0.773643
26,1.7695,0.318274,0.505279,0.505279,0.348134,-0.42005
26,2.1234,0.471811,0.506589,0.506589,0.348134,1.7398
26,2.4773,0.338442,0.507122,0.507122,0.348134,-0.136338
26,2.8312,0.34581,0.507339,0.507339,0.348134,-0.0326886
26,3.1851,0.380612,0.507427,0.507427,0.348134,0.456878
26,3.539,0.359925,0.507463,0.507463,0.348134,0.165862
26,3.8929,0.404877,0.507477,0.507477,0.348134,0.79823
26,4.2468,0.37003,0.507483,0.507483,0.348134,0.308019
26,4.6007,0.372382,0.507486,0.507486,0.348134,0.341101
26,4.9546,0.309566,0.507486,0.507486,0.348134,-0.542551
26,5.3085,0.352446,0.507487,0.507487,0.348134,0.0606595
26,5.6624,0.297946,0.507487,0.507487,0.348134,-0.706013
26,6.0162,0.338642,0.507487,0.507487,0.348134,-0.133531
26,6.3701,0.305694,0.507487,0.507487,0.348134,-0.597013
26,6.724,0.387968,0.507487,0.507487,0.348134,0.560362
26,7.0779,0.386573,0.507487,0.507487,0.348134,0.540737
26,7.4318,0.354737,0.507487,0.507487,0.348134,0.0928864
26,7.7857,0.405543,0.507487,0.507487,0.348134,0.807595
26,8.1396,0.381816,0.507487,0.507487,0.348134,0.473809
26,8.4935,0.343894,0.507487,0.507487,0.348134,-0.0596456
26,8.8474,0.346872,0.507487,0.507487,0.348134,-0.0177585
26,9.2013,0.296357,0.507487,0.507487,0.348134,-0.728367
26,9.5552,0.28484,0.507487,0.507487,0.348134,-0.890385
26,9.9091,0.317356,0.507487,0.507487,0.348134,-0.432971
26,10.263,0.303874,0.507487,0.507487,0.348134,-0.622617
26,10.6169,0.336059,0.507487,0.507487,0.348134,-0.169871
26,10.9708,0.326023,0.507487,0.507487,0.348134,-0.311044
26,11.3247,0.283317,0.507487,0.507487,0.348134,-0.911811
26,11.6786,0.28496,0.507487,0.507487,0.348134,-0.888691
26,12.0325,0.369777,0.507487,0.507487,0.348134,0.304456
26,12.3863,0.287422,0.507487,0.507487,0.348134,-0.854059
26,12.7402,0.395424,0.507487,0.507487,0.348134,0.665242
26,13.0941,0.310751,0.507487,0.507487,0.348134,-0.525884
26,13.448,0.3075,0.507487,0.507487,0.348134,-0.571609
26,13.8019,0.38322,0.507487,0.507487,0.348134,0.493564
26,14.1558,0.323814,0.507487,0.507487,0.348134,-0.342122
26,14.5097,0.393354,0.507487,0.507487,0.348134,0.636125
26,14.8636,0.245983,0.507487,0.507487,0.348134,-1.437
26,15.2175,0.352192,0.507487,0.507487,0.348134,0.057083
26,15.5714,0.346079,0.507487,0.507487,0.348134,-0.0289087
26,15.9253,0.351284,0.507487,0.507487,0.348134,0.0443152
26,16.2792,0.299218,0.507487,0.507487,0.348134,-0.688123
26,16.6331,0.314897,0.507487,0.507487,0.348134,-0.467559
26,16.987,0.391867,0.507487,0.507487,0.348134,0.61521
26,17.3409,0.298215,0.507487,0.507487,0.348134,-0.702227
27,0,0.38683,0,0,0,5.44168
27,0.3539,0.456418,0.426624,0.426624,0.45376,0.0373835
27,0.7078,0.529595,0.474615,0.474615,0.510126,0.273871
27,1.0617,0.529597,0.494124,0.494124,0.540234,-0.149633
27,1.4156,0.614545,0.502055,0.502055,0.556315,0.819147
27,1.7695,0.585652,0.505279,0.505279,0.564905,0.291861
27,2.1234,0.563307,0.506589,0.506589,0.569493,-0.0870205
27,2.4773,0.543404,0.507122,0.507122,0.571943,-0.401467
27,2.8312,0.596314,0.507339,0.507339,0.573252,0.324422
27,3.1851,0.604179,0.507427,0.507427,0.573952,0.425223
27,3.539,0.622345,0.507463,0.507463,0.574325,0.675517
27,3.8929,0.609682,0.507477,0.507477,0.574524,0.494572
27,4.2468,0.517259,0.507483,0.507483,0.574631,-0.807078
27,4.6007,0.528915,0.507486,0.507486,0.574688,-0.643908
27,4.9546,0.546791,0.507486,0.507486,0.574718,-0.392865
27,5.3085,0.588115,0.507487,0.507487,0.574735,0.188228
27,5.6624,0.570955,0.507487,0.507487,0.574743,-0.0532938
27,6.0162,0.626541,0.507487,0.507487,0.574748,0.728598
27,6.3701,0.530205,0.507487,0.507487,0.57475,-0.626638
27,6.724,0.605,0.507487,0.507487,0.574752,0.42552
27,7.0779,0.576632,0.507487,0.507487,0.574752,0.0264397
27,7.4318,0.491024,0.507487,0.507487,0.574753,-1.17784
27,7.7857,0.61499,0.507487,0.507487,0.574753,0.566025
27,8.1396,0.56058,0.507487,0.507487,0.574753,-0.199377
27,8.4935,0.59143,0.507487,0.507487,0.574753,0.234594
27,8.8474,0.566223,0.507487,0.507487,0.574753,-0.119996
27,9.2013,0.595384,0.507487,0.507487,0.574753,0.290223
27,9.5552,0.529704,0.507487,0.507487,0.574753,-0.633727
27,9.9091,0.668794,0.507487,0.507487,0.574753,1.3229
27,10.263,0.561762,0.507487,0.507487,0.574753,-0.182747
27,10.6169,0.613211,0.507487,0.507487,0.574753,0.541003
27,10.9708,0.603655,0.507487,0.507487,0.574753,0.406568
27,11.3247,0.514817,0.507487,0.507487,0.574753,-0.843141
27,11.6786,0.57888,0.507487,0.507487,0.574753,0.0580549
27,12.0325,0.544589,0.507487,0.507487,0.574753,-0.42433
27,12.3863,0.577095,0.507487,0.507487,0.574753,0.0329435
27,12.7402,0.586864,0.507487,0.507487,0.574753,0.17037
27,13.0941,0.624658,0.507487,0.507487,0.574753,0.702035
27,13.448,0.550171,0.507487,0.507487,0.574753,-0.345811
27,13.8019,0.575015,0.507487,0.507487,0.574753,0.00368908
27,14.1558,0.621171,0.507487,0.507487,0.574753,0.65297
27,14.5097,0.620618,0.507487,0.507487,0.574753,0.645194
27,14.8636,0.4902,0.507487,0.507487,0.574753,-1.18944
27,15.2175,0.528621,0.507487,0.507487,0.574753,-0.64896
27,15.5714,0.570502,0.507487,0.507487,0.574753,-0.0598095
27,15.9253,0.560282,0.507487,0.507487,0.574753,-0.203565
27,16.2792,0.599215,0.507487,0.507487,0.574753,0.344107
27,16.6331,0.527109,0.507487,0.507487,0.574753,-0.670233
27,16.987,0.569198,0.507487,0.507487,0.574753,-0.0781474
27,17.3409,0.711465,0.507487,0.507487,0.574753,1.92318
28,0,0.255359,0,0,0,3.59222
28,0.3539,0.314565,0.426624,0.426624,0.365875,-0.721789
28,0.7078,0.362177,0.474615,0.474615,0.382533,-0.286347
28,1.0617,0.377988,0.494124,0.494124,0.384637,-0.0935298
28,1.4156,0.382334,0.502055,0.502055,0.384902,-0.0361297
28,1.7695,0.51168,0.505279,0.505279,0.384936,1.78296
28,2.1234,0.466794,0.506589,0.506589,0.38494,1.15147
28,2.4773,0.358817,0.507122,0.507122,0.384941,-0.36749
28,2.8312,0.355446,0.507339,0.507339,0.384941,-0.414907
28,3.1851,0.385611,0.507427,0.507427,0.384941,0.00942754
28,3.539,0.497642,0.507463,0.507463,0.384941,1.58541
28,3.8929,0.360296,0.507477,0.507477,0.384941,-0.346689
28,4.2468,0.380274,0.507483,0.507483,0.384941,-0.065645
28,4.6007,0.38529,0.507486,0.507486,0.384941,0.00490757
28,4.9546,0.378565,0.507486,0.507486,0.384941,-0.0896957
28,5.3085,0.322769,0.507487,0.507487,0.384941,-0.874584
28,5.6624,0.41799,0.507487,0.507487,0.384941,0.46492
28,6.0162,0.372108,0.507487,0.507487,0.384941,-0.180524
28,6.3701,0.442928,0.507487,0.507487,0.384941,0.815728
28,6.724,0.379318,0.507487,0.507487,0.384941,-0.0790965
28,7.0779,0.408936,0.507487,0.507487,0.384941,0.337552
28,7.4318,0.332859,0.507487,0.507487,0.384941,-0.732645
28,7.7857,0.376279,0.507487,0.507487,0.384941,-0.121842
28,8.1396,0.451693,0.507487,0.507487,0.384941,0.939028
28,8.4935,0.463768,0.507487,0.507487,0.384941,1.10889
28,8.8474,0.326099,0.507487,0.507487,0.384941,-0.827742
28,9.2013,0.366928,0.507487,0.507487,0.384941,-0.253396
28,9.5552,0.472729,0.507487,0.507487,0.384941,1.23495
28,9.9091,0.395801,0.507487,0.507487,0.384941,0.152781
28,10.263,0.40286,0.507487,0.507487,0.384941,0.252076
28,10.6169,0.333709,0.507487,0.507487,0.384941,-0.7207
28,10.9708,0.394617,0.507487,0.507487,0.384941,0.136123
28,11.3247,0.414537,0.507487,0.507487,0.384941,0.416346
28,11.6786,0.380835,0.507487,0.507487,0.384941,-0.0577609
28,12.0325,0.366224,0.507487,0.507487,0.384941,-0.263291
28,12.3863,0.438639,0.507487,0.507487,0.384941,0.755388
28,12.7402,0.365607,0.507487,0.507487,0.384941,-0.271978
28,13.0941,0.459525,0.507487,0.507487,0.384941,1.04921
28,13.448,0.383485,0.507487,0.507487,0.384941,-0.0204763
28,13.8019,0.34462,0.507487,0.507487,0.384941,-0.567209
28,14.1558,0.388701,0.507487,0.507487,0.384941,0.0528922
28,14.5097,0.348665,0.507487,0.507487,0.384941,-0.510297
28,14.8636,0.374092,0.507487,0.507487,0.384941,-0.152619
28,15.2175,0.365991,0.507487,0.507487,0.384941,-0.266574
28,15.5714,0.335464,0.507487,0.507487,0.384941,-0.696007
28,15.9253,0.318821,0.507487,0.507487,0.384941,-0.930127
28,16.2792,0.344342,0.507487,0.507487,0.384941,-0.571111
28,16.6331,0.420935,0.507487,0.507487,0.384941,0.506349
28,16.987,0.368528,0.507487,0.507487,0.384941,-0.230879
28,17.3409,0.28829,0.507487,0.507487,0.384941,-1.35962
29,0,0.324405,0,0,0,4.56352
29,0.3539,0.518032,0.426624,0.426624,0.442612,1.06096
29,0.7078,0.488339,0.474615,0.474615,0.49644,-0.113956
29,1.0617,0.506091,0.494124,0.494124,0.521117,-0.211377
29,1.4156,0.476854,0.502055,0.502055,0.53243,-0.781814
29,1.7695,0.527527,0.505279,0.505279,0.537617,-0.141935
29,2.1234,0.551993,0.506589,0.506589,0.539995,0.168791
29,2.4773,0.557837,0.507122,0.507122,0.541085,0.235657
29,2.8312,0.623455,0.507339,0.507339,0.541584,1.15171
29,3.1851,0.594062,0.507427,0.507427,0.541813,0.734999
29,3.539,0.523388,0.507463,0.507463,0.541919,-0.260675
29,3.8929,0.513845,0.507477,0.507477,0.541967,-0.395595
29,4.2468,0.425392,0.507483,0.507483,0.541989,-1.6402
29,4.6007,0.52998,0.507486,0.507486,0.541999,-0.169078
29,4.9546,0.615328,0.507486,0.507486,0.542003,1.03148
29,5.3085,0.507476,0.507487,0.507487,0.542006,-0.485743
29,5.6624,0.565154,0.507487,0.507487,0.542007,0.325627
29,6.0162,0.641349,0.507487,0.507487,0.542007,1.39748
29,6.3701,0.597802,0.507487,0.507487,0.542007,0.784883
29,6.724,0.620474,0.507487,0.507487,0.542007,1.10382
29,7.0779,0.567428,0.507487,0.507487,0.542007,0.357605
29,7.4318,0.533529,0.507487,0.507487,0.542007,-0.119264
29,7.7857,0.55045,0.507487,0.507487,0.542007,0.118769
29,8.1396,0.526405,0.507487,0.507487,0.542007,-0.219485
29,8.4935,0.530186,0.507487,0.507487,0.542007,-0.166302
29,8.8474,0.550599,0.507487,0.507487,0.542007,0.120862
29,9.2013,0.61597,0.507487,0.507487,0.542007,1.04046
29,9.5552,0.55908,0.507487,0.507487,0.542007,0.24016
29,9.9091,0.540176,0.507487,0.507487,0.542007,-0.025768
29,10.263,0.516332,0.507487,0.507487,0.542007,-0.361179
29,10.6169,0.558477,0.507487,0.507487,0.542007,0.231683
29,10.9708,0.534938,0.507487,0.507487,0.542007,-0.0994474
29,11.3247,0.547344,0.507487,0.507487,0.542007,0.0750711
29,11.6786,0.552861,0.507487,0.507487,0.542007,0.152679
29,12.0325,0.563121,0.507487,0.507487,0.542007,0.297015
29,12.3863,0.52132,0.507487,0.507487,0.542007,-0.291018
29,12.7402,0.608287,0.507487,0.507487,0.542007,0.932376
29,13.0941,0.548677,0.507487,0.507487,0.542007,0.0938179
29,13.448,0.616495,0.507487,0.507487,0.542007,1.04785
29,13.8019,0.475104,0.507487,0.507487,0.542007,-0.941158
29,14.1558,0.55363,0.507487,0.507487,0.542007,0.163497
29,14.5097,0.459548,0.507487,0.507487,0.542007,-1.15999
29,14.8636,0.465963,0.507487,0.507487,0.542007,-1.06975
29,15.2175,0.564839,0.507487,0.507487,0.542007,0.321185
29,15.5714,0.51071,0.507487,0.507487,0.542007,-0.440273
29,15.9253,0.538583,0.507487,0.507487,0.542007,-0.0481689
29,16.2792,0.530674,0.507487,0.507487,0.542007,-0.159433
29,16.6331,0.502131,0.507487,0.507487,0.542007,-0.560959
29,16.987,0.555844,0.507487,0.507487,0.542007,0.194646
29,17.3409,0.565112,0.507487,0.507487,0.542007,0.32502