pwRes_abscissa,pwRes_pdf,iwRes_abscissa,iwRes_pdf,npde_abscissa,npde_pdf,split
-3.57009,0.00164407,-3.79775,0.000582032,-3.80437,0.00198087,All
-3.46638,0.00164407,-3.76143,0.000582032,-3.71829,0,All
-3.36267,0.00164407,-3.72511,0,-3.63222,0.00396175,All
-3.25896,0.00328814,-3.68878,0.000582032,-3.54614,0.00792349,All
-3.15525,0.00657627,-3.65246,0.00232813,-3.46006,0.00594262,All
-3.05154,0.00657627,-3.61614,0.00349219,-3.37398,0.00594262,All
-2.94783,0.00986441,-3.57982,0.0017461,-3.28791,0.00594262,All
-2.84411,0.0180848,-3.5435,0.00523829,-3.20183,0.00990437,All
-2.7404,0.00986441,-3.50718,0.00523829,-3.11575,0.00198087,All
-2.63669,0.023017,-3.47085,0.0017461,-3.02968,0.0118852,All
-2.53298,0.0263051,-3.43453,0.00291016,-2.9436,0.00990437,All
-2.42927,0.0164407,-3.39821,0.00232813,-2.85752,0.0217896,All
-2.32556,0.0394576,-3.36189,0.00465625,-2.77144,0.0118852,All
-2.22185,0.0345254,-3.32557,0.000582032,-2.68537,0.0217896,All
-2.11814,0.0312373,-3.28925,0.00116406,-2.59929,0.0257514,All
-2.01442,0.0394576,-3.25293,0.0017461,-2.51321,0.0178279,All
-1.91071,0.0509661,-3.2166,0.00116406,-2.42713,0.0415983,All
-1.807,0.0706949,-3.18028,0.00407422,-2.34106,0.0198087,All
-1.70329,0.0854916,-3.14396,0.00291016,-2.25498,0.0217896,All
-1.59958,0.097,-3.10764,0.00465625,-2.1689,0.0415983,All
-1.49587,0.110153,-3.07132,0.00582032,-2.08282,0.0277322,All
-1.39216,0.129881,-3.035,0.00523829,-1.99675,0.0396175,All
-1.28844,0.143034,-2.99867,0.00640235,-1.91067,0.0614071,All
-1.18473,0.187424,-2.96235,0.00291016,-1.82459,0.0693306,All
-1.08102,0.233458,-2.92603,0.00523829,-1.73851,0.0574453,All
-0.977311,0.243322,-2.88971,0.00582032,-1.65244,0.0970628,All
-0.873599,0.287712,-2.85339,0.00814844,-1.56636,0.114891,All
-0.769888,0.28278,-2.81707,0.00465625,-1.48028,0.104986,All
-0.666177,0.32717,-2.78075,0.00873048,-1.3942,0.140642,All
-0.562465,0.345254,-2.74442,0.00640235,-1.30813,0.128757,All
-0.458754,0.322237,-2.7081,0.00814844,-1.22205,0.164412,All
-0.355043,0.401153,-2.67178,0.00931251,-1.13597,0.211953,All
-0.251331,0.420882,-2.63546,0.0122227,-1.04989,0.215915,All
-0.14762,0.44061,-2.59914,0.0168789,-0.963816,0.245628,All
-0.0439088,0.437322,-2.56282,0.0133867,-0.877739,0.275341,All
0.0598025,0.406085,-2.52649,0.017461,-0.791662,0.277322,All
0.163514,0.412661,-2.49017,0.0168789,-0.705584,0.346653,All
0.267225,0.437322,-2.45385,0.017461,-0.619507,0.285246,All
0.370936,0.425814,-2.41753,0.0162969,-0.533429,0.330806,All
0.474648,0.350187,-2.38121,0.017461,-0.447352,0.346653,All
0.578359,0.338678,-2.34489,0.0238633,-0.361274,0.344672,All
0.68207,0.353475,-2.30856,0.0256094,-0.275197,0.414002,All
0.785782,0.307441,-2.27224,0.0314297,-0.189119,0.415983,All
0.889493,0.295932,-2.23592,0.0256094,-0.103042,0.441735,All
0.993204,0.266339,-2.1996,0.0320117,-0.0169645,0.461543,All
1.09692,0.187424,-2.16328,0.0256094,0.0691129,0.394194,All
1.20063,0.152898,-2.12696,0.0331758,0.15519,0.396175,All
1.30434,0.164407,-2.09064,0.0355039,0.241268,0.461543,All
1.40805,0.103576,-2.05431,0.0430703,0.327345,0.40806,All
1.51176,0.134814,-2.01799,0.0430703,0.413423,0.417964,All
1.61547,0.0805594,-1.98167,0.0506368,0.4995,0.376366,All
1.71918,0.0854916,-1.94535,0.0663516,0.585578,0.350615,All
1.82289,0.0674068,-1.90903,0.0494727,0.671655,0.360519,All
1.92661,0.0657627,-1.87271,0.0529649,0.757732,0.324863,All
2.03032,0.0427458,-1.83638,0.0768282,0.84381,0.285246,All
2.13403,0.0394576,-1.80006,0.0669336,0.929887,0.297131,All
2.23774,0.0295932,-1.76374,0.0873048,1.01596,0.277322,All
2.34145,0.0197288,-1.72742,0.0942891,1.10204,0.217896,All
2.44516,0.0147966,-1.6911,0.0838126,1.18812,0.156489,All
2.54887,0.0180848,-1.65478,0.0937071,1.2742,0.164412,All
2.65259,0.0180848,-1.61845,0.091961,1.36027,0.124795,All
2.7563,0.0115085,-1.58213,0.125719,1.44635,0.110929,All
2.86001,0.00822034,-1.54581,0.105348,1.53243,0.110929,All
2.96372,0.00657627,-1.50949,0.135031,1.61851,0.104986,All
3.06743,0.00986441,-1.47317,0.136195,1.70458,0.0752732,All
3.17114,0.00493221,-1.43685,0.14318,1.79066,0.0792349,All
3.27485,0.00328814,-1.40053,0.147836,1.87674,0.0732923,All
3.37856,0.00164407,-1.3642,0.165297,1.96282,0.0633879,All
3.48228,0.00164407,-1.32788,0.184504,2.04889,0.031694,All
3.58599,0.00328814,-1.29156,0.18043,2.13497,0.0356557,All
3.6897,0.00328814,-1.25524,0.18916,2.22105,0.0118852,All
3.79341,0.00164407,-1.21892,0.195563,2.30713,0.0297131,All
3.89712,0.00164407,-1.1826,0.192652,2.3932,0.015847,All
4.00083,0,-1.14627,0.217098,2.47928,0.0237705,All
4.10454,0,-1.10995,0.215934,2.56536,0.0257514,All
4.20826,0,-1.07363,0.222336,2.65144,0.0198087,All
4.31197,0,-1.03731,0.230485,2.73751,0.00792349,All
4.41568,0.00328814,-1.00099,0.253766,2.82359,0.0237705,All
,,-0.964667,0.242707,,,All
,,-0.928345,0.282285,,,All
,,-0.892024,0.259004,,,All
,,-0.855702,0.268899,,,All
,,-0.81938,0.285196,,,All
,,-0.783059,0.292762,,,All
,,-0.746737,0.320117,,,All
,,-0.710416,0.296254,,,All
,,-0.674094,0.316043,,,All
,,-0.637773,0.336996,,,All
,,-0.601451,0.348055,,,All
,,-0.56513,0.359114,,,All
,,-0.528808,0.395782,,,All
,,-0.492486,0.400438,,,All
,,-0.456165,0.386469,,,All
,,-0.419843,0.362606,,,All
,,-0.383522,0.394035,,,All
,,-0.3472,0.370754,,,All
,,-0.310879,0.361442,,,All
,,-0.274557,0.359114,,,All
,,-0.238235,0.381231,,,All
,,-0.201914,0.401602,,,All
,,-0.165592,0.414989,,,All
,,-0.129271,0.417317,,,All
,,-0.0929492,0.380067,,,All
,,-0.0566276,0.397528,,,All
,,-0.020306,0.434778,,,All
,,0.0160155,0.428375,,,All
,,0.0523371,0.36668,,,All
,,0.0886587,0.408586,,,All
,,0.12498,0.418481,,,All
,,0.161302,0.434778,,,All
,,0.197623,0.425465,,,All
,,0.233945,0.402766,,,All
,,0.270266,0.379485,,,All
,,0.306588,0.385887,,,All
,,0.34291,0.371336,,,All
,,0.379231,0.377157,,,All
,,0.415553,0.380067,,,All
,,0.451874,0.357949,,,All
,,0.488196,0.367844,,,All
,,0.524517,0.354457,,,All
,,0.560839,0.359114,,,All
,,0.597161,0.313715,,,All
,,0.633482,0.314879,,,All
,,0.669804,0.316043,,,All
,,0.706125,0.308477,,,All
,,0.742447,0.310805,,,All
,,0.778768,0.298,,,All
,,0.81509,0.275883,,,All
,,0.851412,0.263078,,,All
,,0.887733,0.276465,,,All
,,0.924055,0.249692,,,All
,,0.960376,0.238633,,,All
,,0.996698,0.216516,,,All
,,1.03302,0.231649,,,All
,,1.06934,0.21768,,,All
,,1.10566,0.200801,,,All
,,1.14198,0.19207,,,All
,,1.17831,0.18625,,,All
,,1.21463,0.192652,,,All
,,1.25095,0.159477,,,All
,,1.28727,0.17461,,,All
,,1.32359,0.167625,,,All
,,1.35991,0.150746,,,All
,,1.39624,0.164715,,,All
,,1.43256,0.128629,,,All
,,1.46888,0.118734,,,All
,,1.5052,0.107094,,,All
,,1.54152,0.11466,,,All
,,1.57784,0.104766,,,All
,,1.61416,0.110004,,,All
,,1.65049,0.10302,,,All
,,1.68681,0.0977813,,,All
,,1.72313,0.0867227,,,All
,,1.75945,0.0896329,,,All
,,1.79577,0.0814844,,,All
,,1.83209,0.0587852,,,All
,,1.86842,0.073918,,,All
,,1.90474,0.0453985,,,All
,,1.94106,0.0483086,,,All
,,1.97738,0.0518008,,,All
,,2.0137,0.0453985,,,All
,,2.05002,0.0413242,,,All
,,2.08634,0.03725,,,All
,,2.12267,0.036086,,,All
,,2.15899,0.0349219,,,All
,,2.19531,0.0494727,,,All
,,2.23163,0.0331758,,,All
,,2.26795,0.0267735,,,All
,,2.30427,0.0337578,,,All
,,2.3406,0.0296836,,,All
,,2.37692,0.0261914,,,All
,,2.41324,0.0232813,,,All
,,2.44956,0.018043,,,All
,,2.48588,0.0151328,,,All
,,2.5222,0.0197891,,,All
,,2.55853,0.0197891,,,All
,,2.59485,0.0162969,,,All
,,2.63117,0.0157149,,,All
,,2.66749,0.0145508,,,All
,,2.70381,0.0157149,,,All
,,2.74013,0.0116406,,,All
,,2.77645,0.0145508,,,All
,,2.81278,0.00814844,,,All
,,2.8491,0.00873048,,,All
,,2.88542,0.00873048,,,All
,,2.92174,0.00582032,,,All
,,2.95806,0.00349219,,,All
,,2.99438,0.00582032,,,All
,,3.03071,0.00640235,,,All
,,3.06703,0.00931251,,,All
,,3.10335,0.00407422,,,All
,,3.13967,0.00291016,,,All
,,3.17599,0.00523829,,,All
,,3.21231,0.00465625,,,All
,,3.24863,0.00989454,,,All
,,3.28496,0.00291016,,,All
,,3.32128,0.00640235,,,All
,,3.3576,0.00349219,,,All
,,3.39392,0.00523829,,,All
,,3.43024,0.00232813,,,All
,,3.46656,0.00407422,,,All
,,3.50289,0.00407422,,,All
,,3.53921,0.00349219,,,All
,,3.57553,0.0017461,,,All
,,3.61185,0.000582032,,,All
,,3.64817,0.0017461,,,All
,,3.68449,0.00116406,,,All
,,3.72082,0,,,All
,,3.75714,0.00291016,,,All
,,3.79346,0.000582032,,,All
,,3.82978,0,,,All
,,3.8661,0.0017461,,,All
,,3.90242,0.000582032,,,All
,,3.93874,0,,,All
,,3.97507,0.000582032,,,All
,,4.01139,0,,,All
,,4.04771,0.000582032,,,All
,,4.08403,0.000582032,,,All
