id,time,observation,popPred_medianCOV,popPred,indivPred_SAEM,indivPred_mean,indivPred_mode,indWRes_SAEM,indWRes_mean,indWRes_mode
63,0,0.535586,0,0,0,0,0,5.2064,5.2064,5.2064
63,0.3539,0.456952,0.386514,0.386514,0.438498,0.436876,0.44014,0.179392,0.195157,0.163429
63,0.7078,0.479703,0.386514,0.386514,0.438498,0.436876,0.44014,0.400556,0.416321,0.384593
63,1.0617,0.496302,0.386514,0.386514,0.438498,0.436876,0.44014,0.561911,0.577676,0.545949
63,1.4156,0.456399,0.386514,0.386514,0.438498,0.436876,0.44014,0.174014,0.189778,0.158051
63,1.7695,0.610269,0.386514,0.386514,0.438498,0.436876,0.44014,1.66977,1.68554,1.65381
63,2.1234,0.540385,0.386514,0.386514,0.438498,0.436876,0.44014,0.990436,1.0062,0.974473
63,2.4773,0.734195,0.386514,0.386514,0.438498,0.436876,0.44014,2.87446,2.89022,2.85849
63,2.8312,0.573545,0.386514,0.386514,0.438498,0.436876,0.44014,1.31279,1.32855,1.29682
63,3.1851,0.548495,0.386514,0.386514,0.438498,0.436876,0.44014,1.06927,1.08504,1.05331
63,3.539,0.439797,0.386514,0.386514,0.438498,0.436876,0.44014,0.0126306,0.0283953,-0.00333225
63,3.8929,0.515699,0.386514,0.386514,0.438498,0.436876,0.44014,0.750467,0.766232,0.734504
63,4.2468,0.437566,0.386514,0.386514,0.438498,0.436876,0.44014,-0.00905875,0.00670591,-0.0250216
63,4.6007,0.495045,0.386514,0.386514,0.438498,0.436876,0.44014,0.549688,0.565453,0.533725
63,4.9546,0.50105,0.386514,0.386514,0.438498,0.436876,0.44014,0.608068,0.623833,0.592105
63,5.3085,0.419047,0.386514,0.386514,0.438498,0.436876,0.44014,-0.18908,-0.173315,-0.205042
63,5.6624,0.502514,0.386514,0.386514,0.438498,0.436876,0.44014,0.622293,0.638058,0.60633
63,6.0162,0.461681,0.386514,0.386514,0.438498,0.436876,0.44014,0.225359,0.241124,0.209396
63,6.3701,0.489338,0.386514,0.386514,0.438498,0.436876,0.44014,0.494217,0.509981,0.478254
63,6.724,0.628547,0.386514,0.386514,0.438498,0.436876,0.44014,1.84745,1.86322,1.83149
63,7.0779,0.546912,0.386514,0.386514,0.438498,0.436876,0.44014,1.05389,1.06966,1.03793
63,7.4318,0.482134,0.386514,0.386514,0.438498,0.436876,0.44014,0.424183,0.439948,0.40822
63,7.7857,0.340917,0.386514,0.386514,0.438498,0.436876,0.44014,-0.948584,-0.932819,-0.964547
63,8.1396,0.415365,0.386514,0.386514,0.438498,0.436876,0.44014,-0.224876,-0.209111,-0.240839
63,8.4935,0.320257,0.386514,0.386514,0.438498,0.436876,0.44014,-1.14941,-1.13365,-1.16537
63,8.8474,0.466827,0.386514,0.386514,0.438498,0.436876,0.44014,0.275388,0.291153,0.259425
63,9.2013,0.440404,0.386514,0.386514,0.438498,0.436876,0.44014,0.01853,0.0342947,0.0025671
63,9.5552,0.481273,0.386514,0.386514,0.438498,0.436876,0.44014,0.415809,0.431574,0.399846
63,9.9091,0.405644,0.386514,0.386514,0.438498,0.436876,0.44014,-0.319368,-0.303604,-0.335331
63,10.263,0.408637,0.386514,0.386514,0.438498,0.436876,0.44014,-0.290281,-0.274516,-0.306244
63,10.6169,0.495199,0.386514,0.386514,0.438498,0.436876,0.44014,0.551184,0.566949,0.535221
63,10.9708,0.504207,0.386514,0.386514,0.438498,0.436876,0.44014,0.638751,0.654515,0.622788
63,11.3247,0.377652,0.386514,0.386514,0.438498,0.436876,0.44014,-0.591476,-0.575711,-0.607439
63,11.6786,0.357304,0.386514,0.386514,0.438498,0.436876,0.44014,-0.789287,-0.773522,-0.80525
63,12.0325,0.370849,0.386514,0.386514,0.438498,0.436876,0.44014,-0.657612,-0.641848,-0.673575
63,12.3863,0.37374,0.386514,0.386514,0.438498,0.436876,0.44014,-0.629509,-0.613744,-0.645472
63,12.7402,0.415404,0.386514,0.386514,0.438498,0.436876,0.44014,-0.224498,-0.208733,-0.24046
63,13.0941,0.321429,0.386514,0.386514,0.438498,0.436876,0.44014,-1.13802,-1.12226,-1.15398
63,13.448,0.423922,0.386514,0.386514,0.438498,0.436876,0.44014,-0.141692,-0.125927,-0.157655
63,13.8019,0.386613,0.386514,0.386514,0.438498,0.436876,0.44014,-0.504369,-0.488604,-0.520332
63,14.1558,0.344199,0.386514,0.386514,0.438498,0.436876,0.44014,-0.916674,-0.900909,-0.932637
63,14.5097,0.411152,0.386514,0.386514,0.438498,0.436876,0.44014,-0.265833,-0.250068,-0.281796
63,14.8636,0.312118,0.386514,0.386514,0.438498,0.436876,0.44014,-1.22853,-1.21277,-1.24449
63,15.2175,0.365774,0.386514,0.386514,0.438498,0.436876,0.44014,-0.706945,-0.69118,-0.722908
63,15.5714,0.308524,0.386514,0.386514,0.438498,0.436876,0.44014,-1.26347,-1.2477,-1.27943
63,15.9253,0.317917,0.386514,0.386514,0.438498,0.436876,0.44014,-1.17216,-1.15639,-1.18812
63,16.2792,0.436255,0.386514,0.386514,0.438498,0.436876,0.44014,-0.0218,-0.00603533,-0.0377629
63,16.6331,0.339348,0.386514,0.386514,0.438498,0.436876,0.44014,-0.963829,-0.948065,-0.979792
63,16.987,0.326946,0.386514,0.386514,0.438498,0.436876,0.44014,-1.08439,-1.06862,-1.10035
63,17.3409,0.415998,0.386514,0.386514,0.438498,0.436876,0.44014,-0.21872,-0.202955,-0.234682
72,0,0.272707,0,0,0,0,0,2.65097,2.65097,2.65097
72,0.3539,0.332712,0.386514,0.386514,0.371198,0.370891,0.375967,-0.374127,-0.371143,-0.420479
72,0.7078,0.418093,0.386514,0.386514,0.371198,0.370891,0.375967,0.455862,0.458846,0.40951
72,1.0617,0.402328,0.386514,0.386514,0.371198,0.370891,0.375967,0.302611,0.305595,0.256258
72,1.4156,0.515331,0.386514,0.386514,0.371198,0.370891,0.375967,1.40111,1.40409,1.35476
72,1.7695,0.452849,0.386514,0.386514,0.371198,0.370891,0.375967,0.793725,0.796709,0.747373
72,2.1234,0.366778,0.386514,0.386514,0.371198,0.370891,0.375967,-0.0429653,-0.0399813,-0.0893176
72,2.4773,0.434862,0.386514,0.386514,0.371198,0.370891,0.375967,0.618875,0.621859,0.572522
72,2.8312,0.456966,0.386514,0.386514,0.371198,0.370891,0.375967,0.83374,0.836724,0.787387
72,3.1851,0.376855,0.386514,0.386514,0.371198,0.370891,0.375967,0.0549843,0.0579683,0.00863205
72,3.539,0.407545,0.386514,0.386514,0.371198,0.370891,0.375967,0.353327,0.356311,0.306974
72,3.8929,0.460135,0.386514,0.386514,0.371198,0.370891,0.375967,0.864552,0.867536,0.8182
72,4.2468,0.514636,0.386514,0.386514,0.371198,0.370891,0.375967,1.39435,1.39733,1.348
72,4.6007,0.452648,0.386514,0.386514,0.371198,0.370891,0.375967,0.791763,0.794747,0.745411
72,4.9546,0.482312,0.386514,0.386514,0.371198,0.370891,0.375967,1.08013,1.08312,1.03378
72,5.3085,0.309606,0.386514,0.386514,0.371198,0.370891,0.375967,-0.598738,-0.595754,-0.64509
72,5.6624,0.385043,0.386514,0.386514,0.371198,0.370891,0.375967,0.134586,0.137569,0.0882332
72,6.0162,0.295966,0.386514,0.386514,0.371198,0.370891,0.375967,-0.731333,-0.728349,-0.777685
72,6.3701,0.338496,0.386514,0.386514,0.371198,0.370891,0.375967,-0.317893,-0.314909,-0.364245
72,6.724,0.418923,0.386514,0.386514,0.371198,0.370891,0.375967,0.463926,0.46691,0.417574
72,7.0779,0.457908,0.386514,0.386514,0.371198,0.370891,0.375967,0.842903,0.845887,0.79655
72,7.4318,0.349691,0.386514,0.386514,0.371198,0.370891,0.375967,-0.209071,-0.206087,-0.255424
72,7.7857,0.416193,0.386514,0.386514,0.371198,0.370891,0.375967,0.437395,0.440379,0.391043
72,8.1396,0.350144,0.386514,0.386514,0.371198,0.370891,0.375967,-0.20467,-0.201687,-0.251023
72,8.4935,0.431355,0.386514,0.386514,0.371198,0.370891,0.375967,0.584784,0.587768,0.538432
72,8.8474,0.308729,0.386514,0.386514,0.371198,0.370891,0.375967,-0.607264,-0.60428,-0.653617
72,9.2013,0.324001,0.386514,0.386514,0.371198,0.370891,0.375967,-0.458806,-0.455822,-0.505159
72,9.5552,0.461842,0.386514,0.386514,0.371198,0.370891,0.375967,0.881147,0.884131,0.834794
72,9.9091,0.436075,0.386514,0.386514,0.371198,0.370891,0.375967,0.630663,0.633647,0.584311
72,10.263,0.287803,0.386514,0.386514,0.371198,0.370891,0.375967,-0.81068,-0.807697,-0.857033
72,10.6169,0.445758,0.386514,0.386514,0.371198,0.370891,0.375967,0.724792,0.727776,0.67844
72,10.9708,0.354659,0.386514,0.386514,0.371198,0.370891,0.375967,-0.16078,-0.157796,-0.207132
72,11.3247,0.320893,0.386514,0.386514,0.371198,0.370891,0.375967,-0.489015,-0.486031,-0.535367
72,11.6786,0.354288,0.386514,0.386514,0.371198,0.370891,0.375967,-0.164383,-0.161399,-0.210736
72,12.0325,0.35485,0.386514,0.386514,0.371198,0.370891,0.375967,-0.158924,-0.15594,-0.205276
72,12.3863,0.297181,0.386514,0.386514,0.371198,0.370891,0.375967,-0.719521,-0.716537,-0.765874
72,12.7402,0.322241,0.386514,0.386514,0.371198,0.370891,0.375967,-0.475916,-0.472932,-0.522268
72,13.0941,0.434455,0.386514,0.386514,0.371198,0.370891,0.375967,0.614911,0.617895,0.568559
72,13.448,0.275109,0.386514,0.386514,0.371198,0.370891,0.375967,-0.934082,-0.931098,-0.980434
72,13.8019,0.353928,0.386514,0.386514,0.371198,0.370891,0.375967,-0.167887,-0.164903,-0.214239
72,14.1558,0.311478,0.386514,0.386514,0.371198,0.370891,0.375967,-0.580542,-0.577558,-0.626894
72,14.5097,0.338805,0.386514,0.386514,0.371198,0.370891,0.375967,-0.314891,-0.311907,-0.361243
72,14.8636,0.255351,0.386514,0.386514,0.371198,0.370891,0.375967,-1.12615,-1.12316,-1.1725
72,15.2175,0.301882,0.386514,0.386514,0.371198,0.370891,0.375967,-0.673818,-0.670834,-0.720171
72,15.5714,0.299635,0.386514,0.386514,0.371198,0.370891,0.375967,-0.695659,-0.692675,-0.742011
72,15.9253,0.242002,0.386514,0.386514,0.371198,0.370891,0.375967,-1.25591,-1.25292,-1.30226
72,16.2792,0.394346,0.386514,0.386514,0.371198,0.370891,0.375967,0.225022,0.228006,0.178669
72,16.6331,0.311228,0.386514,0.386514,0.371198,0.370891,0.375967,-0.58297,-0.579986,-0.629323
72,16.987,0.324551,0.386514,0.386514,0.371198,0.370891,0.375967,-0.453451,-0.450467,-0.499804
72,17.3409,0.315407,0.386514,0.386514,0.371198,0.370891,0.375967,-0.542346,-0.539362,-0.588698
64,0,0.390561,0,0,0,0,0,3.79663,3.79663,3.79663
64,0.3539,0.569675,0.386514,0.386514,0.500765,0.497906,0.499265,0.669873,0.697658,0.684447
64,0.7078,0.390424,0.386514,0.386514,0.500765,0.497906,0.499265,-1.07261,-1.04483,-1.05804
64,1.0617,0.691045,0.386514,0.386514,0.500765,0.497906,0.499265,1.8497,1.87749,1.86428
64,1.4156,0.33041,0.386514,0.386514,0.500765,0.497906,0.499265,-1.656,-1.62822,-1.64143
64,1.7695,0.660569,0.386514,0.386514,0.500765,0.497906,0.499265,1.55345,1.58124,1.56803
64,2.1234,0.634936,0.386514,0.386514,0.500765,0.497906,0.499265,1.30428,1.33206,1.31885
64,2.4773,0.705594,0.386514,0.386514,0.500765,0.497906,0.499265,1.99113,2.01892,2.00571
64,2.8312,0.718067,0.386514,0.386514,0.500765,0.497906,0.499265,2.11238,2.14017,2.12695
64,3.1851,0.514742,0.386514,0.386514,0.500765,0.497906,0.499265,0.135871,0.163656,0.150445
64,3.539,0.594357,0.386514,0.386514,0.500765,0.497906,0.499265,0.909804,0.937589,0.924378
64,3.8929,0.594584,0.386514,0.386514,0.500765,0.497906,0.499265,0.912009,0.939794,0.926582
64,4.2468,0.642707,0.386514,0.386514,0.500765,0.497906,0.499265,1.37981,1.4076,1.39439
64,4.6007,0.427338,0.386514,0.386514,0.500765,0.497906,0.499265,-0.71378,-0.685995,-0.699206
64,4.9546,0.433066,0.386514,0.386514,0.500765,0.497906,0.499265,-0.658092,-0.630307,-0.643518
64,5.3085,0.555863,0.386514,0.386514,0.500765,0.497906,0.499265,0.535608,0.563393,0.550182
64,5.6624,0.735417,0.386514,0.386514,0.500765,0.497906,0.499265,2.28105,2.30883,2.29562
64,6.0162,0.618907,0.386514,0.386514,0.500765,0.497906,0.499265,1.14846,1.17624,1.16303
64,6.3701,0.488778,0.386514,0.386514,0.500765,0.497906,0.499265,-0.116524,-0.0887385,-0.10195
64,6.724,0.513276,0.386514,0.386514,0.500765,0.497906,0.499265,0.121621,0.149406,0.136195
64,7.0779,0.474022,0.386514,0.386514,0.500765,0.497906,0.499265,-0.259967,-0.232182,-0.245394
64,7.4318,0.595209,0.386514,0.386514,0.500765,0.497906,0.499265,0.918087,0.945872,0.93266
64,7.7857,0.457651,0.386514,0.386514,0.500765,0.497906,0.499265,-0.41911,-0.391325,-0.404536
64,8.1396,0.410288,0.386514,0.386514,0.500765,0.497906,0.499265,-0.879514,-0.851729,-0.86494
64,8.4935,0.569294,0.386514,0.386514,0.500765,0.497906,0.499265,0.666174,0.693959,0.680748
64,8.8474,0.395502,0.386514,0.386514,0.500765,0.497906,0.499265,-1.02325,-0.995469,-1.00868
64,9.2013,0.489511,0.386514,0.386514,0.500765,0.497906,0.499265,-0.1094,-0.081615,-0.0948261
64,9.5552,0.438365,0.386514,0.386514,0.500765,0.497906,0.499265,-0.606586,-0.578801,-0.592013
64,9.9091,0.428329,0.386514,0.386514,0.500765,0.497906,0.499265,-0.704146,-0.676361,-0.689572
64,10.263,0.454435,0.386514,0.386514,0.500765,0.497906,0.499265,-0.450368,-0.422583,-0.435794
64,10.6169,0.432373,0.386514,0.386514,0.500765,0.497906,0.499265,-0.664833,-0.637048,-0.65026
64,10.9708,0.491993,0.386514,0.386514,0.500765,0.497906,0.499265,-0.0852676,-0.0574826,-0.0706938
64,11.3247,0.420928,0.386514,0.386514,0.500765,0.497906,0.499265,-0.776088,-0.748303,-0.761514
64,11.6786,0.459801,0.386514,0.386514,0.500765,0.497906,0.499265,-0.398207,-0.370422,-0.383633
64,12.0325,0.460275,0.386514,0.386514,0.500765,0.497906,0.499265,-0.393596,-0.365811,-0.379023
64,12.3863,0.444734,0.386514,0.386514,0.500765,0.497906,0.499265,-0.544672,-0.516887,-0.530098
64,12.7402,0.554884,0.386514,0.386514,0.500765,0.497906,0.499265,0.526087,0.553872,0.540661
64,13.0941,0.436904,0.386514,0.386514,0.500765,0.497906,0.499265,-0.62079,-0.593005,-0.606216
64,13.448,0.440428,0.386514,0.386514,0.500765,0.497906,0.499265,-0.586526,-0.558741,-0.571953
64,13.8019,0.502395,0.386514,0.386514,0.500765,0.497906,0.499265,0.0158518,0.0436369,0.0304257
64,14.1558,0.499169,0.386514,0.386514,0.500765,0.497906,0.499265,-0.0155133,0.0122717,-0.000939442
64,14.5097,0.481549,0.386514,0.386514,0.500765,0.497906,0.499265,-0.186792,-0.159007,-0.172218
64,14.8636,0.477382,0.386514,0.386514,0.500765,0.497906,0.499265,-0.227305,-0.19952,-0.212731
64,15.2175,0.328468,0.386514,0.386514,0.500765,0.497906,0.499265,-1.67489,-1.64711,-1.66032
64,15.5714,0.294066,0.386514,0.386514,0.500765,0.497906,0.499265,-2.00931,-1.98152,-1.99473
64,15.9253,0.422049,0.386514,0.386514,0.500765,0.497906,0.499265,-0.765195,-0.73741,-0.750621
64,16.2792,0.451876,0.386514,0.386514,0.500765,0.497906,0.499265,-0.475249,-0.447464,-0.460675
64,16.6331,0.608655,0.386514,0.386514,0.500765,0.497906,0.499265,1.04879,1.07658,1.06337
64,16.987,0.43731,0.386514,0.386514,0.500765,0.497906,0.499265,-0.61684,-0.589055,-0.602266
64,17.3409,0.425004,0.386514,0.386514,0.500765,0.497906,0.499265,-0.736462,-0.708677,-0.721888
65,0,0.418786,0,0,0,0,0,4.071,4.071,4.071
65,0.3539,0.420291,0.386514,0.386514,0.38023,0.37977,0.38772,0.38943,0.393902,0.316623
65,0.7078,0.44556,0.386514,0.386514,0.38023,0.37977,0.38772,0.635069,0.63954,0.562261
65,1.0617,0.408699,0.386514,0.386514,0.38023,0.37977,0.38772,0.276744,0.281215,0.203936
65,1.4156,0.456662,0.386514,0.386514,0.38023,0.37977,0.38772,0.742993,0.747465,0.670186
65,1.7695,0.508663,0.386514,0.386514,0.38023,0.37977,0.38772,1.24849,1.25296,1.17568
65,2.1234,0.425397,0.386514,0.386514,0.38023,0.37977,0.38772,0.439066,0.443538,0.366259
65,2.4772,0.424834,0.386514,0.386514,0.38023,0.37977,0.38772,0.433596,0.438067,0.360789
65,2.8311,0.412325,0.386514,0.386514,0.38023,0.37977,0.38772,0.311995,0.316467,0.239188
65,3.185,0.388002,0.386514,0.386514,0.38023,0.37977,0.38772,0.0755538,0.0800254,0.00274648
65,3.5389,0.50456,0.386514,0.386514,0.38023,0.37977,0.38772,1.20861,1.21308,1.1358
65,3.8928,0.4018,0.386514,0.386514,0.38023,0.37977,0.38772,0.20968,0.214152,0.136873
65,4.2467,0.477574,0.386514,0.386514,0.38023,0.37977,0.38772,0.946271,0.950743,0.873464
65,4.6006,0.37788,0.386514,0.386514,0.38023,0.37977,0.38772,-0.0228509,-0.0183792,-0.0956582
65,4.9545,0.494108,0.386514,0.386514,0.38023,0.37977,0.38772,1.107,1.11147,1.03419
65,5.3084,0.402621,0.386514,0.386514,0.38023,0.37977,0.38772,0.217661,0.222132,0.144854
65,5.6623,0.456665,0.386514,0.386514,0.38023,0.37977,0.38772,0.74302,0.747491,0.670212
65,6.0162,0.444485,0.386514,0.386514,0.38023,0.37977,0.38772,0.624615,0.629087,0.551808
65,6.3701,0.457427,0.386514,0.386514,0.38023,0.37977,0.38772,0.750421,0.754893,0.677614
65,6.724,0.414124,0.386514,0.386514,0.38023,0.37977,0.38772,0.329481,0.333953,0.256674
65,7.0779,0.550974,0.386514,0.386514,0.38023,0.37977,0.38772,1.65979,1.66426,1.58698
65,7.4318,0.394722,0.386514,0.386514,0.38023,0.37977,0.38772,0.140878,0.145349,0.0680702
65,7.7857,0.301398,0.386514,0.386514,0.38023,0.37977,0.38772,-0.766319,-0.761848,-0.839127
65,8.1396,0.354731,0.386514,0.386514,0.38023,0.37977,0.38772,-0.247877,-0.243405,-0.320684
65,8.4935,0.370106,0.386514,0.386514,0.38023,0.37977,0.38772,-0.0984181,-0.0939465,-0.171225
65,8.8473,0.242245,0.386514,0.386514,0.38023,0.37977,0.38772,-1.34135,-1.33688,-1.41416
65,9.2012,0.435846,0.386514,0.386514,0.38023,0.37977,0.38772,0.540643,0.545114,0.467836
65,9.5551,0.359867,0.386514,0.386514,0.38023,0.37977,0.38772,-0.197947,-0.193475,-0.270754
65,9.909,0.324331,0.386514,0.386514,0.38023,0.37977,0.38772,-0.543394,-0.538922,-0.616201
65,10.2629,0.359146,0.386514,0.386514,0.38023,0.37977,0.38772,-0.204961,-0.200489,-0.277768
65,10.6168,0.351994,0.386514,0.386514,0.38023,0.37977,0.38772,-0.274478,-0.270006,-0.347285
65,10.9707,0.357472,0.386514,0.386514,0.38023,0.37977,0.38772,-0.221232,-0.216761,-0.29404
65,11.3246,0.486645,0.386514,0.386514,0.38023,0.37977,0.38772,1.03445,1.03892,0.961642
65,11.6785,0.32677,0.386514,0.386514,0.38023,0.37977,0.38772,-0.51968,-0.515208,-0.592487
65,12.0324,0.403851,0.386514,0.386514,0.38023,0.37977,0.38772,0.229614,0.234086,0.156807
65,12.3863,0.34884,0.386514,0.386514,0.38023,0.37977,0.38772,-0.305139,-0.300668,-0.377947
65,12.7402,0.449762,0.386514,0.386514,0.38023,0.37977,0.38772,0.675916,0.680388,0.603109
65,13.0941,0.45855,0.386514,0.386514,0.38023,0.37977,0.38772,0.761343,0.765815,0.688536
65,13.448,0.309135,0.386514,0.386514,0.38023,0.37977,0.38772,-0.691112,-0.686641,-0.763919
65,13.8019,0.395054,0.386514,0.386514,0.38023,0.37977,0.38772,0.144103,0.148574,0.0712954
65,14.1558,0.343036,0.386514,0.386514,0.38023,0.37977,0.38772,-0.361562,-0.357091,-0.43437
65,14.5097,0.379511,0.386514,0.386514,0.38023,0.37977,0.38772,-0.00698858,-0.00251696,-0.0797959
65,14.8636,0.345495,0.386514,0.386514,0.38023,0.37977,0.38772,-0.337661,-0.333189,-0.410468
65,15.2174,0.323394,0.386514,0.386514,0.38023,0.37977,0.38772,-0.552501,-0.54803,-0.625309
65,15.5713,0.274503,0.386514,0.386514,0.38023,0.37977,0.38772,-1.02777,-1.0233,-1.10057
65,15.9252,0.201318,0.386514,0.386514,0.38023,0.37977,0.38772,-1.73919,-1.73472,-1.812
65,16.2791,0.31129,0.386514,0.386514,0.38023,0.37977,0.38772,-0.670164,-0.665692,-0.742971
65,16.633,0.318456,0.386514,0.386514,0.38023,0.37977,0.38772,-0.600501,-0.596029,-0.673308
65,16.9869,0.334769,0.386514,0.386514,0.38023,0.37977,0.38772,-0.441928,-0.437457,-0.514736
65,17.3408,0.273808,0.386514,0.386514,0.38023,0.37977,0.38772,-1.03453,-1.03006,-1.10734
66,0,0.340092,0,0,0,0,0,3.30601,3.30601,3.30601
66,0.3539,0.389548,0.386514,0.386514,0.370422,0.370872,0.375671,0.185926,0.181555,0.1349
66,0.7078,0.309334,0.386514,0.386514,0.370422,0.370872,0.375671,-0.593832,-0.598203,-0.644858
66,1.0617,0.38676,0.386514,0.386514,0.370422,0.370872,0.375671,0.158826,0.154455,0.107799
66,1.4156,0.395141,0.386514,0.386514,0.370422,0.370872,0.375671,0.240296,0.235925,0.18927
66,1.7695,0.559163,0.386514,0.386514,0.370422,0.370872,0.375671,1.83474,1.83037,1.78372
66,2.1234,0.576061,0.386514,0.386514,0.370422,0.370872,0.375671,1.99901,1.99463,1.94798
66,2.4773,0.432418,0.386514,0.386514,0.370422,0.370872,0.375671,0.602659,0.598288,0.551633
66,2.8312,0.437098,0.386514,0.386514,0.370422,0.370872,0.375671,0.648151,0.64378,0.597125
66,3.1851,0.624141,0.386514,0.386514,0.370422,0.370872,0.375671,2.46639,2.46202,2.41537
66,3.539,0.331375,0.386514,0.386514,0.370422,0.370872,0.375671,-0.379575,-0.383946,-0.430601
66,3.8929,0.488564,0.386514,0.386514,0.370422,0.370872,0.375671,1.14845,1.14408,1.09742
66,4.2468,0.554382,0.386514,0.386514,0.370422,0.370872,0.375671,1.78826,1.78389,1.73724
66,4.6007,0.449982,0.386514,0.386514,0.370422,0.370872,0.375671,0.7734,0.769029,0.722374
66,4.9546,0.451028,0.386514,0.386514,0.370422,0.370872,0.375671,0.783568,0.779197,0.732542
66,5.3085,0.403079,0.386514,0.386514,0.370422,0.370872,0.375671,0.317462,0.313091,0.266436
66,5.6624,0.36971,0.386514,0.386514,0.370422,0.370872,0.375671,-0.00691554,-0.0112866,-0.0579419
66,6.0162,0.426478,0.386514,0.386514,0.370422,0.370872,0.375671,0.544914,0.540543,0.493888
66,6.3701,0.49172,0.386514,0.386514,0.370422,0.370872,0.375671,1.17913,1.17476,1.1281
66,6.724,0.300275,0.386514,0.386514,0.370422,0.370872,0.375671,-0.681889,-0.68626,-0.732915
66,7.0779,0.462021,0.386514,0.386514,0.370422,0.370872,0.375671,0.890434,0.886063,0.839408
66,7.4318,0.407197,0.386514,0.386514,0.370422,0.370872,0.375671,0.357491,0.353119,0.306464
66,7.7857,0.310453,0.386514,0.386514,0.370422,0.370872,0.375671,-0.58295,-0.587321,-0.633976
66,8.1396,0.396239,0.386514,0.386514,0.370422,0.370872,0.375671,0.250971,0.2466,0.199945
66,8.4935,0.327689,0.386514,0.386514,0.370422,0.370872,0.375671,-0.415403,-0.419774,-0.466429
66,8.8474,0.354449,0.386514,0.386514,0.370422,0.370872,0.375671,-0.155273,-0.159644,-0.206299
66,9.2013,0.349364,0.386514,0.386514,0.370422,0.370872,0.375671,-0.204706,-0.209077,-0.255732
66,9.5552,0.502396,0.386514,0.386514,0.370422,0.370872,0.375671,1.28292,1.27855,1.23189
66,9.9091,0.364189,0.386514,0.386514,0.370422,0.370872,0.375671,-0.0605875,-0.0649586,-0.111614
66,10.263,0.347833,0.386514,0.386514,0.370422,0.370872,0.375671,-0.219581,-0.223952,-0.270608
66,10.6169,0.367606,0.386514,0.386514,0.370422,0.370872,0.375671,-0.0273694,-0.0317404,-0.0783957
66,10.9708,0.311075,0.386514,0.386514,0.370422,0.370872,0.375671,-0.576909,-0.58128,-0.627935
66,11.3247,0.35233,0.386514,0.386514,0.370422,0.370872,0.375671,-0.175874,-0.180245,-0.2269
66,11.6786,0.290824,0.386514,0.386514,0.370422,0.370872,0.375671,-0.773771,-0.778142,-0.824797
66,12.0325,0.312717,0.386514,0.386514,0.370422,0.370872,0.375671,-0.560942,-0.565313,-0.611968
66,12.3863,0.236671,0.386514,0.386514,0.370422,0.370872,0.375671,-1.30018,-1.30455,-1.35121
66,12.7402,0.346607,0.386514,0.386514,0.370422,0.370872,0.375671,-0.231506,-0.235877,-0.282533
66,13.0941,0.29969,0.386514,0.386514,0.370422,0.370872,0.375671,-0.687583,-0.691954,-0.738609
66,13.448,0.294219,0.386514,0.386514,0.370422,0.370872,0.375671,-0.740761,-0.745132,-0.791787
66,13.8019,0.345779,0.386514,0.386514,0.370422,0.370872,0.375671,-0.239553,-0.243924,-0.290579
66,14.1558,0.34583,0.386514,0.386514,0.370422,0.370872,0.375671,-0.239052,-0.243423,-0.290078
66,14.5097,0.29492,0.386514,0.386514,0.370422,0.370872,0.375671,-0.73395,-0.738321,-0.784976
66,14.8636,0.231732,0.386514,0.386514,0.370422,0.370872,0.375671,-1.3482,-1.35257,-1.39923
66,15.2175,0.287434,0.386514,0.386514,0.370422,0.370872,0.375671,-0.80672,-0.811091,-0.857746
66,15.5714,0.294875,0.386514,0.386514,0.370422,0.370872,0.375671,-0.734385,-0.738756,-0.785411
66,15.9253,0.225169,0.386514,0.386514,0.370422,0.370872,0.375671,-1.41199,-1.41637,-1.46302
66,16.2792,0.283787,0.386514,0.386514,0.370422,0.370872,0.375671,-0.842175,-0.846546,-0.893201
66,16.6331,0.249947,0.386514,0.386514,0.370422,0.370872,0.375671,-1.17113,-1.1755,-1.22215
66,16.987,0.392657,0.386514,0.386514,0.370422,0.370872,0.375671,0.216151,0.21178,0.165124
66,17.3409,0.269182,0.386514,0.386514,0.370422,0.370872,0.375671,-0.984144,-0.988515,-1.03517
67,0,0.431441,0,0,0,0,0,4.19401,4.19401,4.19401
67,0.3539,0.596425,0.386514,0.386514,0.444337,0.446282,0.448872,1.47844,1.45953,1.43435
67,0.7078,0.51504,0.386514,0.386514,0.444337,0.446282,0.448872,0.687299,0.668395,0.643218
67,1.0617,0.509611,0.386514,0.386514,0.444337,0.446282,0.448872,0.634526,0.615622,0.590445
67,1.4156,0.440205,0.386514,0.386514,0.444337,0.446282,0.448872,-0.0401705,-0.0590747,-0.0842517
67,1.7695,0.671826,0.386514,0.386514,0.444337,0.446282,0.448872,2.21141,2.1925,2.16733
67,2.1234,0.282429,0.386514,0.386514,0.444337,0.446282,0.448872,-1.5739,-1.5928,-1.61798
67,2.4773,0.630592,0.386514,0.386514,0.444337,0.446282,0.448872,1.81057,1.79167,1.76649
67,2.8312,0.587342,0.386514,0.386514,0.444337,0.446282,0.448872,1.39015,1.37124,1.34606
67,3.1851,0.620921,0.386514,0.386514,0.444337,0.446282,0.448872,1.71656,1.69766,1.67248
67,3.539,0.59893,0.386514,0.386514,0.444337,0.446282,0.448872,1.50279,1.48389,1.45871
67,3.8929,0.603105,0.386514,0.386514,0.444337,0.446282,0.448872,1.54337,1.52447,1.49929
67,4.2468,0.311217,0.386514,0.386514,0.444337,0.446282,0.448872,-1.29406,-1.31296,-1.33814
67,4.6007,0.680635,0.386514,0.386514,0.444337,0.446282,0.448872,2.29703,2.27813,2.25295
67,4.9546,0.578142,0.386514,0.386514,0.444337,0.446282,0.448872,1.30071,1.2818,1.25662
67,5.3085,0.56897,0.386514,0.386514,0.444337,0.446282,0.448872,1.21155,1.19264,1.16746
67,5.6624,0.629607,0.386514,0.386514,0.444337,0.446282,0.448872,1.801,1.7821,1.75692
67,6.0162,0.357116,0.386514,0.386514,0.444337,0.446282,0.448872,-0.84787,-0.866774,-0.891951
67,6.3701,0.48085,0.386514,0.386514,0.444337,0.446282,0.448872,0.354936,0.336032,0.310855
67,6.724,0.384047,0.386514,0.386514,0.444337,0.446282,0.448872,-0.586082,-0.604986,-0.630163
67,7.0779,0.270833,0.386514,0.386514,0.444337,0.446282,0.448872,-1.68662,-1.70553,-1.73071
67,7.4318,0.441582,0.386514,0.386514,0.444337,0.446282,0.448872,-0.0267851,-0.0456892,-0.0708662
67,7.7857,0.461305,0.386514,0.386514,0.444337,0.446282,0.448872,0.164944,0.14604,0.120863
67,8.1396,0.561817,0.386514,0.386514,0.444337,0.446282,0.448872,1.14202,1.12311,1.09794
67,8.4935,0.554219,0.386514,0.386514,0.444337,0.446282,0.448872,1.06815,1.04925,1.02407
67,8.8474,0.659131,0.386514,0.386514,0.444337,0.446282,0.448872,2.088,2.06909,2.04391
67,9.2013,0.362579,0.386514,0.386514,0.444337,0.446282,0.448872,-0.794766,-0.81367,-0.838847
67,9.5552,0.441733,0.386514,0.386514,0.444337,0.446282,0.448872,-0.0253135,-0.0442177,-0.0693946
67,9.9091,0.450131,0.386514,0.386514,0.444337,0.446282,0.448872,0.0563185,0.0374144,0.0122374
67,10.263,0.483096,0.386514,0.386514,0.444337,0.446282,0.448872,0.376773,0.357869,0.332692
67,10.6169,0.437675,0.386514,0.386514,0.444337,0.446282,0.448872,-0.0647594,-0.0836635,-0.10884
67,10.9708,0.533411,0.386514,0.386514,0.444337,0.446282,0.448872,0.865883,0.846978,0.821801
67,11.3247,0.428267,0.386514,0.386514,0.444337,0.446282,0.448872,-0.156217,-0.175121,-0.200298
67,11.6786,0.320279,0.386514,0.386514,0.444337,0.446282,0.448872,-1.20596,-1.22487,-1.25004
67,12.0325,0.294044,0.386514,0.386514,0.444337,0.446282,0.448872,-1.461,-1.4799,-1.50508
67,12.3863,0.25931,0.386514,0.386514,0.444337,0.446282,0.448872,-1.79864,-1.81754,-1.84272
67,12.7402,0.423454,0.386514,0.386514,0.444337,0.446282,0.448872,-0.203005,-0.221909,-0.247086
67,13.0941,0.44492,0.386514,0.386514,0.444337,0.446282,0.448872,0.00566284,-0.0132413,-0.0384183
67,13.448,0.352342,0.386514,0.386514,0.444337,0.446282,0.448872,-0.894278,-0.913183,-0.93836
67,13.8019,0.491253,0.386514,0.386514,0.444337,0.446282,0.448872,0.456064,0.43716,0.411983
67,14.1558,0.239708,0.386514,0.386514,0.444337,0.446282,0.448872,-1.98919,-2.0081,-2.03328
67,14.5097,0.287466,0.386514,0.386514,0.444337,0.446282,0.448872,-1.52494,-1.54384,-1.56902
67,14.8636,0.35537,0.386514,0.386514,0.444337,0.446282,0.448872,-0.864847,-0.883751,-0.908928
67,15.2175,0.348342,0.386514,0.386514,0.444337,0.446282,0.448872,-0.933169,-0.952073,-0.97725
67,15.5714,0.302962,0.386514,0.386514,0.444337,0.446282,0.448872,-1.37431,-1.39321,-1.41839
67,15.9253,0.458218,0.386514,0.386514,0.444337,0.446282,0.448872,0.134936,0.116032,0.0908545
67,16.2792,0.370414,0.386514,0.386514,0.444337,0.446282,0.448872,-0.718604,-0.737509,-0.762686
67,16.6331,0.335817,0.386514,0.386514,0.444337,0.446282,0.448872,-1.05492,-1.07382,-1.099
67,16.987,0.354023,0.386514,0.386514,0.444337,0.446282,0.448872,-0.877938,-0.896842,-0.922019
67,17.3409,0.359688,0.386514,0.386514,0.444337,0.446282,0.448872,-0.822875,-0.841779,-0.866956
68,0,0.249403,0,0,0,0,0,2.42444,2.42444,2.42444
68,0.3539,0.429683,0.386514,0.386514,0.369947,0.370333,0.374339,0.580698,0.576942,0.538002
68,0.7078,0.341191,0.386514,0.386514,0.369947,0.370333,0.374339,-0.279527,-0.283283,-0.322224
68,1.0617,0.449725,0.386514,0.386514,0.369947,0.370333,0.374339,0.775523,0.771768,0.732827
68,1.4156,0.528999,0.386514,0.386514,0.369947,0.370333,0.374339,1.54614,1.54239,1.50345
68,1.7695,0.513711,0.386514,0.386514,0.369947,0.370333,0.374339,1.39752,1.39377,1.35483
68,2.1234,0.430524,0.386514,0.386514,0.369947,0.370333,0.374339,0.58887,0.585114,0.546174
68,2.4773,0.40873,0.386514,0.386514,0.369947,0.370333,0.374339,0.377012,0.373256,0.334316
68,2.8312,0.339582,0.386514,0.386514,0.369947,0.370333,0.374339,-0.295176,-0.298932,-0.337872
68,3.1851,0.420268,0.386514,0.386514,0.369947,0.370333,0.374339,0.489174,0.485419,0.446478
68,3.539,0.370819,0.386514,0.386514,0.369947,0.370333,0.374339,0.00848457,0.00472871,-0.0342115
68,3.8929,0.458799,0.386514,0.386514,0.369947,0.370333,0.374339,0.863731,0.859975,0.821035
68,4.2468,0.393617,0.386514,0.386514,0.369947,0.370333,0.374339,0.230102,0.226346,0.187406
68,4.6007,0.429365,0.386514,0.386514,0.369947,0.370333,0.374339,0.5776,0.573844,0.534904
68,4.9546,0.362488,0.386514,0.386514,0.369947,0.370333,0.374339,-0.0725007,-0.0762566,-0.115197
68,5.3085,0.389138,0.386514,0.386514,0.369947,0.370333,0.374339,0.186555,0.182799,0.143859
68,5.6624,0.420027,0.386514,0.386514,0.369947,0.370333,0.374339,0.486834,0.483078,0.444138
68,6.0162,0.556407,0.386514,0.386514,0.369947,0.370333,0.374339,1.81257,1.80881,1.76987
68,6.3701,0.310337,0.386514,0.386514,0.369947,0.370333,0.374339,-0.579464,-0.58322,-0.62216
68,6.724,0.300502,0.386514,0.386514,0.369947,0.370333,0.374339,-0.675069,-0.678825,-0.717765
68,7.0779,0.403463,0.386514,0.386514,0.369947,0.370333,0.374339,0.325815,0.322059,0.283118
68,7.4318,0.430771,0.386514,0.386514,0.369947,0.370333,0.374339,0.591269,0.587513,0.548573
68,7.7857,0.399888,0.386514,0.386514,0.369947,0.370333,0.374339,0.291059,0.287303,0.248363
68,8.1396,0.443299,0.386514,0.386514,0.369947,0.370333,0.374339,0.713052,0.709296,0.670356
68,8.4935,0.379238,0.386514,0.386514,0.369947,0.370333,0.374339,0.0903217,0.0865659,0.0476257
68,8.8474,0.365009,0.386514,0.386514,0.369947,0.370333,0.374339,-0.047997,-0.0517528,-0.090693
68,9.2013,0.313988,0.386514,0.386514,0.369947,0.370333,0.374339,-0.543972,-0.547727,-0.586668
68,9.5552,0.281871,0.386514,0.386514,0.369947,0.370333,0.374339,-0.856174,-0.85993,-0.89887
68,9.9091,0.324945,0.386514,0.386514,0.369947,0.370333,0.374339,-0.437454,-0.44121,-0.48015
68,10.263,0.300102,0.386514,0.386514,0.369947,0.370333,0.374339,-0.678957,-0.682713,-0.721653
68,10.6169,0.312699,0.386514,0.386514,0.369947,0.370333,0.374339,-0.556497,-0.560253,-0.599193
68,10.9708,0.29572,0.386514,0.386514,0.369947,0.370333,0.374339,-0.72155,-0.725306,-0.764246
68,11.3247,0.278851,0.386514,0.386514,0.369947,0.370333,0.374339,-0.885535,-0.88929,-0.928231
68,11.6786,0.223771,0.386514,0.386514,0.369947,0.370333,0.374339,-1.42096,-1.42472,-1.46366
68,12.0325,0.319998,0.386514,0.386514,0.369947,0.370333,0.374339,-0.485545,-0.489301,-0.528241
68,12.3863,0.336196,0.386514,0.386514,0.369947,0.370333,0.374339,-0.32809,-0.331846,-0.370786
68,12.7402,0.404928,0.386514,0.386514,0.369947,0.370333,0.374339,0.340049,0.336293,0.297353
68,13.0941,0.327563,0.386514,0.386514,0.369947,0.370333,0.374339,-0.412007,-0.415763,-0.454703
68,13.448,0.371746,0.386514,0.386514,0.369947,0.370333,0.374339,0.0174968,0.013741,-0.0251992
68,13.8019,0.348009,0.386514,0.386514,0.369947,0.370333,0.374339,-0.213253,-0.217009,-0.255949
68,14.1558,0.280836,0.386514,0.386514,0.369947,0.370333,0.374339,-0.866236,-0.869992,-0.908932
68,14.5097,0.269215,0.386514,0.386514,0.369947,0.370333,0.374339,-0.979203,-0.982959,-1.0219
68,14.8636,0.372531,0.386514,0.386514,0.369947,0.370333,0.374339,0.0251208,0.0213649,-0.0175753
68,15.2175,0.388747,0.386514,0.386514,0.369947,0.370333,0.374339,0.18276,0.179004,0.140064
68,15.5714,0.362193,0.386514,0.386514,0.369947,0.370333,0.374339,-0.075377,-0.0791328,-0.118073
68,15.9253,0.387273,0.386514,0.386514,0.369947,0.370333,0.374339,0.168429,0.164673,0.125733
68,16.2792,0.364093,0.386514,0.386514,0.369947,0.370333,0.374339,-0.0569022,-0.060658,-0.0995982
68,16.6331,0.41764,0.386514,0.386514,0.369947,0.370333,0.374339,0.463627,0.459871,0.420931
68,16.987,0.210525,0.386514,0.386514,0.369947,0.370333,0.374339,-1.54972,-1.55348,-1.59242
68,17.3409,0.355397,0.386514,0.386514,0.369947,0.370333,0.374339,-0.141432,-0.145188,-0.184128
69,0,0.391765,0,0,0,0,0,3.80832,3.80832,3.80832
69,0.3539,0.336762,0.386514,0.386514,0.364911,0.364989,0.365788,-0.273627,-0.27439,-0.282158
69,0.7078,0.345603,0.386514,0.386514,0.364911,0.364989,0.365788,-0.187692,-0.188454,-0.196222
69,1.0617,0.304683,0.386514,0.386514,0.364911,0.364989,0.365788,-0.585468,-0.58623,-0.593998
69,1.4156,0.434619,0.386514,0.386514,0.364911,0.364989,0.365788,0.677635,0.676872,0.669104
69,1.7695,0.448932,0.386514,0.386514,0.364911,0.364989,0.365788,0.816769,0.816007,0.808238
69,2.1234,0.396661,0.386514,0.386514,0.364911,0.364989,0.365788,0.308646,0.307884,0.300115
69,2.4773,0.326118,0.386514,0.386514,0.364911,0.364989,0.365788,-0.377098,-0.377861,-0.385629
69,2.8312,0.484693,0.386514,0.386514,0.364911,0.364989,0.365788,1.1644,1.16364,1.15587
69,3.1851,0.443604,0.386514,0.386514,0.364911,0.364989,0.365788,0.764977,0.764215,0.756447
69,3.539,0.364236,0.386514,0.386514,0.364911,0.364989,0.365788,-0.00655732,-0.00731969,-0.0150882
69,3.8929,0.352284,0.386514,0.386514,0.364911,0.364989,0.365788,-0.122743,-0.123505,-0.131274
69,4.2468,0.385734,0.386514,0.386514,0.364911,0.364989,0.365788,0.202423,0.20166,0.193892
69,4.6007,0.386954,0.386514,0.386514,0.364911,0.364989,0.365788,0.21428,0.213518,0.205749
69,4.9546,0.459237,0.386514,0.386514,0.364911,0.364989,0.365788,0.916941,0.916179,0.90841
69,5.3085,0.437324,0.386514,0.386514,0.364911,0.364989,0.365788,0.703932,0.70317,0.695401
69,5.6624,0.372909,0.386514,0.386514,0.364911,0.364989,0.365788,0.0777565,0.0769942,0.0692256
69,6.0162,0.419174,0.386514,0.386514,0.364911,0.364989,0.365788,0.527489,0.526726,0.518958
69,6.3701,0.393503,0.386514,0.386514,0.364911,0.364989,0.365788,0.277947,0.277185,0.269416
69,6.724,0.406541,0.386514,0.386514,0.364911,0.364989,0.365788,0.404687,0.403925,0.396156
69,7.0779,0.402938,0.386514,0.386514,0.364911,0.364989,0.365788,0.369661,0.368898,0.36113
69,7.4318,0.409716,0.386514,0.386514,0.364911,0.364989,0.365788,0.435553,0.43479,0.427022
69,7.7857,0.36476,0.386514,0.386514,0.364911,0.364989,0.365788,-0.00146351,-0.00222588,-0.00999439
69,8.1396,0.321814,0.386514,0.386514,0.364911,0.364989,0.365788,-0.418934,-0.419697,-0.427465
69,8.4935,0.350356,0.386514,0.386514,0.364911,0.364989,0.365788,-0.141483,-0.142245,-0.150014
69,8.8474,0.444745,0.386514,0.386514,0.364911,0.364989,0.365788,0.776064,0.775302,0.767533
69,9.2013,0.23202,0.386514,0.386514,0.364911,0.364989,0.365788,-1.29182,-1.29258,-1.30035
69,9.5552,0.389362,0.386514,0.386514,0.364911,0.364989,0.365788,0.237687,0.236925,0.229156
69,9.9091,0.371312,0.386514,0.386514,0.364911,0.364989,0.365788,0.0622273,0.0614649,0.0536964
69,10.263,0.386623,0.386514,0.386514,0.364911,0.364989,0.365788,0.21107,0.210308,0.202539
69,10.6169,0.308784,0.386514,0.386514,0.364911,0.364989,0.365788,-0.5456,-0.546362,-0.554131
69,10.9708,0.332132,0.386514,0.386514,0.364911,0.364989,0.365788,-0.318642,-0.319404,-0.327173
69,11.3247,0.35815,0.386514,0.386514,0.364911,0.364989,0.365788,-0.0657232,-0.0664855,-0.0742541
69,11.6786,0.325609,0.386514,0.386514,0.364911,0.364989,0.365788,-0.38205,-0.382812,-0.390581
69,12.0325,0.326987,0.386514,0.386514,0.364911,0.364989,0.365788,-0.368657,-0.369419,-0.377188
69,12.3863,0.431846,0.386514,0.386514,0.364911,0.364989,0.365788,0.65068,0.649918,0.642149
69,12.7402,0.235626,0.386514,0.386514,0.364911,0.364989,0.365788,-1.25677,-1.25753,-1.2653
69,13.0941,0.280775,0.386514,0.386514,0.364911,0.364989,0.365788,-0.817876,-0.818638,-0.826407
69,13.448,0.38776,0.386514,0.386514,0.364911,0.364989,0.365788,0.222115,0.221353,0.213584
69,13.8019,0.301169,0.386514,0.386514,0.364911,0.364989,0.365788,-0.619626,-0.620389,-0.628157
69,14.1558,0.36601,0.386514,0.386514,0.364911,0.364989,0.365788,0.0106832,0.00992084,0.00215233
69,14.5097,0.275218,0.386514,0.386514,0.364911,0.364989,0.365788,-0.871897,-0.872659,-0.880428
69,14.8636,0.273035,0.386514,0.386514,0.364911,0.364989,0.365788,-0.893119,-0.893881,-0.901649
69,15.2175,0.246083,0.386514,0.386514,0.364911,0.364989,0.365788,-1.15512,-1.15588,-1.16365
69,15.5714,0.171251,0.386514,0.386514,0.364911,0.364989,0.365788,-1.88255,-1.88331,-1.89108
69,15.9253,0.268194,0.386514,0.386514,0.364911,0.364989,0.365788,-0.940176,-0.940938,-0.948707
69,16.2792,0.269961,0.386514,0.386514,0.364911,0.364989,0.365788,-0.922995,-0.923757,-0.931526
69,16.6331,0.298308,0.386514,0.386514,0.364911,0.364989,0.365788,-0.647437,-0.6482,-0.655968
69,16.987,0.230932,0.386514,0.386514,0.364911,0.364989,0.365788,-1.3024,-1.30316,-1.31093
69,17.3409,0.251747,0.386514,0.386514,0.364911,0.364989,0.365788,-1.10005,-1.10082,-1.10858
70,0,0.368755,0,0,0,0,0,3.58465,3.58465,3.58465
70,0.3539,0.404066,0.386514,0.386514,0.37172,0.371936,0.377102,0.314434,0.312327,0.262108
70,0.7078,0.56217,0.386514,0.386514,0.37172,0.371936,0.377102,1.85136,1.84925,1.79903
70,1.0617,0.34374,0.386514,0.386514,0.37172,0.371936,0.377102,-0.271986,-0.274093,-0.324312
70,1.4156,0.528414,0.386514,0.386514,0.37172,0.371936,0.377102,1.52322,1.52111,1.47089
70,1.7695,0.398308,0.386514,0.386514,0.37172,0.371936,0.377102,0.258465,0.256358,0.206139
70,2.1234,0.425315,0.386514,0.386514,0.37172,0.371936,0.377102,0.520994,0.518887,0.468668
70,2.4773,0.427519,0.386514,0.386514,0.37172,0.371936,0.377102,0.54242,0.540314,0.490095
70,2.8312,0.286986,0.386514,0.386514,0.37172,0.371936,0.377102,-0.823692,-0.825799,-0.876017
70,3.1851,0.500592,0.386514,0.386514,0.37172,0.371936,0.377102,1.25276,1.25065,1.20043
70,3.539,0.524678,0.386514,0.386514,0.37172,0.371936,0.377102,1.4869,1.4848,1.43458
70,3.8929,0.398766,0.386514,0.386514,0.37172,0.371936,0.377102,0.262916,0.260809,0.21059
70,4.2468,0.517824,0.386514,0.386514,0.37172,0.371936,0.377102,1.42027,1.41817,1.36795
70,4.6007,0.383587,0.386514,0.386514,0.37172,0.371936,0.377102,0.115356,0.11325,0.0630309
70,4.9546,0.38121,0.386514,0.386514,0.37172,0.371936,0.377102,0.0922552,0.0901485,0.0399297
70,5.3085,0.308295,0.386514,0.386514,0.37172,0.371936,0.377102,-0.61655,-0.618657,-0.668876
70,5.6624,0.36865,0.386514,0.386514,0.37172,0.371936,0.377102,-0.029843,-0.0319496,-0.0821685
70,6.0162,0.555102,0.386514,0.386514,0.37172,0.371936,0.377102,1.78264,1.78054,1.73032
70,6.3701,0.37822,0.386514,0.386514,0.37172,0.371936,0.377102,0.0631855,0.0610788,0.01086
70,6.724,0.328898,0.386514,0.386514,0.37172,0.371936,0.377102,-0.416265,-0.418372,-0.46859
70,7.0779,0.505333,0.386514,0.386514,0.37172,0.371936,0.377102,1.29885,1.29674,1.24652
70,7.4318,0.346777,0.386514,0.386514,0.37172,0.371936,0.377102,-0.242469,-0.244575,-0.294794
70,7.7857,0.371033,0.386514,0.386514,0.37172,0.371936,0.377102,-0.00667817,-0.00878484,-0.0590037
70,8.1396,0.263752,0.386514,0.386514,0.37172,0.371936,0.377102,-1.04955,-1.05166,-1.10188
70,8.4935,0.351703,0.386514,0.386514,0.37172,0.371936,0.377102,-0.194581,-0.196688,-0.246907
70,8.8474,0.410901,0.386514,0.386514,0.37172,0.371936,0.377102,0.380878,0.378771,0.328552
70,9.2013,0.400075,0.386514,0.386514,0.37172,0.371936,0.377102,0.275638,0.273531,0.223313
70,9.5552,0.307315,0.386514,0.386514,0.37172,0.371936,0.377102,-0.626078,-0.628184,-0.678403
70,9.9091,0.430377,0.386514,0.386514,0.37172,0.371936,0.377102,0.570206,0.568099,0.51788
70,10.263,0.373139,0.386514,0.386514,0.37172,0.371936,0.377102,0.0137964,0.0116897,-0.0385291
70,10.6169,0.35029,0.386514,0.386514,0.37172,0.371936,0.377102,-0.208316,-0.210423,-0.260642
70,10.9708,0.336734,0.386514,0.386514,0.37172,0.371936,0.377102,-0.340094,-0.342201,-0.39242
70,11.3247,0.266468,0.386514,0.386514,0.37172,0.371936,0.377102,-1.02315,-1.02525,-1.07547
70,11.6786,0.339874,0.386514,0.386514,0.37172,0.371936,0.377102,-0.309567,-0.311673,-0.361892
70,12.0325,0.254806,0.386514,0.386514,0.37172,0.371936,0.377102,-1.13651,-1.13862,-1.18884
70,12.3863,0.372127,0.386514,0.386514,0.37172,0.371936,0.377102,0.00396366,0.00185699,-0.0483618
70,12.7402,0.327977,0.386514,0.386514,0.37172,0.371936,0.377102,-0.425221,-0.427328,-0.477547
70,13.0941,0.414338,0.386514,0.386514,0.37172,0.371936,0.377102,0.41429,0.412183,0.361964
70,13.448,0.391023,0.386514,0.386514,0.37172,0.371936,0.377102,0.187643,0.185536,0.135317
70,13.8019,0.24305,0.386514,0.386514,0.37172,0.371936,0.377102,-1.25079,-1.2529,-1.30312
70,14.1558,0.353075,0.386514,0.386514,0.37172,0.371936,0.377102,-0.181245,-0.183352,-0.23357
70,14.5097,0.383751,0.386514,0.386514,0.37172,0.371936,0.377102,0.116954,0.114847,0.0646284
70,14.8636,0.2945,0.386514,0.386514,0.37172,0.371936,0.377102,-0.750644,-0.752751,-0.802969
70,15.2175,0.266894,0.386514,0.386514,0.37172,0.371936,0.377102,-1.01901,-1.02111,-1.07133
70,15.5714,0.399199,0.386514,0.386514,0.37172,0.371936,0.377102,0.267125,0.265019,0.2148
70,15.9253,0.310839,0.386514,0.386514,0.37172,0.371936,0.377102,-0.591821,-0.593928,-0.644147
70,16.2792,0.300338,0.386514,0.386514,0.37172,0.371936,0.377102,-0.693896,-0.696003,-0.746222
70,16.6331,0.296526,0.386514,0.386514,0.37172,0.371936,0.377102,-0.73095,-0.733057,-0.783276
70,16.987,0.359093,0.386514,0.386514,0.37172,0.371936,0.377102,-0.122746,-0.124852,-0.175071
70,17.3409,0.294836,0.386514,0.386514,0.37172,0.371936,0.377102,-0.747385,-0.749492,-0.799711
71,0,0.249887,0,0,0,0,0,2.42914,2.42914,2.42914
71,0.3539,0.511489,0.386514,0.386514,0.403262,0.401836,0.409236,1.05207,1.06593,0.994
71,0.7078,0.418404,0.386514,0.386514,0.403262,0.401836,0.409236,0.147191,0.161056,0.0891251
71,1.0617,0.316821,0.386514,0.386514,0.403262,0.401836,0.409236,-0.840296,-0.826431,-0.898362
71,1.4156,0.624071,0.386514,0.386514,0.403262,0.401836,0.409236,2.14647,2.16033,2.0884
71,1.7695,0.527082,0.386514,0.386514,0.403262,0.401836,0.409236,1.20365,1.21751,1.14558
71,2.1234,0.608583,0.386514,0.386514,0.403262,0.401836,0.409236,1.99591,2.00977,1.93784
71,2.4773,0.354831,0.386514,0.386514,0.403262,0.401836,0.409236,-0.470802,-0.456937,-0.528868
71,2.8312,0.485695,0.386514,0.386514,0.403262,0.401836,0.409236,0.801325,0.815189,0.743258
71,3.1851,0.532003,0.386514,0.386514,0.403262,0.401836,0.409236,1.25148,1.26535,1.19342
71,3.539,0.559806,0.386514,0.386514,0.403262,0.401836,0.409236,1.52175,1.53562,1.46368
71,3.8929,0.453055,0.386514,0.386514,0.403262,0.401836,0.409236,0.484035,0.4979,0.425969
71,4.2468,0.473697,0.386514,0.386514,0.403262,0.401836,0.409236,0.684694,0.698559,0.626628
71,4.6007,0.382516,0.386514,0.386514,0.403262,0.401836,0.409236,-0.201677,-0.187812,-0.259743
71,4.9546,0.556878,0.386514,0.386514,0.403262,0.401836,0.409236,1.49329,1.50716,1.43522
71,5.3085,0.513697,0.386514,0.386514,0.403262,0.401836,0.409236,1.07353,1.08739,1.01546
71,5.6624,0.379488,0.386514,0.386514,0.403262,0.401836,0.409236,-0.231112,-0.217247,-0.289178
71,6.0162,0.441459,0.386514,0.386514,0.403262,0.401836,0.409236,0.371305,0.38517,0.313239
71,6.3701,0.536803,0.386514,0.386514,0.403262,0.401836,0.409236,1.29814,1.312,1.24007
71,6.724,0.301616,0.386514,0.386514,0.403262,0.401836,0.409236,-0.988099,-0.974234,-1.04616
71,7.0779,0.425854,0.386514,0.386514,0.403262,0.401836,0.409236,0.219614,0.233478,0.161547
71,7.4318,0.247897,0.386514,0.386514,0.403262,0.401836,0.409236,-1.5103,-1.49643,-1.56836
71,7.7857,0.324342,0.386514,0.386514,0.403262,0.401836,0.409236,-0.767183,-0.753318,-0.825249
71,8.1396,0.464503,0.386514,0.386514,0.403262,0.401836,0.409236,0.595314,0.609179,0.537248
71,8.4935,0.392741,0.386514,0.386514,0.403262,0.401836,0.409236,-0.102276,-0.0884109,-0.160342
71,8.8474,0.452104,0.386514,0.386514,0.403262,0.401836,0.409236,0.474786,0.488651,0.41672
71,9.2013,0.309974,0.386514,0.386514,0.403262,0.401836,0.409236,-0.906851,-0.892986,-0.964918
71,9.5552,0.338387,0.386514,0.386514,0.403262,0.401836,0.409236,-0.630647,-0.616783,-0.688714
71,9.9091,0.344672,0.386514,0.386514,0.403262,0.401836,0.409236,-0.569551,-0.555687,-0.627618
71,10.263,0.359266,0.386514,0.386514,0.403262,0.401836,0.409236,-0.427683,-0.413818,-0.485749
71,10.6169,0.36176,0.386514,0.386514,0.403262,0.401836,0.409236,-0.403443,-0.389579,-0.46151
71,10.9708,0.537525,0.386514,0.386514,0.403262,0.401836,0.409236,1.30516,1.31902,1.24709
71,11.3247,0.417618,0.386514,0.386514,0.403262,0.401836,0.409236,0.139552,0.153416,0.0814853
71,11.6786,0.280973,0.386514,0.386514,0.403262,0.401836,0.409236,-1.18877,-1.1749,-1.24683
71,12.0325,0.312346,0.386514,0.386514,0.403262,0.401836,0.409236,-0.883792,-0.869927,-0.941858
71,12.3863,0.332671,0.386514,0.386514,0.403262,0.401836,0.409236,-0.686212,-0.672347,-0.744278
71,12.7402,0.379603,0.386514,0.386514,0.403262,0.401836,0.409236,-0.229992,-0.216128,-0.288059
71,13.0941,0.425014,0.386514,0.386514,0.403262,0.401836,0.409236,0.211448,0.225313,0.153381
71,13.448,0.31472,0.386514,0.386514,0.403262,0.401836,0.409236,-0.860719,-0.846854,-0.918785
71,13.8019,0.223818,0.386514,0.386514,0.403262,0.401836,0.409236,-1.74437,-1.7305,-1.80243
71,14.1558,0.364939,0.386514,0.386514,0.403262,0.401836,0.409236,-0.372534,-0.358669,-0.4306
71,14.5097,0.540615,0.386514,0.386514,0.403262,0.401836,0.409236,1.3352,1.34907,1.27713
71,14.8636,0.430049,0.386514,0.386514,0.403262,0.401836,0.409236,0.260391,0.274256,0.202325
71,15.2175,0.41575,0.386514,0.386514,0.403262,0.401836,0.409236,0.121388,0.135253,0.0633215
71,15.5714,0.409962,0.386514,0.386514,0.403262,0.401836,0.409236,0.0651292,0.0789939,0.0070628
71,15.9253,0.284853,0.386514,0.386514,0.403262,0.401836,0.409236,-1.15105,-1.13719,-1.20912
71,16.2792,0.428291,0.386514,0.386514,0.403262,0.401836,0.409236,0.243306,0.257171,0.18524
71,16.6331,0.276189,0.386514,0.386514,0.403262,0.401836,0.409236,-1.23528,-1.22141,-1.29334
71,16.987,0.276549,0.386514,0.386514,0.403262,0.401836,0.409236,-1.23177,-1.21791,-1.28984
71,17.3409,0.502552,0.386514,0.386514,0.403262,0.401836,0.409236,0.965195,0.979059,0.907128