rep,id,A1,tau1,I0
1,43,0.142370996235301,1.42299282273935,0.46210867091986
2,43,0.147856054153362,1.17263871096384,0.451853190542434
3,43,0.142664927851404,1.56052243204717,0.462077331374026
4,43,0.131260480837032,4.26516859069882,0.461348344534546
5,43,0.154395742363648,0.994974436953643,0.449597554655787
6,43,0.149610604193694,1.88586343207159,0.452274387797563
7,43,0.1495627752121,1.61076442553502,0.454254366414855
8,43,0.147642498402308,1.33722970097605,0.458414118680304
9,43,0.14827816941269,1.68058811677122,0.458767718328663
10,43,0.146475270054758,1.72148353696109,0.465755032531986
1,44,0.138292074558625,1.84134880700521,0.406854214655167
2,44,0.14195916039912,1.85783828112202,0.396220667607126
3,44,0.139231913526171,2.43177832413156,0.399503861913239
4,44,0.141457777994597,1.59273755093758,0.398698804205144
5,44,0.147223556116177,1.57980342009339,0.392842306275368
6,44,0.142731563770188,2.03417480470189,0.402093180344827
7,44,0.136185978020308,1.92562341425229,0.404611420665062
8,44,0.152771311730027,1.01588330077228,0.394559425681339
9,44,0.14992917579548,1.62825146973254,0.39738180877492
10,44,0.12850628634382,3.49380755236987,0.408037393518396
1,45,0.137878005323957,2.29731186611998,0.431871029690923
2,45,0.136057669153897,2.94464833118448,0.448438420300533
3,45,0.134811067552861,2.98799447949878,0.440553915818344
4,45,0.135224782705784,2.2709746748368,0.443748900226697
5,45,0.136462028940552,2.31541177704905,0.445964033592029
6,45,0.13736598514123,2.8490801950893,0.432015887815497
7,45,0.137164459387634,1.78130785765223,0.433586711539463
8,45,0.130564299161066,2.69018410848025,0.439177235348106
9,45,0.139317271607851,2.57060617112116,0.446166660094986
10,45,0.135429517041287,3.18891093881393,0.430483991910915
1,46,0.15001267045742,1.35851450987453,0.331219283324907
2,46,0.136905343676587,1.81466093741579,0.344940681551365
3,46,0.150950654445041,1.33892996795838,0.336990249299837
4,46,0.136171683602439,2.07548066537306,0.350326230813272
5,46,0.143895629592378,1.4332818443207,0.350255280301229
6,46,0.146805282433985,1.18216681052858,0.334013905649962
7,46,0.155226476711793,0.790631647926078,0.338523342277813
8,46,0.151751406851552,1.53360208132455,0.342956566942331
9,46,0.148648242240293,1.14749952324264,0.337856358117654
10,46,0.143332332961398,1.18968374300855,0.35053970030502
1,47,0.156154517621349,1.07925095942389,0.268740833017872
2,47,0.14947522871291,1.18747654451467,0.275682988394812
3,47,0.13274789499783,2.67311564215961,0.288264900865229
4,47,0.144005588198124,1.74175627577606,0.274583852678315
5,47,0.150372365103335,1.41564979420524,0.272142426522068
6,47,0.148265590750759,1.25497179846061,0.272367135124058
7,47,0.143629781534062,1.0833349520911,0.281249486098193
8,47,0.150323861331515,1.1688923792109,0.269965511427685
9,47,0.155811677268956,0.99128304688027,0.265338991676146
10,47,0.146192931584639,1.27440553977573,0.275728544551812
1,48,0.160164066963547,0.744296686137878,0.280552504234273
2,48,0.14502685932962,1.09570905439666,0.291247000512077
3,48,0.145326704558661,1.36627731702435,0.282461152248212
4,48,0.141389044877357,1.55513098104589,0.28862633197041
5,48,0.153980474359951,0.612079489956637,0.288252766016297
6,48,0.163154932352792,0.469170097568487,0.288527346358111
7,48,0.15643157959203,0.914274348437368,0.27894937188883
8,48,0.142241234715519,1.95384449268312,0.284112627695802
9,48,0.155694077955396,1.16867986247544,0.288487586409391
10,48,0.147851952187061,0.907506057857328,0.280801463526346
1,49,0.158348116223412,0.59886421419605,0.322693213275147
2,49,0.142004316987484,1.35888356059448,0.332268875346273
3,49,0.156235936016704,0.875831672966023,0.307714669160867
4,49,0.149751114040695,0.80727684926692,0.317002375372378
5,49,0.150043022226775,0.945013329720013,0.310955834432207
6,49,0.149014851936196,1.22918347398583,0.307279726540107
7,49,0.147696896959483,0.940099750486354,0.318893321249843
8,49,0.147137413895809,1.3316476194137,0.316222924687724
9,49,0.152399375025403,1.11786964432208,0.310875707624548
10,49,0.155645789476854,0.908331810721911,0.305737086271592
1,50,0.163144752395849,0.585855391213275,0.193673256562991
2,50,0.153450078088586,1.01889956725457,0.19985291664102
3,50,0.14515476917521,0.882169545167523,0.210852483108618
4,50,0.16363170778996,0.50704458370033,0.184480092084233
5,50,0.157857494554345,0.771357564880248,0.19738935662654
6,50,0.151432210017159,0.68535457086948,0.200606230124987
7,50,0.15488858068741,0.858736817291864,0.200723910035722
8,50,0.15470734603595,1.03038472384223,0.196240946664994
9,50,0.146281757627186,1.0989481722683,0.213675109777535
10,50,0.152097875821018,0.887502782938749,0.199678184385709
1,51,0.151935100502872,0.753487702620233,0.250081579514418
2,51,0.154607115484945,0.64676705643124,0.258131139046884
3,51,0.166314472915587,0.591247211340164,0.248032192132372
4,51,0.148708842703021,0.980411233864745,0.266423252106997
5,51,0.146763370746275,1.4231015715538,0.276975768632025
6,51,0.146535864680082,1.10841177061052,0.263123578181926
7,51,0.153663113542488,1.08949223241726,0.261616220064494
8,51,0.153171004590269,0.699768975173545,0.257827226060649
9,51,0.138769611258763,2.09875509546786,0.267995083272164
10,51,0.149795646790049,0.981505904285819,0.263564347234406
1,52,0.151977540258849,0.870356988847351,0.281879009642512
2,52,0.142845194437428,1.47205440622988,0.296470608604609
3,52,0.149243377776732,0.808633331049999,0.284137844865548
4,52,0.152354246614549,0.817796134538407,0.279091863541905
5,52,0.152985723050184,0.843294068168838,0.280958046217803
6,52,0.148157665949874,0.814450935755606,0.282269072333383
7,52,0.156735058297763,0.720551484373972,0.275616916940254
8,52,0.150988355744612,1.40917426583743,0.280960282653975
9,52,0.159984951204424,0.553954592206454,0.278079140008635
10,52,0.144420337806531,1.43080537311972,0.295756398481102
1,53,0.159907098508046,0.647635962696391,0.336917125237559
2,53,0.162366085626583,0.456816281856756,0.33205293126064
3,53,0.160883630636362,0.594539288318311,0.329733603998001
4,53,0.156752060918839,0.571398178926279,0.33801870392014
5,53,0.163935033391744,0.539870011163958,0.328074348047732
6,53,0.167937419387969,0.469652351937175,0.325648686390556
7,53,0.158951162637181,0.518366306511341,0.330560260145313
8,53,0.169924324077246,0.41984094750528,0.322486889143588
9,53,0.155538721702543,0.629572616910577,0.343147375542896
10,53,0.158384453095446,0.60148450410792,0.33855356486658
1,54,0.138277817448793,2.67756066871657,0.340401009376338
2,54,0.139112729404468,1.3259106370057,0.363172594161051
3,54,0.149887328857993,1.54123196935752,0.335206069608268
4,54,0.146476093092193,1.16172288117688,0.338871193881585
5,54,0.141713671045879,1.53936303532456,0.344091902630199
6,54,0.134471453691325,4.26175725439088,0.345533624447329
7,54,0.143578842456245,2.38616703550337,0.3396946637853
8,54,0.152283443607768,1.37887732195857,0.33301856578244
9,54,0.137669283508477,2.15969112091497,0.341986550792634
10,54,0.154126997999783,1.081708717357,0.336921836049457
1,55,0.158456029004621,0.55490964173161,0.301519241311132
2,55,0.15006928227987,0.861737690098297,0.311225250276139
3,55,0.149907682785505,1.07399736139541,0.308531697767712
4,55,0.146337552977645,1.17533304842544,0.315603738262171
5,55,0.154325622268918,1.0212449971263,0.297677341901943
6,55,0.154014175509688,0.648817187205561,0.317738899237322
7,55,0.147022473476919,0.951486045642624,0.315025658545631
8,55,0.159000094810282,1.11575360772533,0.293989914556116
9,55,0.162825064311215,0.730788383310969,0.303588607487289
10,55,0.145783390813139,1.30426962992535,0.311872916684336
1,56,0.161256731916294,0.459167416617969,0.501355521053736
2,56,0.178827185870959,0.228494720646972,0.494670532975228
3,56,0.171892239535882,0.243827166568089,0.510622410087824
4,56,0.173971404339315,0.284692302851634,0.513983448353435
5,56,0.166843047573866,0.330909511359244,0.505908426549204
6,56,0.159627666874227,0.374365031075053,0.517187614332941
7,56,0.170701141239006,0.444251817316203,0.511827562117842
8,56,0.168520808039777,0.316792314239386,0.521137065595747
9,56,0.175776637722425,0.229967712435205,0.504058988217465
10,56,0.161504680104125,0.299843188637667,0.507149056720598
1,57,0.143511935096808,2.064407452211,0.402869991069751
2,57,0.141264044703284,1.72443621879308,0.403432328447228
3,57,0.146924373054095,1.92329391230967,0.409225526644556
4,57,0.131765536868609,3.64992639308886,0.416332175007437
5,57,0.134264123997496,2.09911755104427,0.425653208009436
6,57,0.133916579246999,2.30497922225699,0.419827378684006
7,57,0.136491928686339,2.040531185916,0.413322151759474
8,57,0.144700539441556,2.03949281302718,0.411271223023397
9,57,0.132541498056423,3.58131282943088,0.422272267657754
10,57,0.144802399159417,1.81141393267497,0.407626390081917
1,58,0.152270780281177,1.00948996883933,0.496267007543699
2,58,0.148138833746131,2.05240667952968,0.50050114729251
3,58,0.158682454811091,0.761790623308683,0.492843804722632
4,58,0.142455623672536,1.63597087857892,0.514742797680346
5,58,0.144413727831303,1.67984453864019,0.511230803431158
6,58,0.143275152895168,1.76704354107499,0.505588410732053
7,58,0.150559272185995,0.879302829903316,0.501382281937135
8,58,0.158105967813688,0.710366022393541,0.491136970464591
9,58,0.148797562093435,1.3778186591082,0.505043222342944
10,58,0.148041528140257,1.23240214561024,0.50931548580899
1,59,0.136489109053179,2.09989743385258,0.502009060854418
2,59,0.149742353058638,1.30800526252411,0.495255091243174
3,59,0.151451149800526,1.24880569260509,0.483905777149239
4,59,0.150999070068029,1.26161687682924,0.485878019665227
5,59,0.142682730270569,1.70537608864114,0.497715114096458
6,59,0.153620948717754,1.03816540186286,0.48916585270008
7,59,0.155998091064365,0.845044117938249,0.490159454627759
8,59,0.149064248825532,1.06511275491469,0.485389740682898
9,59,0.141170722182067,2.06160057950022,0.501107171875557
10,59,0.154145139167998,1.39545382182425,0.484195254634123
1,60,0.140690615723399,1.36334799606922,0.476010734904466
2,60,0.147580185935855,1.36616621253884,0.468067591425753
3,60,0.14940100754703,1.21077309912216,0.473782045253666
4,60,0.142332672394569,1.53437572196097,0.475251521480781
5,60,0.138029931609086,2.36907601107341,0.477982429033617
6,60,0.136268587913974,3.94422992157898,0.485180903889288
7,60,0.140670933293778,1.99990033795143,0.469968433079871
8,60,0.14509842584645,1.61831709895863,0.481392302549766
9,60,0.142762570284116,1.7476415056248,0.476879358686952
10,60,0.140288416795581,2.6999698661483,0.478116177436362
1,61,0.135728873155759,2.93504801823131,0.406603860599795
2,61,0.146679390620709,1.39928073213677,0.40099481766741
3,61,0.149166672960802,1.28874606784591,0.402298598463805
4,61,0.130508017583882,2.99578725286709,0.419506650672809
5,61,0.146810928125231,1.48834069713333,0.404310945750583
6,61,0.138836336764387,2.42383766719585,0.407860151607283
7,61,0.147740930023185,1.75470462999452,0.400646003012608
8,61,0.139619141501674,2.67351004076619,0.403903251559488
9,61,0.143790606937457,1.08776567744314,0.413860592341022
10,61,0.13751908838528,1.86585249582112,0.413241232599271
1,62,0.164756153693438,0.698673202678108,0.326328375921977
2,62,0.153169752537446,0.888223678664207,0.337451818106822
3,62,0.159303037121597,0.896220372477135,0.334872403437276
4,62,0.152577409543623,0.943160266939179,0.333400815663459
5,62,0.161621922968788,0.619062872634723,0.331459132402359
6,62,0.151464008924549,1.27163056175607,0.330947357647077
7,62,0.153680408927037,0.768470928819459,0.333806262548941
8,62,0.151490994807061,0.667171398628302,0.333632687070614
9,62,0.141076729713444,1.1630565432444,0.349092182824052
10,62,0.155944130512708,0.943704723813652,0.333204134565524
