rep,ID,eta_A1_simulated,eta_tau1_simulated,eta_A2_simulated,eta_tau2_simulated,eta_I0_simulated,split,color,filter
1,1,-0.389853,5.37901,-0.333196,5.34979,0.0952817,All,#4682B4,0
2,1,0.0659996,0.448679,-0.0694402,0.171662,0.00511318,All,#4682B4,0
3,1,-0.206312,-0.514094,0.084691,0.147374,-0.0222247,All,#4682B4,0
4,1,0.0523608,-1.18702,0.102464,-1.07932,-0.0215534,All,#4682B4,0
5,1,0.346676,-2.6659,0.113088,-3.06774,-0.0824588,All,#4682B4,0
6,1,0.064787,1.86496,-0.188527,1.29607,0.0272438,All,#4682B4,0
7,1,-0.175071,-2.43829,0.280155,-1.45707,-0.0537788,All,#4682B4,0
8,1,0.0781883,0.409904,-0.0952575,0.10576,0.0237427,All,#4682B4,0
9,1,-0.178405,1.94431,-0.111556,2.03125,0.0364486,All,#4682B4,0
10,1,0.122121,-3.08032,0.247733,-2.77579,-0.0655576,All,#4682B4,0
1,2,0.103394,3.62854,-0.352289,2.60113,0.186407,All,#4682B4,0
2,2,0.279107,-2.11629,0.0738675,-2.44998,0.121046,All,#4682B4,0
3,2,0.248609,-4.55203,0.335022,-4.29106,0.0269668,All,#4682B4,0
4,2,0.378081,-6.86476,0.527205,-6.47987,-0.0217102,All,#4682B4,0
5,2,0.429846,-1.92698,0.0389047,-2.70522,0.0840281,All,#4682B4,0
6,2,0.659762,-7.1162,0.399308,-7.4652,-0.0231125,All,#4682B4,0
7,2,0.667972,-5.00157,0.217877,-5.79923,0.0108642,All,#4682B4,0
8,2,0.209402,-5.35987,0.424453,-4.8167,0.0330563,All,#4682B4,0
9,2,-0.137266,-2.66167,0.28349,-1.73512,0.0981189,All,#4682B4,0
10,2,-0.19822,-2.03616,0.267297,-1.06946,0.0965889,All,#4682B4,0
1,3,0.00585427,-4.23868,0.383809,-3.37267,-0.079173,All,#4682B4,0
2,3,-0.0130041,-2.54695,0.251687,-1.98203,-0.063257,All,#4682B4,0
3,3,-0.244287,1.6233,-0.0607377,1.95749,0.0240554,All,#4682B4,0
4,3,0.0105348,-4.28924,0.372485,-3.43648,-0.109596,All,#4682B4,0
5,3,-0.103197,-0.557777,0.0806871,-0.162035,-0.0100198,All,#4682B4,0
6,3,0.332734,-4.4258,0.27055,-4.43107,-0.127767,All,#4682B4,0
7,3,-0.0732568,2.38944,-0.172332,2.09698,0.0393289,All,#4682B4,0
8,3,0.032182,-1.69817,0.13984,-1.43327,-0.0350517,All,#4682B4,0
9,3,-0.00853396,-6.83271,0.649586,-5.38886,-0.215071,All,#4682B4,0
10,3,0.243174,-4.51752,0.317496,-4.24965,-0.100289,All,#4682B4,0
1,4,0.0248467,1.48201,-0.166028,1.09299,-0.0841019,All,#4682B4,0
2,4,-0.299228,1.90646,-0.0647064,2.33564,-0.061751,All,#4682B4,0
3,4,-0.433218,5.06144,-0.278999,5.20996,-0.0196056,All,#4682B4,0
4,4,0.269075,-0.748231,-0.0239351,-1.33772,-0.143228,All,#4682B4,0
5,4,-0.253148,0.58509,0.016122,1.15496,-0.0808545,All,#4682B4,0
6,4,0.0903747,1.58969,-0.153419,1.02011,-0.095711,All,#4682B4,0
7,4,0.0837817,1.26401,-0.134752,0.769367,-0.101649,All,#4682B4,0
8,4,-0.15089,6.54789,-0.506885,5.61492,-0.0232153,All,#4682B4,0
9,4,-0.126654,0.275311,0.0180983,0.56589,-0.120536,All,#4682B4,0
10,4,-0.0427069,2.34494,-0.194929,1.98439,-0.0700909,All,#4682B4,0
1,5,-0.440119,4.93094,-0.271119,5.12794,-0.289454,All,#4682B4,0
2,5,-0.376731,4.47496,-0.251146,4.59997,-0.289029,All,#4682B4,0
3,5,-0.64216,7.29891,-0.432519,7.55878,-0.226533,All,#4682B4,0
4,5,-0.443218,4.87698,-0.284427,5.07994,-0.291371,All,#4682B4,0
5,5,-0.373376,4.50376,-0.267096,4.59243,-0.264483,All,#4682B4,0
6,5,-0.652558,7.35241,-0.444061,7.62715,-0.203404,All,#4682B4,0
7,5,-0.418419,4.96989,-0.297553,5.09148,-0.251772,All,#4682B4,0
8,5,-0.360414,4.53596,-0.275764,4.59199,-0.287273,All,#4682B4,0
9,5,-0.660286,7.37999,-0.432429,7.67317,-0.205359,All,#4682B4,0
10,5,-0.416143,5.00935,-0.299094,5.12104,-0.250615,All,#4682B4,0
1,6,0.263934,-0.29741,-0.0525578,-0.952164,-0.105287,All,#4682B4,0
2,6,-0.448119,3.47447,-0.176749,3.98269,0.00902618,All,#4682B4,0
3,6,-0.102386,0.807472,-0.0611424,0.906518,-0.0600398,All,#4682B4,0
4,6,0.0702069,-2.40847,0.182421,-2.10742,-0.109281,All,#4682B4,0
5,6,0.167132,5.35212,-0.516422,3.78763,0.00468345,All,#4682B4,0
6,6,-0.0776704,2.95666,-0.211705,2.56904,-0.0225718,All,#4682B4,0
7,6,0.160071,1.54426,-0.20035,0.791314,-0.0296534,All,#4682B4,0
8,6,-0.223599,-1.71748,0.228636,-0.74596,-0.077833,All,#4682B4,0
9,6,-0.0088265,1.17395,-0.116467,0.951509,-0.0337571,All,#4682B4,0
10,6,-0.107112,1.80788,-0.094208,1.73373,-0.0270593,All,#4682B4,0
1,7,-0.48164,2.10394,0.0347573,3.00876,0.0151804,All,#4682B4,0
2,7,-0.18948,3.02019,-0.212941,2.916,0.018089,All,#4682B4,0
3,7,-0.287468,2.01229,-0.102871,2.37917,0.00680768,All,#4682B4,0
4,7,-0.20758,4.91636,-0.387198,4.47958,0.0498721,All,#4682B4,0
5,7,-0.371073,2.32906,-0.0760498,2.86916,0.0463039,All,#4682B4,0
6,7,-0.301898,5.99073,-0.421696,5.58533,0.0844054,All,#4682B4,0
7,7,0.050969,1.74804,-0.151201,1.25871,-0.00913928,All,#4682B4,0
8,7,0.0616825,-0.61306,0.0353559,-0.658033,-0.0672686,All,#4682B4,0
9,7,-0.265207,3.0416,-0.167838,3.14748,0.0383766,All,#4682B4,0
10,7,0.0203427,2.3243,-0.196694,1.79641,0.00298167,All,#4682B4,0
1,8,0.25087,-2.2771,0.100241,-2.49793,0.0392699,All,#4682B4,0
2,8,0.159518,-1.37975,0.0721896,-1.53037,0.0517248,All,#4682B4,0
3,8,0.0686892,-1.31506,0.0751393,-1.23614,0.0349434,All,#4682B4,0
4,8,0.375414,3.03328,-0.413221,1.37416,0.078013,All,#4682B4,0
5,8,-0.119039,2.06727,-0.130216,1.97237,0.131209,All,#4682B4,0
6,8,0.121727,6.27817,-0.601128,4.65144,0.133171,All,#4682B4,0
7,8,0.216261,-0.0877107,-0.0732331,-0.661151,0.0917587,All,#4682B4,0
8,8,-0.210274,4.56775,-0.338195,4.20554,0.143537,All,#4682B4,0
9,8,0.463933,0.424997,-0.201283,-0.935833,0.0397902,All,#4682B4,0
10,8,0.46038,-1.41698,-0.0409072,-2.38506,0.0312525,All,#4682B4,0
1,9,-0.198746,3.51232,-0.266586,3.32511,0.170394,All,#4682B4,0
2,9,-0.258313,2.26746,-0.0964276,2.50727,0.169085,All,#4682B4,0
3,9,0.0679589,-3.76832,0.284865,-3.18664,0.0533882,All,#4682B4,0
4,9,0.0272696,1.94972,-0.22511,1.45918,0.170224,All,#4682B4,0
5,9,0.00347495,4.72058,-0.418761,3.73978,0.163259,All,#4682B4,0
6,9,0.101102,0.288259,-0.0719422,-0.0513105,0.110493,All,#4682B4,0
7,9,-0.256653,0.325562,0.0352065,0.953529,0.126622,All,#4682B4,0
8,9,0.0150464,4.72782,-0.427707,3.72821,0.178994,All,#4682B4,0
9,9,-0.0402497,2.59145,-0.20964,2.17264,0.163047,All,#4682B4,0
10,9,-0.255097,0.291767,0.0644563,0.933149,0.11702,All,#4682B4,0
1,10,-0.270738,3.43067,-0.224409,3.46284,0.00338613,All,#4682B4,0
2,10,0.348521,-3.99664,0.209786,-4.13712,-0.138423,All,#4682B4,0
3,10,0.155503,4.41583,-0.454557,3.07866,0.0326513,All,#4682B4,0
4,10,0.204316,0.646455,-0.14398,-0.0474198,-0.0411276,All,#4682B4,0
5,10,-0.480411,4.74823,-0.235768,5.09626,0.0630137,All,#4682B4,0
6,10,0.144192,-0.862282,0.0261407,-1.08185,-0.0552267,All,#4682B4,0
7,10,0.0510893,0.625133,-0.0905392,0.349945,-0.00656769,All,#4682B4,0
8,10,-0.0743635,-0.362854,0.0457341,-0.0892217,-0.0458277,All,#4682B4,0
9,10,0.239315,3.29369,-0.367349,1.95829,-0.00983747,All,#4682B4,0
10,10,0.00553235,2.22314,-0.214072,1.74774,0.0187706,All,#4682B4,0
1,11,0.0830311,-1.50394,0.111566,-1.41413,-0.0147425,All,#4682B4,0
2,11,0.0031229,-1.98397,0.234511,-1.57171,-0.0728177,All,#4682B4,0
3,11,0.198626,-0.338572,-0.0680025,-0.817827,-0.00153155,All,#4682B4,0
4,11,0.509393,-1.79303,-0.00964645,-2.81687,-0.0890932,All,#4682B4,0
5,11,0.336784,0.851433,-0.168687,-0.230895,-0.0157877,All,#4682B4,0
6,11,0.139966,2.09005,-0.214167,1.286,0.04154,All,#4682B4,0
7,11,0.209261,-0.396091,-0.0379749,-0.8859,0.00507219,All,#4682B4,0
8,11,0.321918,-1.47044,0.0185956,-2.04984,-0.0503937,All,#4682B4,0
9,11,0.0197253,1.10132,-0.104811,0.827128,0.027288,All,#4682B4,0
10,11,0.100719,0.678097,-0.114221,0.256749,0.00247246,All,#4682B4,0
1,12,0.134488,-1.61457,0.0987599,-1.65207,-0.0584962,All,#4682B4,0
2,12,-0.205305,4.06558,-0.283527,3.79717,0.0692922,All,#4682B4,0
3,12,-0.385505,-0.128543,0.141176,0.954377,0.00740293,All,#4682B4,0
4,12,0.151545,1.7797,-0.266712,0.986681,0.0118433,All,#4682B4,0
5,12,-0.533712,0.917887,0.112083,2.18879,0.0111282,All,#4682B4,0
6,12,0.131938,-0.499904,-0.0100269,-0.751879,-0.0440038,All,#4682B4,0
7,12,-0.0852097,-2.45143,0.250457,-1.7144,-0.0197735,All,#4682B4,0
8,12,-0.152406,-1.26999,0.151122,-0.590663,-0.0213435,All,#4682B4,0
9,12,-0.354438,4.36037,-0.258874,4.44283,0.0612314,All,#4682B4,0
10,12,0.27942,0.931307,-0.187212,-0.0265362,-0.00461213,All,#4682B4,0
1,13,0.0842331,0.0737114,-0.0439382,-0.163844,0.0930211,All,#4682B4,0
2,13,0.0478429,0.560246,-0.0336256,0.316976,0.0978968,All,#4682B4,0
3,13,-0.0411069,0.534585,-0.0390853,0.531681,0.125106,All,#4682B4,0
4,13,0.0762072,-1.21819,0.10982,-1.1801,0.0418273,All,#4682B4,0
5,13,0.307983,-0.898265,-0.0441932,-1.55945,0.0302891,All,#4682B4,0
6,13,0.195893,-0.575381,-0.00111115,-0.989835,0.0692682,All,#4682B4,0
7,13,0.510209,-4.17778,0.189242,-4.71188,-0.0162001,All,#4682B4,0
8,13,0.278533,-2.69578,0.123474,-2.91184,0.0362867,All,#4682B4,0
9,13,0.256249,-6.18384,0.493323,-5.60626,-0.071393,All,#4682B4,0
10,13,-0.344515,1.90783,-0.0870295,2.4541,0.136028,All,#4682B4,0
1,14,-0.0626184,0.596282,-0.0205799,0.645551,-0.133565,All,#4682B4,0
2,14,-0.36937,3.57881,-0.196927,3.85386,-0.0718166,All,#4682B4,0
3,14,-0.207881,4.53406,-0.323528,4.16436,-0.0491145,All,#4682B4,0
4,14,0.0381736,1.19471,-0.133649,0.837289,-0.122632,All,#4682B4,0
5,14,-0.0125677,3.05981,-0.232694,2.46998,-0.0857075,All,#4682B4,0
6,14,-0.0286073,-2.57685,0.235499,-1.97088,-0.187365,All,#4682B4,0
7,14,-0.0914502,1.78435,-0.116275,1.66176,-0.110623,All,#4682B4,0
8,14,-0.0666731,2.95684,-0.236798,2.53355,-0.0831698,All,#4682B4,0
9,14,-0.222803,2.12701,-0.126089,2.30443,-0.067227,All,#4682B4,0
10,14,-0.149313,2.90341,-0.228239,2.70316,-0.0957402,All,#4682B4,0
1,15,0.185588,-0.365662,-0.0255901,-0.801735,0.0919075,All,#4682B4,0
2,15,0.00690131,0.135839,-0.0152787,0.0805455,0.110739,All,#4682B4,0
3,15,0.168666,-1.48991,0.0732409,-1.65045,0.0839047,All,#4682B4,0
4,15,-0.0986075,1.53037,-0.12332,1.47278,0.163116,All,#4682B4,0
5,15,0.159355,-3.9255,0.267541,-3.56054,0.0362686,All,#4682B4,0
6,15,-0.222648,2.34115,-0.122199,2.47257,0.149218,All,#4682B4,0
7,15,-0.67133,6.26358,-0.363985,6.80022,0.217772,All,#4682B4,0
8,15,-0.195632,-0.457364,0.147808,0.177624,0.115209,All,#4682B4,0
9,15,-0.172629,-0.211931,0.0951249,0.313556,0.133294,All,#4682B4,0
10,15,-0.0366608,0.6902,-0.0400926,0.64936,0.130364,All,#4682B4,0
1,16,0.155974,-0.219804,-0.0374519,-0.606592,0.190141,All,#4682B4,0
2,16,0.241669,-4.99156,0.324561,-4.63752,0.127983,All,#4682B4,0
3,16,-0.208897,-4.23587,0.464715,-2.78518,0.136461,All,#4682B4,0
4,16,0.152174,-0.183883,-0.0434688,-0.566329,0.204911,All,#4682B4,0
5,16,0.455629,-5.0964,0.28609,-5.29143,0.0982673,All,#4682B4,0
6,16,-0.2136,-4.26174,0.450021,-2.79167,0.137985,All,#4682B4,0
7,16,-0.0818467,2.09883,-0.133782,1.89401,0.22689,All,#4682B4,0
8,16,0.0228941,-0.784605,0.0716534,-0.686255,0.232153,All,#4682B4,0
9,16,-0.0477129,-0.16305,0.0327462,0.00665791,0.212173,All,#4682B4,0
10,16,0.307066,-8.32555,0.626033,-7.4591,0.0307401,All,#4682B4,0
1,17,0.0109398,-1.64888,0.162854,-1.33884,-0.034364,All,#4682B4,0
2,17,-0.257073,1.39397,-0.0279636,1.81333,0.0278331,All,#4682B4,0
3,17,0.15847,-1.29987,0.034411,-1.47401,-0.0171568,All,#4682B4,0
4,17,-0.249482,4.05588,-0.338677,3.89974,0.111679,All,#4682B4,0
5,17,0.0967211,-1.52614,0.0894996,-1.48141,-0.0348086,All,#4682B4,0
6,17,0.0833849,-3.96987,0.3106,-3.38879,-0.0555476,All,#4682B4,0
7,17,-0.0184483,2.12729,-0.167258,1.74035,0.0665684,All,#4682B4,0
8,17,0.192822,0.382218,-0.136489,-0.237821,0.0144801,All,#4682B4,0
9,17,0.100627,-1.76395,0.103421,-1.67315,-0.00876305,All,#4682B4,0
10,17,0.0297676,-3.08874,0.265173,-2.53717,-0.0473316,All,#4682B4,0
1,18,0.243875,-3.65075,0.240605,-3.56853,-0.0982266,All,#4682B4,0
2,18,0.280102,-1.78794,0.0815188,-2.19662,0.00972347,All,#4682B4,0
3,18,-0.44451,7.08271,-0.441772,6.85814,0.122569,All,#4682B4,0
4,18,-0.118863,-1.61001,0.170476,-0.954892,-0.00771022,All,#4682B4,0
5,18,0.248799,1.47309,-0.219179,0.487874,0.0372364,All,#4682B4,0
6,18,-0.0347061,3.22997,-0.276739,2.66379,0.0631351,All,#4682B4,0
7,18,-0.017878,-0.422487,0.0910395,-0.272028,0.0219975,All,#4682B4,0
8,18,0.0673496,-1.09827,0.0870118,-1.05093,-0.0114035,All,#4682B4,0
9,18,0.482819,-2.49058,0.0349667,-3.30794,-0.0527501,All,#4682B4,0
10,18,0.235325,-1.36078,0.0148019,-1.73268,0.000413086,All,#4682B4,0
1,19,0.58151,-5.95159,0.30338,-6.32199,-0.030982,All,#4682B4,0
2,19,-0.125123,2.26501,-0.162336,2.13618,0.152991,All,#4682B4,0
3,19,0.67297,-1.98158,-0.0770623,-3.4172,0.0298565,All,#4682B4,0
4,19,0.57593,-6.03374,0.310921,-6.37703,-0.0510244,All,#4682B4,0
5,19,0.234372,-1.90836,0.107535,-2.15803,0.0466194,All,#4682B4,0
6,19,0.345442,-5.41506,0.380298,-5.24546,-0.0490492,All,#4682B4,0
7,19,0.550207,-6.09145,0.353108,-6.35531,-0.0484166,All,#4682B4,0
8,19,0.404983,-1.24689,-0.0224658,-2.09552,0.0659147,All,#4682B4,0
9,19,0.351685,-5.37242,0.384676,-5.23284,-0.0332309,All,#4682B4,0
10,19,0.474596,-6.15692,0.396076,-6.19077,-0.0422268,All,#4682B4,0
1,20,-0.0520527,0.0724771,0.00497006,0.189378,0.00916188,All,#4682B4,0
2,20,-0.222746,0.0911991,0.0909874,0.686285,-0.0146385,All,#4682B4,0
3,20,-0.0561053,-0.221926,0.06392,-0.0170739,-0.0220357,All,#4682B4,0
4,20,0.123509,-2.5526,0.179116,-2.37291,-0.0910062,All,#4682B4,0
5,20,0.116836,-1.71862,0.0857068,-1.69198,-0.0296085,All,#4682B4,0
6,20,-0.0449098,-1.52116,0.146307,-1.08139,-0.0447321,All,#4682B4,0
7,20,-0.210592,-0.26271,0.127127,0.371462,-0.0106368,All,#4682B4,0
8,20,0.261828,-3.1894,0.163929,-3.25114,-0.0868812,All,#4682B4,0
9,20,-0.222485,1.09934,-0.0159098,1.47892,0.00627097,All,#4682B4,0
10,20,0.351257,-1.40611,-0.0107518,-2.0893,-0.0750766,All,#4682B4,0
