standEta_A1_abscissa,standEta_A1_cdf,standEta_tau1_abscissa,standEta_tau1_cdf,standEta_I0_abscissa,standEta_I0_cdf,split
-4,0,-4,0,-4,0,All
-2.92468,0.00189394,-3.62391,0.00189394,-3.12101,0.00189394,All
-2.87025,0.00378788,-3.50505,0.00378788,-3.10522,0.00378788,All
-2.84834,0.00568182,-3.49519,0.00568182,-3.09419,0.00568182,All
-2.65957,0.00757576,-3.25607,0.00757576,-2.97153,0.00757576,All
-2.47128,0.0094697,-3.23562,0.0094697,-2.95398,0.0094697,All
-2.34637,0.0113636,-3.21813,0.0113636,-2.7516,0.0113636,All
-2.29262,0.0132576,-3.21451,0.0132576,-2.64571,0.0132576,All
-2.24803,0.0151515,-3.15459,0.0151515,-2.43969,0.0151515,All
-2.22187,0.0170455,-2.47557,0.0170455,-2.08451,0.0170455,All
-2.197,0.0189394,-2.24999,0.0189394,-2.06319,0.0189394,All
-2.19303,0.0208333,-2.11716,0.0208333,-2.05521,0.0208333,All
-2.19053,0.0227273,-2.01855,0.0227273,-1.97886,0.0227273,All
-2.18086,0.0246212,-1.96449,0.0246212,-1.96368,0.0246212,All
-2.17125,0.0265152,-1.91818,0.0265152,-1.90533,0.0265152,All
-2.14372,0.0284091,-1.80939,0.0284091,-1.83105,0.0284091,All
-2.1351,0.030303,-1.80633,0.030303,-1.72896,0.030303,All
-2.10454,0.032197,-1.7735,0.032197,-1.71718,0.032197,All
-2.06339,0.0340909,-1.725,0.0340909,-1.6899,0.0340909,All
-2.03318,0.0359848,-1.70715,0.0359848,-1.65815,0.0359848,All
-1.97238,0.0378788,-1.70151,0.0378788,-1.65617,0.0378788,All
-1.93941,0.0397727,-1.69443,0.0397727,-1.5363,0.0397727,All
-1.93059,0.0416667,-1.67518,0.0416667,-1.53348,0.0416667,All
-1.92641,0.0435606,-1.66625,0.0435606,-1.53114,0.0435606,All
-1.89301,0.0454545,-1.6648,0.0454545,-1.50183,0.0454545,All
-1.84973,0.0473485,-1.65229,0.0473485,-1.5001,0.0473485,All
-1.83947,0.0492424,-1.64809,0.0492424,-1.47915,0.0492424,All
-1.81621,0.0511364,-1.62959,0.0511364,-1.47266,0.0511364,All
-1.79559,0.0530303,-1.62137,0.0530303,-1.45383,0.0530303,All
-1.78141,0.0549242,-1.5857,0.0549242,-1.44725,0.0549242,All
-1.75266,0.0568182,-1.57204,0.0568182,-1.44341,0.0568182,All
-1.75178,0.0587121,-1.54982,0.0587121,-1.44079,0.0587121,All
-1.74237,0.0606061,-1.52047,0.0606061,-1.43877,0.0606061,All
-1.73832,0.0625,-1.50122,0.0625,-1.3984,0.0625,All
-1.73697,0.0643939,-1.4843,0.0643939,-1.38071,0.0643939,All
-1.72535,0.0662879,-1.47496,0.0662879,-1.36811,0.0662879,All
-1.71829,0.0681818,-1.43812,0.0681818,-1.3513,0.0681818,All
-1.70979,0.0700758,-1.43319,0.0700758,-1.32239,0.0700758,All
-1.70166,0.0719697,-1.38642,0.0719697,-1.32186,0.0719697,All
-1.64703,0.0738636,-1.37707,0.0738636,-1.28844,0.0738636,All
-1.5971,0.0757576,-1.37308,0.0757576,-1.26895,0.0757576,All
-1.58177,0.0776515,-1.36381,0.0776515,-1.25538,0.0776515,All
-1.55712,0.0795455,-1.36029,0.0795455,-1.22225,0.0795455,All
-1.5482,0.0814394,-1.35309,0.0814394,-1.21883,0.0814394,All
-1.53552,0.0833333,-1.34903,0.0833333,-1.18166,0.0833333,All
-1.53403,0.0852273,-1.31484,0.0852273,-1.17216,0.0852273,All
-1.50619,0.0871212,-1.26957,0.0871212,-1.16825,0.0871212,All
-1.50225,0.0890152,-1.23946,0.0890152,-1.16192,0.0890152,All
-1.48315,0.0909091,-1.23672,0.0909091,-1.14313,0.0909091,All
-1.47323,0.092803,-1.2267,0.092803,-1.14266,0.092803,All
-1.47222,0.094697,-1.212,0.094697,-1.14183,0.094697,All
-1.46502,0.0965909,-1.19248,0.0965909,-1.13858,0.0965909,All
-1.46193,0.0984848,-1.18808,0.0984848,-1.13629,0.0984848,All
-1.46003,0.100379,-1.18442,0.100379,-1.12442,0.100379,All
-1.45044,0.102273,-1.17511,0.102273,-1.0799,0.102273,All
-1.44578,0.104167,-1.16186,0.104167,-1.0788,0.104167,All
-1.41011,0.106061,-1.15142,0.106061,-1.07868,0.106061,All
-1.39783,0.107955,-1.14735,0.107955,-1.0609,0.107955,All
-1.3933,0.109848,-1.13362,0.109848,-1.05562,0.109848,All
-1.39267,0.111742,-1.09684,0.111742,-1.0529,0.111742,All
-1.36896,0.113636,-1.09604,0.113636,-1.04853,0.113636,All
-1.35232,0.11553,-1.08633,0.11553,-1.04581,0.11553,All
-1.33064,0.117424,-1.06965,0.117424,-1.0346,0.117424,All
-1.32577,0.119318,-1.05251,0.119318,-1.02884,0.119318,All
-1.31319,0.121212,-1.05155,0.121212,-1.01124,0.121212,All
-1.30135,0.123106,-1.05142,0.123106,-1.00226,0.123106,All
-1.29277,0.125,-1.04797,0.125,-1.00069,0.125,All
-1.2641,0.126894,-1.04406,0.126894,-0.996793,0.126894,All
-1.25087,0.128788,-1.0378,0.128788,-0.994909,0.128788,All
-1.23428,0.130682,-1.03333,0.130682,-0.993289,0.130682,All
-1.19998,0.132576,-1.02215,0.132576,-0.989237,0.132576,All
-1.19389,0.13447,-1.02163,0.13447,-0.983726,0.13447,All
-1.19217,0.136364,-1.01693,0.136364,-0.973538,0.136364,All
-1.17892,0.138258,-1.0057,0.138258,-0.969435,0.138258,All
-1.16966,0.140152,-0.991027,0.140152,-0.962246,0.140152,All
-1.16805,0.142045,-0.98873,0.142045,-0.96145,0.142045,All
-1.16687,0.143939,-0.975271,0.143939,-0.954843,0.143939,All
-1.14916,0.145833,-0.939132,0.145833,-0.949076,0.145833,All
-1.12032,0.147727,-0.936535,0.147727,-0.948637,0.147727,All
-1.11064,0.149621,-0.934717,0.149621,-0.917714,0.149621,All
-1.10804,0.151515,-0.930208,0.151515,-0.909817,0.151515,All
-1.10276,0.153409,-0.925143,0.153409,-0.901648,0.153409,All
-1.09972,0.155303,-0.923791,0.155303,-0.898052,0.155303,All
-1.07523,0.157197,-0.905242,0.157197,-0.897397,0.157197,All
-1.06359,0.159091,-0.894497,0.159091,-0.888495,0.159091,All
-1.05808,0.160985,-0.868898,0.160985,-0.883209,0.160985,All
-1.05068,0.162879,-0.867656,0.162879,-0.882884,0.162879,All
-1.02739,0.164773,-0.86261,0.164773,-0.872928,0.164773,All
-1.02462,0.166667,-0.850896,0.166667,-0.867581,0.166667,All
-1.02299,0.168561,-0.837177,0.168561,-0.829813,0.168561,All
-1.02195,0.170455,-0.825853,0.170455,-0.82751,0.170455,All
-1.01222,0.172348,-0.821716,0.172348,-0.812091,0.172348,All
-1.00273,0.174242,-0.807685,0.174242,-0.804319,0.174242,All
-1.00258,0.176136,-0.803154,0.176136,-0.798494,0.176136,All
-1.00018,0.17803,-0.801744,0.17803,-0.796008,0.17803,All
-0.98469,0.179924,-0.79985,0.179924,-0.779505,0.179924,All
-0.963294,0.181818,-0.765168,0.181818,-0.778299,0.181818,All
-0.941165,0.183712,-0.751776,0.183712,-0.759268,0.183712,All
-0.916004,0.185606,-0.744729,0.185606,-0.7475,0.185606,All
-0.864728,0.1875,-0.736945,0.1875,-0.74221,0.1875,All
-0.864444,0.189394,-0.736295,0.189394,-0.73933,0.189394,All
-0.84605,0.191288,-0.732815,0.191288,-0.737907,0.191288,All
-0.825809,0.193182,-0.732515,0.193182,-0.726549,0.193182,All
-0.823157,0.195076,-0.726374,0.195076,-0.725668,0.195076,All
-0.815363,0.19697,-0.721868,0.19697,-0.721,0.19697,All
-0.809019,0.198864,-0.71602,0.198864,-0.716267,0.198864,All
-0.808718,0.200758,-0.715501,0.200758,-0.716005,0.200758,All
-0.804415,0.202652,-0.69911,0.202652,-0.70908,0.202652,All
-0.798676,0.204545,-0.697991,0.204545,-0.703629,0.204545,All
-0.793705,0.206439,-0.688312,0.206439,-0.693786,0.206439,All
-0.791949,0.208333,-0.685338,0.208333,-0.680839,0.208333,All
-0.771997,0.210227,-0.682684,0.210227,-0.661231,0.210227,All
-0.771002,0.212121,-0.667294,0.212121,-0.656166,0.212121,All
-0.768188,0.214015,-0.661002,0.214015,-0.642112,0.214015,All
-0.767971,0.215909,-0.652905,0.215909,-0.636945,0.215909,All
-0.756818,0.217803,-0.646449,0.217803,-0.634715,0.217803,All
-0.742704,0.219697,-0.6462,0.219697,-0.632156,0.219697,All
-0.728947,0.221591,-0.638275,0.221591,-0.600719,0.221591,All
-0.726974,0.223485,-0.635288,0.223485,-0.586809,0.223485,All
-0.726971,0.225379,-0.631469,0.225379,-0.583756,0.225379,All
-0.716637,0.227273,-0.6266,0.227273,-0.581012,0.227273,All
-0.712343,0.229167,-0.625681,0.229167,-0.57456,0.229167,All
-0.694242,0.231061,-0.623148,0.231061,-0.571184,0.231061,All
-0.686653,0.232955,-0.62022,0.232955,-0.563723,0.232955,All
-0.683963,0.234848,-0.617228,0.234848,-0.555479,0.234848,All
-0.683309,0.236742,-0.612926,0.236742,-0.545646,0.236742,All
-0.682287,0.238636,-0.611989,0.238636,-0.526223,0.238636,All
-0.676288,0.24053,-0.610005,0.24053,-0.524945,0.24053,All
-0.672307,0.242424,-0.609859,0.242424,-0.515836,0.242424,All
-0.661678,0.244318,-0.60566,0.244318,-0.507945,0.244318,All
-0.636591,0.246212,-0.600332,0.246212,-0.506708,0.246212,All
-0.634076,0.248106,-0.597675,0.248106,-0.502737,0.248106,All
-0.628731,0.25,-0.597363,0.25,-0.479513,0.25,All
-0.618921,0.251894,-0.594216,0.251894,-0.471427,0.251894,All
-0.615593,0.253788,-0.58659,0.253788,-0.468196,0.253788,All
-0.609093,0.255682,-0.583821,0.255682,-0.462482,0.255682,All
-0.60849,0.257576,-0.573088,0.257576,-0.454512,0.257576,All
-0.603701,0.25947,-0.572302,0.25947,-0.446484,0.25947,All
-0.600519,0.261364,-0.568261,0.261364,-0.44341,0.261364,All
-0.565709,0.263258,-0.561493,0.263258,-0.431371,0.263258,All
-0.564752,0.265152,-0.557811,0.265152,-0.430686,0.265152,All
-0.558089,0.267045,-0.553925,0.267045,-0.426227,0.267045,All
-0.554954,0.268939,-0.55233,0.268939,-0.425831,0.268939,All
-0.547368,0.270833,-0.544819,0.270833,-0.404005,0.270833,All
-0.545827,0.272727,-0.544179,0.272727,-0.403109,0.272727,All
-0.54164,0.274621,-0.539718,0.274621,-0.396841,0.274621,All
-0.53974,0.276515,-0.531991,0.276515,-0.396712,0.276515,All
-0.53965,0.278409,-0.530631,0.278409,-0.389358,0.278409,All
-0.538945,0.280303,-0.522061,0.280303,-0.388518,0.280303,All
-0.53468,0.282197,-0.513559,0.282197,-0.381118,0.282197,All
-0.533706,0.284091,-0.507032,0.284091,-0.369819,0.284091,All
-0.528131,0.285985,-0.505822,0.285985,-0.360698,0.285985,All
-0.521242,0.287879,-0.504532,0.287879,-0.358868,0.287879,All
-0.519777,0.289773,-0.502712,0.289773,-0.350581,0.289773,All
-0.51769,0.291667,-0.502607,0.291667,-0.346405,0.291667,All
-0.51585,0.293561,-0.495056,0.293561,-0.336792,0.293561,All
-0.508976,0.295455,-0.48688,0.295455,-0.335295,0.295455,All
-0.506819,0.297348,-0.484307,0.297348,-0.332838,0.297348,All
-0.506087,0.299242,-0.482464,0.299242,-0.330281,0.299242,All
-0.483526,0.301136,-0.47511,0.301136,-0.323841,0.301136,All
-0.48334,0.30303,-0.474993,0.30303,-0.319922,0.30303,All
-0.482221,0.304924,-0.473553,0.304924,-0.31591,0.304924,All
-0.479722,0.306818,-0.447854,0.306818,-0.314237,0.306818,All
-0.467915,0.308712,-0.446076,0.308712,-0.30738,0.308712,All
-0.457624,0.310606,-0.426318,0.310606,-0.30221,0.310606,All
-0.452734,0.3125,-0.425924,0.3125,-0.299531,0.3125,All
-0.444819,0.314394,-0.420194,0.314394,-0.298017,0.314394,All
-0.44244,0.316288,-0.416323,0.316288,-0.29342,0.316288,All
-0.440925,0.318182,-0.407605,0.318182,-0.290771,0.318182,All
-0.436875,0.320076,-0.404933,0.320076,-0.285414,0.320076,All
-0.434348,0.32197,-0.402949,0.32197,-0.274962,0.32197,All
-0.426577,0.323864,-0.401346,0.323864,-0.255978,0.323864,All
-0.424304,0.325758,-0.396436,0.325758,-0.252173,0.325758,All
-0.424265,0.327652,-0.391062,0.327652,-0.250996,0.327652,All
-0.422525,0.329545,-0.386108,0.329545,-0.247955,0.329545,All
-0.421862,0.331439,-0.381567,0.331439,-0.231759,0.331439,All
-0.406907,0.333333,-0.378988,0.333333,-0.231178,0.333333,All
-0.40678,0.335227,-0.377496,0.335227,-0.229254,0.335227,All
-0.403106,0.337121,-0.376343,0.337121,-0.22032,0.337121,All
-0.397734,0.339015,-0.371616,0.339015,-0.2123,0.339015,All
-0.396159,0.340909,-0.36975,0.340909,-0.20287,0.340909,All
-0.387362,0.342803,-0.369314,0.342803,-0.196729,0.342803,All
-0.385128,0.344697,-0.366743,0.344697,-0.195583,0.344697,All
-0.379207,0.346591,-0.365685,0.346591,-0.193381,0.346591,All
-0.373549,0.348485,-0.365598,0.348485,-0.188461,0.348485,All
-0.37316,0.350379,-0.360455,0.350379,-0.181103,0.350379,All
-0.370581,0.352273,-0.353738,0.352273,-0.178545,0.352273,All
-0.366755,0.354167,-0.341587,0.354167,-0.176979,0.354167,All
-0.366145,0.356061,-0.339505,0.356061,-0.175836,0.356061,All
-0.354833,0.357955,-0.33561,0.357955,-0.170862,0.357955,All
-0.35483,0.359848,-0.329486,0.359848,-0.169138,0.359848,All
-0.353708,0.361742,-0.327943,0.361742,-0.168205,0.361742,All
-0.352511,0.363636,-0.326757,0.363636,-0.161985,0.363636,All
-0.352038,0.36553,-0.324715,0.36553,-0.157474,0.36553,All
-0.342369,0.367424,-0.323273,0.367424,-0.155089,0.367424,All
-0.323279,0.369318,-0.322226,0.369318,-0.148662,0.369318,All
-0.320596,0.371212,-0.310061,0.371212,-0.144689,0.371212,All
-0.320333,0.373106,-0.308203,0.373106,-0.142785,0.373106,All
-0.318742,0.375,-0.308179,0.375,-0.142727,0.375,All
-0.31681,0.376894,-0.307052,0.376894,-0.140127,0.376894,All
-0.313986,0.378788,-0.302539,0.378788,-0.137808,0.378788,All
-0.313524,0.380682,-0.299378,0.380682,-0.135134,0.380682,All
-0.304354,0.382576,-0.29785,0.382576,-0.134476,0.382576,All
-0.303109,0.38447,-0.292951,0.38447,-0.134179,0.38447,All
-0.302553,0.386364,-0.284579,0.386364,-0.132491,0.386364,All
-0.302504,0.388258,-0.283831,0.388258,-0.13059,0.388258,All
-0.299147,0.390152,-0.275665,0.390152,-0.129307,0.390152,All
-0.297736,0.392045,-0.272074,0.392045,-0.125752,0.392045,All
-0.29402,0.393939,-0.268191,0.393939,-0.125459,0.393939,All
-0.289691,0.395833,-0.257248,0.395833,-0.123507,0.395833,All
-0.285091,0.397727,-0.253541,0.397727,-0.12278,0.397727,All
-0.279219,0.399621,-0.234744,0.399621,-0.122637,0.399621,All
-0.269532,0.401515,-0.230139,0.401515,-0.110269,0.401515,All
-0.267669,0.403409,-0.229974,0.403409,-0.108461,0.403409,All
-0.265436,0.405303,-0.229083,0.405303,-0.105519,0.405303,All
-0.263629,0.407197,-0.223292,0.407197,-0.103316,0.407197,All
-0.260019,0.409091,-0.216902,0.409091,-0.100071,0.409091,All
-0.254829,0.410985,-0.214219,0.410985,-0.0960432,0.410985,All
-0.234826,0.412879,-0.211638,0.412879,-0.0888549,0.412879,All
-0.233516,0.414773,-0.207896,0.414773,-0.0872016,0.414773,All
-0.23341,0.416667,-0.205075,0.416667,-0.0831518,0.416667,All
-0.227883,0.418561,-0.191965,0.418561,-0.0755503,0.418561,All
-0.226965,0.420455,-0.184637,0.420455,-0.0754692,0.420455,All
-0.222553,0.422348,-0.181191,0.422348,-0.073361,0.422348,All
-0.217248,0.424242,-0.180346,0.424242,-0.0686178,0.424242,All
-0.216432,0.426136,-0.178611,0.426136,-0.0653815,0.426136,All
-0.216391,0.42803,-0.176721,0.42803,-0.0616894,0.42803,All
-0.215141,0.429924,-0.170368,0.429924,-0.0613414,0.429924,All
-0.209533,0.431818,-0.16851,0.431818,-0.0596272,0.431818,All
-0.207883,0.433712,-0.165526,0.433712,-0.0476753,0.433712,All
-0.207878,0.435606,-0.159891,0.435606,-0.0464742,0.435606,All
-0.202496,0.4375,-0.154874,0.4375,-0.0428984,0.4375,All
-0.189439,0.439394,-0.153012,0.439394,-0.0419878,0.439394,All
-0.187433,0.441288,-0.150373,0.441288,-0.0405623,0.441288,All
-0.184479,0.443182,-0.150221,0.443182,-0.0404855,0.443182,All
-0.18117,0.445076,-0.147478,0.445076,-0.0392244,0.445076,All
-0.180523,0.44697,-0.14456,0.44697,-0.030542,0.44697,All
-0.179406,0.448864,-0.136797,0.448864,-0.0238501,0.448864,All
-0.172366,0.450758,-0.136321,0.450758,-0.0184698,0.450758,All
-0.162536,0.452652,-0.133731,0.452652,-0.00486204,0.452652,All
-0.15931,0.454545,-0.132403,0.454545,-0.00434008,0.454545,All
-0.144423,0.456439,-0.129568,0.456439,-0.00276907,0.456439,All
-0.138542,0.458333,-0.129566,0.458333,-0.00270765,0.458333,All
-0.132804,0.460227,-0.124185,0.460227,0.00373132,0.460227,All
-0.127854,0.462121,-0.120164,0.462121,0.0105295,0.462121,All
-0.120663,0.464015,-0.0952391,0.464015,0.0116743,0.464015,All
-0.120391,0.465909,-0.0876108,0.465909,0.0122616,0.465909,All
-0.118249,0.467803,-0.0842316,0.467803,0.0170187,0.467803,All
-0.116216,0.469697,-0.0696989,0.469697,0.0280766,0.469697,All
-0.115551,0.471591,-0.0646322,0.471591,0.0341104,0.471591,All
-0.11554,0.473485,-0.0573755,0.473485,0.0522489,0.473485,All
-0.111884,0.475379,-0.0487345,0.475379,0.0536345,0.475379,All
-0.110592,0.477273,-0.0485858,0.477273,0.0537078,0.477273,All
-0.0855384,0.479167,-0.0428809,0.479167,0.054492,0.479167,All
-0.0850443,0.481061,-0.0357731,0.481061,0.0555399,0.481061,All
-0.084396,0.482955,-0.0322969,0.482955,0.0582965,0.482955,All
-0.0839847,0.484848,-0.0218077,0.484848,0.0596961,0.484848,All
-0.0838815,0.486742,-0.0191353,0.486742,0.0704058,0.486742,All
-0.0804496,0.488636,-0.00973601,0.488636,0.0716208,0.488636,All
-0.0774478,0.49053,-0.00574989,0.49053,0.0728382,0.49053,All
-0.0754856,0.492424,-0.00146042,0.492424,0.0818324,0.492424,All
-0.0680931,0.494318,0.00968044,0.494318,0.0820904,0.494318,All
-0.0446289,0.496212,0.0156067,0.496212,0.0852111,0.496212,All
-0.0298363,0.498106,0.0171554,0.498106,0.0896082,0.498106,All
-0.0250801,0.5,0.0184897,0.5,0.0938468,0.5,All
0.0192984,0.501894,0.0186331,0.501894,0.0953898,0.501894,All
0.0207385,0.503788,0.0291511,0.503788,0.095914,0.503788,All
0.0254165,0.505682,0.0345036,0.505682,0.105434,0.505682,All
0.030964,0.507576,0.0395177,0.507576,0.105457,0.507576,All
0.0316864,0.50947,0.0459413,0.50947,0.10747,0.50947,All
0.0379368,0.511364,0.0509856,0.511364,0.112318,0.511364,All
0.0424401,0.513258,0.0587338,0.513258,0.115383,0.513258,All
0.0456964,0.515152,0.0693188,0.515152,0.119575,0.515152,All
0.0468912,0.517045,0.0824945,0.517045,0.123577,0.517045,All
0.0477543,0.518939,0.0889355,0.518939,0.124196,0.518939,All
0.0513104,0.520833,0.0945644,0.520833,0.125081,0.520833,All
0.0551206,0.522727,0.0950022,0.522727,0.128801,0.522727,All
0.055159,0.524621,0.095665,0.524621,0.132491,0.524621,All
0.0579063,0.526515,0.0980201,0.526515,0.141829,0.526515,All
0.0673157,0.528409,0.0993414,0.528409,0.14218,0.528409,All
0.0711931,0.530303,0.108264,0.530303,0.142592,0.530303,All
0.0755519,0.532197,0.110175,0.532197,0.148858,0.532197,All
0.0810032,0.534091,0.121718,0.534091,0.149419,0.534091,All
0.0818882,0.535985,0.125949,0.535985,0.151074,0.535985,All
0.087794,0.537879,0.12664,0.537879,0.155356,0.537879,All
0.0918909,0.539773,0.129427,0.539773,0.163099,0.539773,All
0.0944058,0.541667,0.139958,0.541667,0.167635,0.541667,All
0.101303,0.543561,0.141486,0.543561,0.168775,0.543561,All
0.107704,0.545455,0.145848,0.545455,0.177057,0.545455,All
0.120339,0.547348,0.152614,0.547348,0.179641,0.547348,All
0.128689,0.549242,0.159724,0.549242,0.180713,0.549242,All
0.130304,0.551136,0.162335,0.551136,0.182235,0.551136,All
0.139365,0.55303,0.16404,0.55303,0.188454,0.55303,All
0.143817,0.554924,0.169024,0.554924,0.18865,0.554924,All
0.147322,0.556818,0.174899,0.556818,0.189314,0.556818,All
0.147397,0.558712,0.179099,0.558712,0.190779,0.558712,All
0.152691,0.560606,0.180201,0.560606,0.194486,0.560606,All
0.160023,0.5625,0.19131,0.5625,0.194565,0.5625,All
0.160409,0.564394,0.198508,0.564394,0.194641,0.564394,All
0.17017,0.566288,0.200985,0.566288,0.200388,0.566288,All
0.173862,0.568182,0.203117,0.568182,0.209642,0.568182,All
0.17536,0.570076,0.208902,0.570076,0.212711,0.570076,All
0.177763,0.57197,0.210808,0.57197,0.216553,0.57197,All
0.177861,0.573864,0.218242,0.573864,0.220002,0.573864,All
0.183683,0.575758,0.233581,0.575758,0.220053,0.575758,All
0.19463,0.577652,0.240209,0.577652,0.221398,0.577652,All
0.196684,0.579545,0.248347,0.579545,0.222925,0.579545,All
0.197629,0.581439,0.250933,0.581439,0.230907,0.581439,All
0.203228,0.583333,0.259215,0.583333,0.233484,0.583333,All
0.203981,0.585227,0.259458,0.585227,0.23602,0.585227,All
0.211282,0.587121,0.25956,0.587121,0.238813,0.587121,All
0.213089,0.589015,0.261564,0.589015,0.240223,0.589015,All
0.218043,0.590909,0.26251,0.590909,0.24557,0.590909,All
0.231919,0.592803,0.265952,0.592803,0.25466,0.592803,All
0.24035,0.594697,0.267646,0.594697,0.262578,0.594697,All
0.246077,0.596591,0.26869,0.596591,0.26343,0.596591,All
0.247287,0.598485,0.268916,0.598485,0.269941,0.598485,All
0.255853,0.600379,0.279742,0.600379,0.272547,0.600379,All
0.257051,0.602273,0.279915,0.602273,0.275993,0.602273,All
0.2572,0.604167,0.280017,0.604167,0.276008,0.604167,All
0.257562,0.606061,0.288716,0.606061,0.276995,0.606061,All
0.260628,0.607955,0.290418,0.607955,0.283578,0.607955,All
0.264639,0.609848,0.2964,0.609848,0.287461,0.609848,All
0.265435,0.611742,0.300529,0.611742,0.287954,0.611742,All
0.284365,0.613636,0.30056,0.613636,0.288394,0.613636,All
0.285488,0.61553,0.300906,0.61553,0.289929,0.61553,All
0.286725,0.617424,0.310701,0.617424,0.297618,0.617424,All
0.295418,0.619318,0.322659,0.619318,0.300699,0.619318,All
0.296654,0.621212,0.327331,0.621212,0.301873,0.621212,All
0.29921,0.623106,0.330843,0.623106,0.304912,0.623106,All
0.299691,0.625,0.333295,0.625,0.311342,0.625,All
0.303241,0.626894,0.347926,0.626894,0.315969,0.626894,All
0.308809,0.628788,0.351862,0.628788,0.318101,0.628788,All
0.316057,0.630682,0.35269,0.630682,0.321826,0.630682,All
0.317632,0.632576,0.355574,0.632576,0.327634,0.632576,All
0.322339,0.63447,0.35697,0.63447,0.337079,0.63447,All
0.324278,0.636364,0.35753,0.636364,0.342937,0.636364,All
0.324547,0.638258,0.359686,0.638258,0.346107,0.638258,All
0.331253,0.640152,0.359866,0.640152,0.353638,0.640152,All
0.337829,0.642045,0.360179,0.642045,0.35763,0.642045,All
0.340061,0.643939,0.363309,0.643939,0.361289,0.643939,All
0.342262,0.645833,0.36619,0.645833,0.365315,0.645833,All
0.348024,0.647727,0.36885,0.647727,0.368514,0.647727,All
0.348502,0.649621,0.370841,0.649621,0.391103,0.649621,All
0.35069,0.651515,0.381079,0.651515,0.397047,0.651515,All
0.354882,0.653409,0.385177,0.653409,0.399805,0.653409,All
0.358963,0.655303,0.387578,0.655303,0.40306,0.655303,All
0.359522,0.657197,0.387844,0.657197,0.407143,0.657197,All
0.360392,0.659091,0.388476,0.659091,0.418612,0.659091,All
0.361734,0.660985,0.392437,0.660985,0.425796,0.660985,All
0.368277,0.662879,0.397683,0.662879,0.426476,0.662879,All
0.374942,0.664773,0.410197,0.664773,0.427456,0.664773,All
0.377255,0.666667,0.41286,0.666667,0.42774,0.666667,All
0.377381,0.668561,0.414441,0.668561,0.428054,0.668561,All
0.378176,0.670455,0.422162,0.670455,0.430088,0.670455,All
0.385104,0.672348,0.42378,0.672348,0.431615,0.672348,All
0.388614,0.674242,0.429059,0.674242,0.435508,0.674242,All
0.395188,0.676136,0.436658,0.676136,0.44053,0.676136,All
0.405365,0.67803,0.439296,0.67803,0.452481,0.67803,All
0.415397,0.679924,0.441112,0.679924,0.457741,0.679924,All
0.41829,0.681818,0.446464,0.681818,0.461343,0.681818,All
0.41945,0.683712,0.448918,0.683712,0.462103,0.683712,All
0.453584,0.685606,0.449552,0.685606,0.467255,0.685606,All
0.454061,0.6875,0.452189,0.6875,0.474182,0.6875,All
0.468443,0.689394,0.464024,0.689394,0.481793,0.689394,All
0.470305,0.691288,0.467208,0.691288,0.492028,0.691288,All
0.474707,0.693182,0.471823,0.693182,0.499443,0.693182,All
0.474844,0.695076,0.475084,0.695076,0.499771,0.695076,All
0.476659,0.69697,0.487909,0.69697,0.502559,0.69697,All
0.476756,0.698864,0.496078,0.698864,0.510657,0.698864,All
0.482319,0.700758,0.499951,0.700758,0.51546,0.700758,All
0.491055,0.702652,0.512707,0.702652,0.516236,0.702652,All
0.491608,0.704545,0.514291,0.704545,0.517788,0.704545,All
0.494914,0.706439,0.515077,0.706439,0.528547,0.706439,All
0.495085,0.708333,0.516947,0.708333,0.530398,0.708333,All
0.495922,0.710227,0.519168,0.710227,0.533978,0.710227,All
0.498987,0.712121,0.534792,0.712121,0.536109,0.712121,All
0.50436,0.714015,0.535363,0.714015,0.536556,0.714015,All
0.508719,0.715909,0.546988,0.715909,0.539705,0.715909,All
0.511519,0.717803,0.551388,0.717803,0.539839,0.717803,All
0.512081,0.719697,0.552821,0.719697,0.543673,0.719697,All
0.513114,0.721591,0.556678,0.721591,0.550935,0.721591,All
0.517964,0.723485,0.561917,0.723485,0.556189,0.723485,All
0.519656,0.725379,0.562804,0.725379,0.560407,0.725379,All
0.521663,0.727273,0.567834,0.727273,0.561147,0.727273,All
0.526084,0.729167,0.570242,0.729167,0.564432,0.729167,All
0.526987,0.731061,0.577527,0.731061,0.566231,0.731061,All
0.537581,0.732955,0.578678,0.732955,0.578202,0.732955,All
0.540808,0.734848,0.581958,0.734848,0.584899,0.734848,All
0.548314,0.736742,0.591045,0.736742,0.585874,0.736742,All
0.552221,0.738636,0.591308,0.738636,0.590339,0.738636,All
0.553659,0.74053,0.592006,0.74053,0.60614,0.74053,All
0.557367,0.742424,0.593431,0.742424,0.620563,0.742424,All
0.557585,0.744318,0.599737,0.744318,0.622332,0.744318,All
0.562432,0.746212,0.605859,0.746212,0.623687,0.746212,All
0.593015,0.748106,0.614137,0.748106,0.625219,0.748106,All
0.595313,0.75,0.615256,0.75,0.639684,0.75,All
0.59608,0.751894,0.62747,0.751894,0.640407,0.751894,All
0.605193,0.753788,0.627996,0.753788,0.641026,0.753788,All
0.609341,0.755682,0.633229,0.755682,0.643852,0.755682,All
0.613004,0.757576,0.639171,0.757576,0.648301,0.757576,All
0.615157,0.75947,0.644838,0.75947,0.64834,0.75947,All
0.615557,0.761364,0.649069,0.761364,0.655846,0.761364,All
0.61698,0.763258,0.666382,0.763258,0.66146,0.763258,All
0.625392,0.765152,0.675011,0.765152,0.662347,0.765152,All
0.633539,0.767045,0.675183,0.767045,0.669047,0.767045,All
0.648084,0.768939,0.682857,0.768939,0.671485,0.768939,All
0.64838,0.770833,0.686552,0.770833,0.678049,0.770833,All
0.648762,0.772727,0.688477,0.772727,0.678335,0.772727,All
0.652782,0.774621,0.690825,0.774621,0.678914,0.774621,All
0.653865,0.776515,0.706605,0.776515,0.680211,0.776515,All
0.657993,0.778409,0.710378,0.778409,0.68181,0.778409,All
0.659844,0.780303,0.710608,0.780303,0.687064,0.780303,All
0.664152,0.782197,0.722786,0.782197,0.69287,0.782197,All
0.670533,0.784091,0.734403,0.784091,0.702759,0.784091,All
0.673772,0.785985,0.73525,0.785985,0.713003,0.785985,All
0.686653,0.787879,0.739232,0.787879,0.71383,0.787879,All
0.691996,0.789773,0.744717,0.789773,0.715144,0.789773,All
0.704483,0.791667,0.749407,0.791667,0.716316,0.791667,All
0.710954,0.793561,0.773864,0.793561,0.717588,0.793561,All
0.711211,0.795455,0.774572,0.795455,0.726726,0.795455,All
0.720126,0.797348,0.787978,0.797348,0.729011,0.797348,All
0.72148,0.799242,0.789564,0.799242,0.744388,0.799242,All
0.727944,0.801136,0.804092,0.801136,0.756154,0.801136,All
0.728572,0.80303,0.806269,0.80303,0.761239,0.80303,All
0.739986,0.804924,0.806866,0.804924,0.764866,0.804924,All
0.748408,0.806818,0.81486,0.806818,0.772399,0.806818,All
0.753132,0.808712,0.830346,0.808712,0.786803,0.808712,All
0.762373,0.810606,0.843266,0.810606,0.790031,0.810606,All
0.765405,0.8125,0.844356,0.8125,0.791469,0.8125,All
0.767903,0.814394,0.864508,0.814394,0.793166,0.814394,All
0.772603,0.816288,0.865044,0.816288,0.79586,0.816288,All
0.776664,0.818182,0.868684,0.818182,0.796602,0.818182,All
0.783927,0.820076,0.979671,0.820076,0.799101,0.820076,All
0.784752,0.82197,0.983621,0.82197,0.803583,0.82197,All
0.795317,0.823864,0.989001,0.823864,0.809787,0.823864,All
0.799441,0.825758,0.99877,0.825758,0.818655,0.825758,All
0.80151,0.827652,1.01054,0.827652,0.819743,0.827652,All
0.804238,0.829545,1.01236,0.829545,0.822084,0.829545,All
0.809624,0.831439,1.02158,0.831439,0.841952,0.831439,All
0.810895,0.833333,1.02425,0.833333,0.851096,0.833333,All
0.816075,0.835227,1.0444,0.835227,0.853953,0.835227,All
0.818738,0.837121,1.05022,0.837121,0.860192,0.837121,All
0.839069,0.839015,1.05029,0.839015,0.863852,0.839015,All
0.84056,0.840909,1.05153,0.840909,0.86461,0.840909,All
0.847438,0.842803,1.05356,0.842803,0.866889,0.842803,All
0.8733,0.844697,1.06346,0.844697,0.881842,0.844697,All
0.910161,0.846591,1.07181,0.846591,0.883437,0.846591,All
0.935922,0.848485,1.08884,0.848485,0.883505,0.848485,All
0.948302,0.850379,1.11043,0.850379,0.889459,0.850379,All
0.949189,0.852273,1.14493,0.852273,0.900074,0.852273,All
0.958725,0.854167,1.15851,0.854167,0.908946,0.854167,All
0.970096,0.856061,1.16327,0.856061,0.90916,0.856061,All
0.978804,0.857955,1.16934,0.857955,0.910507,0.857955,All
0.981107,0.859848,1.18324,0.859848,0.912834,0.859848,All
0.984377,0.861742,1.1975,0.861742,0.913601,0.861742,All
1.00474,0.863636,1.2059,0.863636,0.915962,0.863636,All
1.00585,0.86553,1.21443,0.86553,0.932167,0.86553,All
1.01437,0.867424,1.21812,0.867424,0.939785,0.867424,All
1.01536,0.869318,1.23321,0.869318,0.94203,0.869318,All
1.02775,0.871212,1.24446,0.871212,0.954332,0.871212,All
1.04965,0.873106,1.25577,0.873106,0.957976,0.873106,All
1.05621,0.875,1.26727,0.875,0.970751,0.875,All
1.05998,0.876894,1.27608,0.876894,0.976936,0.876894,All
1.07523,0.878788,1.30016,0.878788,0.994797,0.878788,All
1.07528,0.880682,1.31105,0.880682,0.999711,0.880682,All
1.07653,0.882576,1.31179,0.882576,1.00513,0.882576,All
1.09978,0.88447,1.32161,0.88447,1.00838,0.88447,All
1.1104,0.886364,1.33624,0.886364,1.00928,0.886364,All
1.11544,0.888258,1.34615,0.888258,1.01373,0.888258,All
1.12596,0.890152,1.35053,0.890152,1.01559,0.890152,All
1.14032,0.892045,1.38903,0.892045,1.01568,0.892045,All
1.15574,0.893939,1.39097,0.893939,1.02725,0.893939,All
1.16,0.895833,1.39736,0.895833,1.03887,0.895833,All
1.16751,0.897727,1.41217,0.897727,1.06108,0.897727,All
1.17267,0.899621,1.4162,0.899621,1.06565,0.899621,All
1.18899,0.901515,1.44092,0.901515,1.06761,0.901515,All
1.19222,0.903409,1.44173,0.903409,1.08085,0.903409,All
1.20553,0.905303,1.46033,0.905303,1.10591,0.905303,All
1.21399,0.907197,1.48787,0.907197,1.109,0.907197,All
1.23644,0.909091,1.51583,0.909091,1.12349,0.909091,All
1.26684,0.910985,1.52471,0.910985,1.12578,0.910985,All
1.27176,0.912879,1.53595,0.912879,1.12714,0.912879,All
1.29644,0.914773,1.5378,0.914773,1.1449,0.914773,All
1.30075,0.916667,1.54231,0.916667,1.15243,0.916667,All
1.31358,0.918561,1.54932,0.918561,1.17137,0.918561,All
1.31745,0.920455,1.5614,0.920455,1.18568,0.920455,All
1.31777,0.922348,1.59178,0.922348,1.20028,0.922348,All
1.33191,0.924242,1.60389,0.924242,1.22877,0.924242,All
1.33721,0.926136,1.63484,0.926136,1.25487,0.926136,All
1.38732,0.92803,1.64317,0.92803,1.26462,0.92803,All
1.39894,0.929924,1.68313,0.929924,1.30579,0.929924,All
1.40374,0.931818,1.68785,0.931818,1.30752,0.931818,All
1.43353,0.933712,1.71427,0.933712,1.31503,0.933712,All
1.46866,0.935606,1.71787,0.935606,1.32354,0.935606,All
1.52995,0.9375,1.72289,0.9375,1.32656,0.9375,All
1.53311,0.939394,1.72512,0.939394,1.33229,0.939394,All
1.54557,0.941288,1.74768,0.941288,1.33294,0.941288,All
1.54601,0.943182,1.7594,0.943182,1.33958,0.943182,All
1.55125,0.945076,1.76578,0.945076,1.34837,0.945076,All
1.5682,0.94697,1.78469,0.94697,1.37281,0.94697,All
1.63268,0.948864,1.79366,0.948864,1.38462,0.948864,All
1.64728,0.950758,1.80901,0.950758,1.4514,0.950758,All
1.6533,0.952652,1.84582,0.952652,1.4533,0.952652,All
1.65965,0.954545,1.85188,0.954545,1.49943,0.954545,All
1.691,0.956439,1.85609,0.956439,1.50617,0.956439,All
1.69437,0.958333,1.90762,0.958333,1.5112,0.958333,All
1.69789,0.960227,1.92815,0.960227,1.53331,0.960227,All
1.69813,0.962121,1.97794,0.962121,1.56717,0.962121,All
1.70034,0.964015,1.99652,0.964015,1.57268,0.964015,All
1.74458,0.965909,2.05417,0.965909,1.6003,0.965909,All
1.78017,0.967803,2.09329,0.967803,1.65234,0.967803,All
1.78168,0.969697,2.09636,0.969697,1.67256,0.969697,All
1.84396,0.971591,2.09945,0.971591,1.6794,0.971591,All
1.84638,0.973485,2.12285,0.973485,1.69588,0.973485,All
1.86773,0.975379,2.13511,0.975379,1.73104,0.975379,All
1.99446,0.977273,2.1353,0.977273,1.74279,0.977273,All
2.02361,0.979167,2.15418,0.979167,1.76696,0.979167,All
2.08493,0.981061,2.15749,0.981061,1.77393,0.981061,All
2.24789,0.982955,2.17642,0.982955,1.7747,0.982955,All
2.36555,0.984848,2.19168,0.984848,1.83707,0.984848,All
3.10174,0.986742,2.246,0.986742,1.89438,0.986742,All
3.12656,0.988636,2.38068,0.988636,2.05821,0.988636,All
3.1909,0.99053,2.38543,0.99053,2.09845,0.99053,All
3.25066,0.992424,2.4077,0.992424,2.11001,0.992424,All
3.26827,0.994318,2.633,0.994318,2.11976,0.994318,All
3.43891,0.996212,2.80748,0.996212,2.15537,0.996212,All
3.44017,0.998106,2.88074,0.998106,2.19941,0.998106,All
3.61211,1,2.9915,1,2.20143,1,All
4,1,4,1,4,1,All
