rep,ID,standEta_A1_simulated,standEta_tau1_simulated,standEta_I0_simulated,filter
1,64,-0.683309,0.73525,-0.319922,0
2,64,0.388614,-0.326757,-1.02884,0
3,64,-0.0804496,0.095665,-0.583756,0
4,64,-0.184479,0.30056,-0.332838,0
5,64,-0.424265,0.359686,-0.30738,0
6,64,-0.302504,0.36619,-0.323841,0
7,64,0.0379368,-0.150373,-0.693786,0
8,64,-0.436875,0.446464,-0.188461,0
1,73,1.09978,-1.09604,0.397047,0
2,73,0.767903,-0.572302,0.467255,0
3,73,0.0254165,0.0980201,1.31503,0
4,73,1.33721,-1.31484,0.272547,0
5,73,0.476756,-0.386108,0.900074,0
6,73,0.143817,-0.150221,1.03887,0
7,73,0.0755519,-0.0218077,1.10591,0
8,73,0.35069,-0.33561,0.915962,0
1,74,-0.110592,0.162335,0.287954,0
2,74,-0.179406,0.279742,0.25466,0
3,74,0.648762,-0.652905,-0.0653815,0
4,74,1.05998,-1.13362,-0.872928,0
5,74,1.16,-1.23946,-0.983726,0
6,74,1.46866,-1.50122,-1.3984,0
7,74,-0.120391,0.0945644,0.539705,0
8,74,0.0918909,-0.0842316,0.18865,0
1,75,0.139365,-0.147478,-0.108461,0
2,75,-0.254829,0.25956,0.194565,0
3,75,0.231919,-0.136797,-0.290771,0
4,75,0.41945,-0.401346,-0.298017,0
5,75,1.07653,-1.03333,-0.954843,0
6,75,1.01536,-1.05142,-0.804319,0
7,75,-0.352511,0.250933,0.288394,0
8,75,-0.354833,0.35269,0.221398,0
1,76,0.519656,-0.638275,-0.642112,0
2,76,0.910161,-0.936535,-1.0609,0
3,76,1.07528,-1.05251,-1.36811,0
4,76,0.710954,-0.726374,-0.883209,0
5,76,-0.285091,0.26869,-0.142785,0
6,76,-0.508976,0.360179,-0.0616894,0
7,76,-0.303109,0.233581,-0.0419878,0
8,76,-0.0298363,-0.0696989,-0.135134,0
1,77,0.557367,-0.646449,-0.330281,0
2,77,0.613004,-0.597675,-0.134476,0
3,77,0.359522,-0.377496,0.40306,0
4,77,-1.53552,1.51583,1.34837,0
5,77,-1.16966,1.2059,1.32656,0
6,77,0.657993,-0.6266,-0.2123,0
7,77,0.513114,-0.530631,-0.134179,0
8,77,0.377255,-0.36975,0.276008,0
1,78,-1.02739,1.06346,-0.44341,0
2,78,-0.53965,0.639171,-1.00069,0
3,78,-1.05808,0.99877,-0.680839,0
4,78,0.557585,-0.484307,-2.06319,0
5,78,-1.75178,1.7594,-0.125459,0
6,78,-2.87025,2.9915,0.194486,0
7,78,-2.92468,2.88074,0.342937,0
8,78,0.160409,-0.133731,-1.43877,0
1,79,0.615157,-0.625681,-0.132491,0
2,79,0.316057,-0.426318,-0.155089,0
3,79,0.0711931,0.0186331,0.105434,0
4,79,0.454061,-0.371616,-0.0888549,0
5,79,-0.226965,0.218242,0.543673,0
6,79,0.0316864,0.0587338,0.289929,0
7,79,-0.483526,0.499951,0.640407,0
8,79,0.183683,-0.0485858,0.200388,0
1,80,0.177763,-0.180346,0.715144,0
2,80,-0.084396,0.141486,1.08085,0
3,80,0.984377,-0.991027,0.238813,0
4,80,0.783927,-0.744729,0.240223,0
5,80,-0.111884,0.174899,0.790031,0
6,80,-0.279219,0.330843,1.00513,0
7,80,0.17017,-0.214219,0.999711,0
8,80,-0.162536,0.169024,0.932167,0
1,81,-0.0446289,0.0171554,0.717588,0
2,81,-1.19389,1.18324,1.37281,0
3,81,0.686653,-0.751776,-0.0405623,0
4,81,0.0579063,-0.165526,0.625219,0
5,81,-0.118249,0.240209,0.641026,0
6,81,1.30075,-1.35309,-0.425831,0
7,81,0.711211,-0.69911,0.119575,0
8,81,0.107704,-0.16851,0.427456,0
1,82,1.20553,-1.18442,-0.381118,0
2,82,-0.44244,0.516947,1.12349,0
3,82,-0.18117,0.0395177,0.841952,0
4,82,0.0424401,-0.0487345,0.71383,0
5,82,0.562432,-0.594216,0.233484,0
6,82,0.264639,-0.207896,0.566231,0
7,82,1.12596,-1.08633,-0.168205,0
8,82,1.07523,-1.01693,-0.20287,0
1,83,-2.03318,2.05417,1.20028,0
2,83,-2.1351,2.09329,1.33958,0
3,83,-1.83947,1.80901,1.109,0
4,83,-0.222553,0.26251,0.327634,0
5,83,0.61698,-0.539718,-0.255978,0
6,83,-0.51769,0.599737,0.481793,0
7,83,0.482319,-0.447854,-0.430686,0
8,83,-0.791949,0.675011,0.851096,0
1,84,0.246077,-0.402949,-0.00486204,0
2,84,0.342262,-0.341587,0.125081,0
3,84,0.59608,-0.531991,-0.12278,0
4,84,-0.554954,0.614137,0.655846,0
5,84,-0.628731,0.546988,0.818655,0
6,84,-0.661678,0.688477,0.863852,0
7,84,-0.545827,0.627996,0.889459,0
8,84,0.728572,-0.825853,-0.229254,0
1,85,0.0468912,-0.00574989,1.33229,0
2,85,1.84638,-1.80939,-0.0184698,0
3,85,-0.793705,0.774572,1.69588,0
4,85,-0.533706,0.552821,1.89438,0
5,85,1.05621,-1.04797,0.426476,0
6,85,0.511519,-0.474993,0.680211,0
7,85,0.470305,-0.507032,0.957976,0
8,85,1.1104,-1.18808,0.530398,0
1,86,-2.65957,2.633,-1.26895,0
2,86,-2.84834,2.80748,-1.25538,0
3,86,-2.34637,2.4077,-1.13629,0
4,86,-1.97238,1.99652,-1.44079,0
5,86,-1.79559,1.71787,-1.5001,0
6,86,-1.48315,1.44173,-1.71718,0
7,86,-1.32577,1.31105,-1.65617,0
8,86,-1.45044,1.5378,-1.90533,0
1,87,1.691,-1.66625,0.276995,0
2,87,1.65965,-1.62137,0.0728382,0
3,87,1.43353,-1.54982,0.220053,0
4,87,1.39894,-1.36381,0.167635,0
5,87,0.324278,-0.353738,1.26462,0
6,87,1.27176,-1.26957,0.517788,0
7,87,1.5682,-1.70715,0.179641,0
8,87,1.78017,-1.6648,-0.100071,0
1,88,-0.0838815,0.110175,0.0896082,0
2,88,-0.634076,0.593431,0.300699,0
3,88,0.0513104,-0.176721,-0.196729,0
4,88,0.348024,-0.29785,-0.250996,0
5,88,-1.93941,1.90762,0.881842,0
6,88,-1.75266,1.76578,0.970751,0
7,88,-2.22187,2.17642,1.30579,0
8,88,-1.02462,1.05029,0.399805,0
1,89,-0.756818,0.682857,0.939785,0
2,89,-0.609093,0.605859,0.913601,0
3,89,-0.547368,0.649069,0.764866,0
4,89,-0.728947,0.773864,1.12714,0
5,89,-0.60849,0.591308,0.90916,0
6,89,-0.302553,0.200985,0.761239,0
7,89,-0.172366,0.0824945,0.678335,0
8,89,-0.180523,0.125949,0.716316,0
1,90,-1.31319,1.21443,-1.07868,0
2,90,-1.46502,1.53595,-0.962246,0
3,90,-1.84973,1.72512,-0.74221,0
4,90,-1.5971,1.60389,-0.96145,0
5,90,-2.18086,2.12285,-0.471427,0
6,90,-2.19303,2.15418,-0.57456,0
7,90,-2.19053,2.13511,-0.778299,0
8,90,-1.00273,0.868684,-1.38071,0
1,91,-0.115551,0.198508,1.56717,0
2,91,0.748408,-0.682684,0.772399,0
3,91,1.54557,-1.52047,0.42774,0
4,91,1.69437,-1.62959,0.115383,0
5,91,0.491055,-0.482464,1.15243,0
6,91,0.795317,-0.685338,0.994797,0
7,91,0.935922,-0.930208,0.822084,0
8,91,1.16751,-1.14735,0.687064,0
1,92,-1.35232,1.31179,-0.299531,0
2,92,-1.30135,1.41217,-0.502737,0
3,92,-1.39267,1.34615,-0.396712,0
4,92,-1.36896,1.26727,-0.274962,0
5,92,-1.78141,1.79366,-0.140127,0
6,92,-0.864728,0.706605,-0.703629,0
7,92,-0.558089,0.615256,-0.917714,0
8,92,-0.54164,0.577527,-0.721,0
1,185,0.286725,-0.381567,-0.0754692,0
2,185,0.0477543,0.0184897,0.124196,0
3,185,0.474844,-0.425924,-0.0960432,0
4,185,-0.397734,0.41286,0.190779,0
5,185,-0.267669,0.129427,0.346107,0
6,185,-0.265436,0.327331,0.26343,0
7,185,-0.528131,0.62747,0.585874,0
8,185,0.652782,-0.635288,-0.581012,0
1,186,2.02361,-2.01855,-0.193381,0
2,186,0.72148,-0.609859,1.00928,0
3,186,0.633539,-0.732515,1.17137,0
4,186,1.55125,-1.47496,-0.00276907,0
5,186,0.553659,-0.631469,1.50617,0
6,186,1.54601,-1.36029,0.430088,0
7,186,1.38732,-1.43812,0.590339,0
8,186,1.70034,-1.725,0.0522489,0
1,187,-0.138542,-0.00973601,-0.0596272,0
2,187,-1.5482,1.54231,0.809787,0
3,187,-1.11064,0.989001,0.86461,0
4,187,0.385104,-0.299378,-0.314237,0
5,187,-0.0250801,0.108264,0.105457,0
6,187,0.055159,-0.0952391,-0.00434008,0
7,187,-0.0855384,0.145848,0.00373132,0
8,187,0.526084,-0.62022,-0.389358,0
1,188,-1.01222,0.844356,0.623687,0
2,188,-1.00018,1.07181,0.578202,0
3,188,0.101303,-0.120164,-0.247955,0
4,188,0.196684,-0.191965,-0.29342,0
5,188,0.173862,-0.132403,-0.350581,0
6,188,0.495085,-0.55233,-0.545646,0
7,188,-1.53403,1.48787,0.702759,0
8,188,0.378176,-0.360455,-0.716267,0
1,189,0.762373,-0.667294,0.155356,0
2,189,0.257562,-0.275665,0.648301,0
3,189,-0.132804,0.0950022,0.79586,0
4,189,-1.3933,1.44092,1.6794,0
5,189,0.80151,-0.736945,-0.0404855,0
6,189,1.19222,-0.939132,-0.369819,0
7,189,0.753132,-0.721868,0.112318,0
8,189,1.02775,-1.02163,-0.175836,0
1,190,-1.71829,1.74768,-0.73933,0
2,190,-2.17125,2.19168,-0.759268,0
3,190,-1.05068,0.979671,-1.50183,0
4,190,-0.864444,0.830346,-1.5363,0
5,190,-1.46003,1.59178,-1.14313,0
6,190,-1.58177,1.68313,-0.888495,0
7,190,-1.50619,1.46033,-1.0788,0
8,190,-1.2641,1.1975,-1.17216,0
1,191,0.552221,-0.378988,-0.358868,0
2,191,-0.320596,0.429059,0.457741,0
3,191,-0.217248,0.290418,0.425796,0
4,191,-0.385128,0.265952,0.564432,0
5,191,0.0810032,0.00968044,0.095914,0
6,191,1.53311,-1.43319,-1.13858,0
7,191,-0.618921,0.561917,0.620563,0
8,191,0.19463,-0.181191,0.462103,0
1,192,-1.41011,1.4162,-0.996793,0
2,192,-1.70979,1.85609,-0.725668,0
3,192,-1.25087,1.30016,-1.32186,0
4,192,-1.02299,1.11043,-1.3513,0
5,192,-1.46193,1.33624,-1.65815,0
6,192,-1.29277,1.32161,-1.47266,0
7,192,-0.686653,0.690825,-1.83105,0
8,192,-1.19217,1.16327,-1.28844,0
1,193,-1.12032,1.15851,1.25487,0
2,193,0.0673157,-0.159891,0.337079,0
3,193,-0.23341,0.180201,0.744388,0
4,193,-0.615593,0.633229,1.00838,0
5,193,0.285488,-0.272074,0.230907,0
6,193,-0.202496,0.279915,0.866889,0
7,193,-0.318742,0.351862,0.786803,0
8,193,-1.06359,1.05022,1.1449,0
1,194,-0.396159,0.333295,0.365315,0
2,194,-0.565709,0.449552,0.539839,0
3,194,-0.233516,0.210808,0.188454,0
4,194,-0.35483,0.363309,0.0938468,0
5,194,-0.187433,0.267646,-0.22032,0
6,194,-0.716637,0.710608,0.275993,0
7,194,-0.440925,0.551388,0.0105295,0
8,194,-0.29402,0.208902,-0.0831518,0
1,195,-0.0774478,-0.0428809,0.883505,0
2,195,0.653865,-0.568261,0.177057,0
3,195,0.64838,-0.765168,0.0852111,0
4,195,0.958725,-0.925143,-0.231178,0
5,195,0.847438,-0.905242,-0.148662,0
6,195,0.0456964,-0.230139,0.321826,0
7,195,0.296654,-0.310061,0.304912,0
8,195,0.0551206,-0.0876108,0.528547,0
1,196,0.0207385,-0.0191353,0.149419,0
2,196,0.468443,-0.495056,0.0122616,0
3,196,0.648084,-0.617228,-0.122637,0
4,196,0.331253,-0.369314,-0.0428984,0
5,196,0.809624,-0.715501,-0.632156,0
6,196,0.120339,-0.170368,0.168775,0
7,196,0.970096,-1.06965,-0.636945,0
8,196,-0.482221,0.392437,0.435508,0
1,197,0.659844,-0.697991,-1.16192,0
2,197,-0.189439,0.139958,-0.360698,0
3,197,0.203228,-0.136321,-0.812091,0
4,197,0.317632,-0.324715,-0.431371,0
5,197,-2.06339,2.15749,0.819743,0
6,197,0.0192984,0.0156067,-0.882884,0
7,197,-2.10454,2.09636,0.66146,0
8,197,0.625392,-0.612926,-1.22225,0
1,198,0.605193,-0.610005,-0.524945,0
2,198,0.128689,-0.0322969,-0.176979,0
3,198,0.17536,-0.234744,-0.030542,0
4,198,0.540808,-0.553925,-0.426227,0
5,198,0.548314,-0.6462,-0.726549,0
6,198,-0.207878,0.347926,-0.0464742,0
7,198,-0.676288,0.592006,0.24557,0
8,198,-0.234826,0.259215,-0.0755503,0
1,199,1.69813,-1.64809,-0.563723,0
2,199,1.78168,-1.70151,-0.142727,0
3,199,0.255853,-0.178611,1.01568,0
4,199,1.00474,-0.98873,0.311342,0
5,199,0.337829,-0.404933,0.729011,0
6,199,0.776664,-0.71602,0.726726,0
7,199,1.17267,-1.19248,0.0536345,0
8,199,1.33191,-1.34903,-0.110269,0
1,200,0.948302,-0.934717,0.853953,0
2,200,0.949189,-1.02215,0.860192,0
3,200,-0.603701,0.675183,2.05821,0
4,200,-0.963294,1.01054,2.15537,0
5,200,2.36555,-2.47557,-0.867581,0
6,200,2.24789,-2.24999,-0.526223,0
7,200,-0.0850443,0.0291511,1.73104,0
8,200,0.804238,-0.868898,1.18568,0
1,201,-0.260019,0.280017,1.76696,0
2,201,-0.0754856,0.0345036,1.6003,0
3,201,-0.31681,0.248347,1.74279,0
4,201,-0.672307,0.644838,2.11001,0
5,201,0.84056,-0.807685,0.94203,0
6,201,0.160023,-0.14456,1.67256,0
7,201,1.00585,-1.0057,0.713003,0
8,201,-0.227883,0.16404,1.77393,0
1,202,-1.33064,1.35053,1.53331,0
2,202,0.2572,-0.129566,0.883437,0
3,202,0.152691,-0.0646322,1.01373,0
4,202,-2.197,2.09945,2.11976,0
5,202,0.810895,-0.837177,0.461343,0
6,202,1.29644,-1.23672,-0.0238501,0
7,202,1.40374,-1.37308,-0.157474,0
8,202,1.31358,-1.16186,-0.123507,0
1,203,-0.209533,0.0889355,0.662347,0
2,203,1.21399,-1.04406,-0.336792,0
3,203,0.799441,-0.894497,0.054492,0
4,203,0.765405,-0.611989,-0.129307,0
5,203,0.29921,-0.229974,0.189314,0
6,203,0.247287,-0.308203,0.194641,0
7,203,0.368277,-0.339505,0.220002,0
8,203,-0.15931,0.152614,0.536109,0
1,204,0.147397,-0.223292,0.796602,0
2,204,0.377381,-0.446076,0.643852,0
3,204,0.405365,-0.522061,0.318101,0
4,204,0.517964,-0.473553,0.64834,0
5,204,1.23644,-1.17511,0.0170187,0
6,204,1.11544,-1.2267,0.141829,0
7,204,0.0818882,-0.0357731,0.678914,0
8,204,-0.120663,0.0459413,0.910507,0
1,205,1.18899,-1.212,-1.72896,0
2,205,-1.47323,1.39097,0.499771,0
3,205,-1.72535,1.64317,0.516236,0
4,205,-0.48334,0.467208,-0.31591,0
5,205,-0.215141,0.203117,-0.462482,0
6,205,-0.815363,0.806269,0.0555399,0
7,205,-0.804415,0.734403,-0.00270765,0
8,205,-0.11554,0.179099,-0.506708,0
1,206,1.69789,-1.69443,1.06761,0
2,206,1.84396,-1.80633,0.976936,0
3,206,1.52995,-1.5857,1.30752,0
4,206,1.6533,-1.65229,1.12578,0
5,206,1.99446,-1.96449,0.678049,0
6,206,2.08493,-2.11716,0.803583,0
7,206,0.360392,-0.302539,2.19941,0
8,206,1.01437,-1.05155,1.7747,0
1,207,-1.02195,1.08884,0.671485,0
2,207,-0.467915,0.452189,0.533978,0
3,207,-0.426577,0.436658,0.212711,0
4,207,0.839069,-0.86261,-0.898052,0
5,207,0.704483,-0.79985,-0.507945,0
6,207,-0.51585,0.512707,0.492028,0
7,207,-0.479722,0.475084,0.35763,0
8,207,-0.207883,0.259458,0.209642,0
1,208,0.41829,-0.396436,0.0716208,0
2,208,-0.320333,0.300529,0.68181,0
3,208,1.86773,-1.91818,-1.04581,0
4,208,0.50436,-0.513559,0.163099,0
5,208,0.030964,0.0993414,0.560407,0
6,208,0.512081,-0.407605,0.0596961,0
7,208,0.147322,-0.0573755,0.584899,0
8,208,0.691996,-0.732815,-0.103316,0
1,209,0.720126,-0.688312,-0.737907,0
2,209,-0.683963,0.556678,0.14218,0
3,209,-0.216432,0.36885,0.10747,0
4,209,-0.216391,0.261564,-0.195583,0
5,209,-1.10276,1.02425,0.51546,0
6,209,0.615557,-0.561493,-0.586809,0
7,209,0.213089,-0.154874,-0.388518,0
8,209,0.739986,-0.736295,-0.779505,0
1,210,-0.116216,0.0509856,-0.468196,0
2,210,-0.127854,0.12664,-0.252173,0
3,210,-1.55712,1.52471,0.301873,0
4,210,-1.00258,1.0444,0.128801,0
5,210,-1.23428,1.14493,0.269941,0
6,210,-1.17892,1.27608,-0.0686178,0
7,210,-0.263629,0.19131,-0.479513,0
8,210,0.498987,-0.420194,-1.16825,0
1,211,0.322339,-0.365598,0.550935,0
2,211,1.74458,-1.7735,-1.0799,0
3,211,-0.823157,0.806866,1.22877,0
4,211,0.537581,-0.504532,0.142592,0
5,211,-0.342369,0.310701,1.06108,0
6,211,0.24035,-0.129568,0.391103,0
7,211,0.177861,-0.229083,0.669047,0
8,211,0.495922,-0.557811,0.23602,0
1,212,3.12656,-3.15459,0.407143,0
2,212,3.1909,-3.25607,0.44053,0
3,212,3.26827,-3.21451,0.222925,0
4,212,3.10174,-3.21813,0.510657,0
5,212,3.43891,-3.50505,-0.137808,0
6,212,3.44017,-3.49519,0.0280766,0
7,212,3.61211,-3.62391,-0.13059,0
8,212,3.25066,-3.23562,0.297618,0
1,213,-0.84605,0.722786,-1.53114,0
2,213,-0.742704,0.843266,-1.0346,0
3,213,-0.712343,0.591045,-0.70908,0
4,213,-0.519777,0.534792,-1.32239,0
5,213,-0.444819,0.519168,-1.44341,0
6,213,-0.313524,0.2964,-0.901648,0
7,213,-0.421862,0.414441,-1.00226,0
8,213,-0.37316,0.359866,-1.53348,0
1,214,-2.47128,2.38068,0.180713,0
2,214,-0.379207,0.385177,-0.993289,0
3,214,-0.373549,0.35753,-1.14183,0
4,214,-0.726974,0.666382,-0.555479,0
5,214,-0.406907,0.464024,-0.897397,0
6,214,-0.636591,0.581958,-0.909817,0
7,214,-1.07523,1.05153,-0.571184,0
8,214,-0.916004,0.983621,-0.446484,0
1,215,-0.726971,0.749407,1.65234,0
2,215,-1.81621,1.72289,2.09845,0
3,215,-2.24803,2.1353,2.20143,0
4,215,0.358963,-0.322226,0.60614,0
5,215,0.609341,-0.505822,0.499443,0
6,215,0.593015,-0.597363,0.639684,0
7,215,1.31745,-1.4843,-0.169138,0
8,215,1.26684,-1.38642,-0.181103,0
1,216,1.63268,-1.67518,-1.04853,0
2,216,0.595313,-0.60566,0.0582965,0
3,216,0.395188,-0.327943,0.283578,0
4,216,-0.424304,0.410197,1.02725,0
5,216,0.784752,-0.867656,-0.105519,0
6,216,-0.521242,0.439296,0.793166,0
7,216,-0.0680931,0.159724,0.561147,0
8,216,0.130304,-0.124185,0.502559,0
1,217,0.324547,-0.323273,0.791469,0
2,217,0.303241,-0.283831,0.756154,0
3,217,-0.452734,0.448918,1.33294,0
4,217,0.8733,-0.801744,0.536556,0
5,217,1.04965,-1.09684,0.368514,0
6,217,0.415397,-0.47511,0.69287,0
7,217,0.474707,-0.544819,0.912834,0
8,217,0.981107,-0.975271,0.315969,0
1,218,0.521663,-0.573088,-1.21883,0
2,218,-0.0839847,0.0693188,-0.656166,0
3,218,0.087794,-0.00146042,-0.948637,0
4,218,-1.16805,1.24446,-0.144689,0
5,218,0.491608,-0.583821,-1.45383,0
6,218,0.508719,-0.58659,-1.47915,0
7,218,0.670533,-0.661002,-1.44725,0
8,218,-0.825809,0.81486,-0.600719,0
1,219,-0.299147,0.381079,1.4533,0
2,219,-0.809019,0.864508,1.83707,0
3,219,-0.506819,0.471823,1.49943,0
4,219,-0.600519,0.570242,1.4514,0
5,219,0.772603,-0.623148,0.361289,0
6,219,-0.771997,0.865044,1.57268,0
7,219,-0.53468,0.578678,1.5112,0
8,219,-0.144423,0.121718,1.38462,0
1,220,1.31777,-1.37707,-0.0476753,0
2,220,-0.352038,0.370841,1.32354,0
3,220,0.203981,-0.308179,0.799101,0
4,220,0.526987,-0.502712,0.431615,0
5,220,0.978804,-0.923791,0.151074,0
6,220,0.673772,-0.600332,0.556189,0
7,220,0.816075,-0.821716,0.428054,0
8,220,0.260628,-0.307052,1.06565,0
1,221,-0.53974,0.567834,0.182235,0
2,221,0.340061,-0.184637,-0.973538,0
3,221,0.354882,-0.376343,-1.18166,0
4,221,0.197629,-0.268191,-0.7475,0
5,221,-0.564752,0.515077,0.0704058,0
6,221,-0.538945,0.514291,-0.404005,0
7,221,-1.10804,1.16934,0.123577,0
8,221,-0.353708,0.397683,-0.161985,0
1,222,0.453584,-0.365685,-0.0872016,0
2,222,0.284365,-0.216902,-0.170862,0
3,222,-1.19998,1.21812,0.622332,0
4,222,0.295418,-0.416323,-0.178545,0
5,222,0.265435,-0.211638,-0.125752,0
6,222,1.15574,-1.0378,-1.01124,0
7,222,-0.297736,0.288716,0.287461,0
8,222,0.476659,-0.502607,-0.335295,0
1,223,-0.798676,0.744717,0.0953898,0
2,223,-0.808718,0.789564,0.0341104,0
3,223,-0.768188,0.787978,0.132491,0
4,223,-0.269532,0.268916,-0.30221,0
5,223,0.348502,-0.366743,-0.82751,0
6,223,-0.434348,0.42378,-0.634715,0
7,223,-0.323279,0.388476,-0.454512,0
8,223,0.361734,-0.253541,-0.969435,0
1,224,-0.403106,0.441112,-0.989237,0
2,224,-1.47222,1.5614,-0.0613414,0
3,224,-1.70166,1.71427,0.0818324,0
4,224,-1.09972,1.05356,0.0820904,0
5,224,-0.771002,0.710378,-0.285414,0
6,224,-0.40678,0.487909,-0.798494,0
7,224,-0.387362,0.387578,-0.949076,0
8,224,-1.92641,1.97794,0.216553,0
1,225,-1.14916,1.25577,-1.05562,0
2,225,-1.44578,1.38903,-0.994909,0
3,225,-1.16687,1.23321,-1.12442,0
4,225,-0.313986,0.300906,-2.05521,0
5,225,-0.366145,0.355574,-1.97886,0
6,225,-0.289691,0.422162,-1.96368,0
7,225,-0.366755,0.387844,-2.08451,0
8,225,-0.304354,0.322659,-1.6899,0
1,226,-0.682287,0.686552,-1.0529,0
2,226,-0.506087,0.562804,-0.716005,0
3,226,-0.422525,0.496078,-1.14266,0
4,226,-0.767971,0.739232,-0.829813,0
5,226,-0.457624,0.535363,-0.796008,0
6,226,-0.98469,1.02158,-0.515836,0
7,226,-1.39783,1.39736,-0.396841,0
8,226,-1.50225,1.54932,-0.231759,0
1,227,-0.370581,0.35697,1.01559,0
2,227,0.664152,-0.544179,0.148858,0
3,227,1.64728,-1.57204,-0.661231,0
4,227,1.14032,-1.15142,-0.346405,0
5,227,0.727944,-0.803154,-0.073361,0
6,227,0.218043,-0.205075,0.418612,0
7,227,0.308809,-0.329486,0.353638,0
8,227,0.299691,-0.284579,0.452481,0
1,228,-2.29262,2.38543,-2.43969,0
2,228,-2.14372,2.246,-2.95398,0
3,228,-1.73697,1.68785,-3.10522,0
4,228,-1.89301,1.85188,-2.97153,0
5,228,-1.93059,1.92815,-2.7516,0
6,228,-1.74237,1.84582,-3.09419,0
7,228,-1.64703,1.63484,-3.12101,0
8,228,-1.73832,1.78469,-2.64571,0
1,229,0.494914,-0.48688,-0.0392244,0
2,229,-0.694242,0.804092,0.908946,0
3,229,0.257051,-0.257248,0.0537078,0
4,229,-0.941165,1.01236,0.954332,0
5,229,0.818738,-0.850896,-0.403109,0
6,229,0.211282,-0.292951,0.262578,0
7,229,0.374942,-0.391062,0.0116743,0
8,229,0.0944058,-0.153012,0.474182,0
