id,time,observation,popPred_medianCOV,popPred,indivPred_SAEM,indivPred_mean,indivPred_mode,indWRes_SAEM,indWRes_mean,indWRes_mode
63,0,0.535586,0,0,0,0,0,5.19814,5.19814,5.19814
63,0.3539,0.456952,0.401618,0.401618,0.438785,0.437187,0.438719,0.17632,0.191834,0.176963
63,0.7078,0.479703,0.401619,0.401619,0.438785,0.437187,0.438719,0.397133,0.412647,0.397777
63,1.0617,0.496302,0.401619,0.401619,0.438785,0.437187,0.438719,0.558233,0.573746,0.558876
63,1.4156,0.456399,0.401619,0.401619,0.438785,0.437187,0.438719,0.17095,0.186464,0.171594
63,1.7695,0.610269,0.401619,0.401619,0.438785,0.437187,0.438719,1.66434,1.67985,1.66498
63,2.1234,0.540385,0.401619,0.401619,0.438785,0.437187,0.438719,0.986077,1.00159,0.986721
63,2.4773,0.734195,0.401619,0.401619,0.438785,0.437187,0.438719,2.86711,2.88262,2.86775
63,2.8312,0.573545,0.401619,0.401619,0.438785,0.437187,0.438719,1.30792,1.32343,1.30856
63,3.1851,0.548495,0.401619,0.401619,0.438785,0.437187,0.438719,1.06479,1.0803,1.06543
63,3.539,0.439797,0.401619,0.401619,0.438785,0.437187,0.438719,0.0098233,0.025337,0.0104668
63,3.8929,0.515699,0.401619,0.401619,0.438785,0.437187,0.438719,0.746489,0.762003,0.747132
63,4.2468,0.437566,0.401619,0.401619,0.438785,0.437187,0.438719,-0.0118317,0.00368202,-0.0111882
63,4.6007,0.495045,0.401619,0.401619,0.438785,0.437187,0.438719,0.546029,0.561542,0.546672
63,4.9546,0.50105,0.401619,0.401619,0.438785,0.437187,0.438719,0.604316,0.61983,0.60496
63,5.3085,0.419047,0.401619,0.401619,0.438785,0.437187,0.438719,-0.191567,-0.176053,-0.190923
63,5.6624,0.502514,0.401619,0.401619,0.438785,0.437187,0.438719,0.618519,0.634032,0.619162
63,6.0162,0.461681,0.401619,0.401619,0.438785,0.437187,0.438719,0.222214,0.237728,0.222858
63,6.3701,0.489338,0.401619,0.401619,0.438785,0.437187,0.438719,0.490645,0.506159,0.491289
63,6.724,0.628547,0.401619,0.401619,0.438785,0.437187,0.438719,1.84174,1.85725,1.84238
63,7.0779,0.546912,0.401619,0.401619,0.438785,0.437187,0.438719,1.04943,1.06495,1.05008
63,7.4318,0.482134,0.401619,0.401619,0.438785,0.437187,0.438719,0.420723,0.436237,0.421366
63,7.7857,0.340917,0.401619,0.401619,0.438785,0.437187,0.438719,-0.949866,-0.934352,-0.949222
63,8.1396,0.415365,0.401619,0.401619,0.438785,0.437187,0.438719,-0.227307,-0.211793,-0.226663
63,8.4935,0.320257,0.401619,0.401619,0.438785,0.437187,0.438719,-1.15037,-1.13486,-1.14973
63,8.8474,0.466827,0.401619,0.401619,0.438785,0.437187,0.438719,0.272164,0.287677,0.272807
63,9.2013,0.440404,0.401619,0.401619,0.438785,0.437187,0.438719,0.0157133,0.031227,0.0163568
63,9.5552,0.481273,0.401619,0.401619,0.438785,0.437187,0.438719,0.412362,0.427876,0.413005
63,9.9091,0.405644,0.401619,0.401619,0.438785,0.437187,0.438719,-0.321649,-0.306135,-0.321005
63,10.263,0.408637,0.401619,0.401619,0.438785,0.437187,0.438719,-0.292608,-0.277094,-0.291964
63,10.6169,0.495199,0.401619,0.401619,0.438785,0.437187,0.438719,0.547522,0.563036,0.548166
63,10.9708,0.504207,0.401619,0.401619,0.438785,0.437187,0.438719,0.63495,0.650463,0.635593
63,11.3247,0.377652,0.401619,0.401619,0.438785,0.437187,0.438719,-0.593325,-0.577811,-0.592681
63,11.6786,0.357304,0.401619,0.401619,0.438785,0.437187,0.438719,-0.790822,-0.775308,-0.790178
63,12.0325,0.370849,0.401619,0.401619,0.438785,0.437187,0.438719,-0.659356,-0.643842,-0.658713
63,12.3863,0.37374,0.401619,0.401619,0.438785,0.437187,0.438719,-0.631297,-0.615784,-0.630654
63,12.7402,0.415404,0.401619,0.401619,0.438785,0.437187,0.438719,-0.226929,-0.211415,-0.226285
63,13.0941,0.321429,0.401619,0.401619,0.438785,0.437187,0.438719,-1.139,-1.12349,-1.13836
63,13.448,0.423922,0.401619,0.401619,0.438785,0.437187,0.438719,-0.144254,-0.128741,-0.143611
63,13.8019,0.386613,0.401619,0.401619,0.438785,0.437187,0.438719,-0.506356,-0.490842,-0.505712
63,14.1558,0.344199,0.401619,0.401619,0.438785,0.437187,0.438719,-0.918007,-0.902493,-0.917363
63,14.5097,0.411152,0.401619,0.401619,0.438785,0.437187,0.438719,-0.268198,-0.252685,-0.267555
63,14.8636,0.312118,0.401619,0.401619,0.438785,0.437187,0.438719,-1.22937,-1.21386,-1.22873
63,15.2175,0.365774,0.401619,0.401619,0.438785,0.437187,0.438719,-0.70861,-0.693097,-0.707967
63,15.5714,0.308524,0.401619,0.401619,0.438785,0.437187,0.438719,-1.26425,-1.24873,-1.2636
63,15.9253,0.317917,0.401619,0.401619,0.438785,0.437187,0.438719,-1.17309,-1.15757,-1.17244
63,16.2792,0.436255,0.401619,0.401619,0.438785,0.437187,0.438719,-0.0245527,-0.00903901,-0.0239092
63,16.6331,0.339348,0.401619,0.401619,0.438785,0.437187,0.438719,-0.965087,-0.949574,-0.964444
63,16.987,0.326946,0.401619,0.401619,0.438785,0.437187,0.438719,-1.08545,-1.06994,-1.08481
63,17.3409,0.415998,0.401619,0.401619,0.438785,0.437187,0.438719,-0.22116,-0.205646,-0.220516
64,0,0.272707,0,0,0,0,0,2.64677,2.64677,2.64677
64,0.3539,0.332712,0.401618,0.401618,0.375855,0.37433,0.375994,-0.418727,-0.403924,-0.420079
64,0.7078,0.418093,0.401619,0.401619,0.375957,0.374461,0.376093,0.408955,0.423476,0.407632
64,1.0617,0.402328,0.401619,0.401619,0.375957,0.374461,0.376093,0.255946,0.270467,0.254623
64,1.4156,0.515331,0.401619,0.401619,0.375957,0.374461,0.376093,1.3527,1.36722,1.35138
64,1.7695,0.452849,0.401619,0.401619,0.375957,0.374461,0.376093,0.746281,0.760802,0.744958
64,2.1234,0.366778,0.401619,0.401619,0.375957,0.374461,0.376093,-0.0890814,-0.0745606,-0.0904045
64,2.4773,0.434862,0.401619,0.401619,0.375957,0.374461,0.376093,0.571708,0.586229,0.570385
64,2.8312,0.456966,0.401619,0.401619,0.375957,0.374461,0.376093,0.786232,0.800753,0.784909
64,3.1851,0.376855,0.401619,0.401619,0.375957,0.374461,0.376093,0.00871284,0.0232336,0.00738967
64,3.539,0.407545,0.401619,0.401619,0.375957,0.374461,0.376093,0.306582,0.321103,0.305259
64,3.8929,0.460135,0.401619,0.401619,0.375957,0.374461,0.376093,0.816996,0.831517,0.815673
64,4.2468,0.514636,0.401619,0.401619,0.375957,0.374461,0.376093,1.34595,1.36047,1.34463
64,4.6007,0.452648,0.401619,0.401619,0.375957,0.374461,0.376093,0.744323,0.758844,0.743
64,4.9546,0.482312,0.401619,0.401619,0.375957,0.374461,0.376093,1.03224,1.04676,1.03091
64,5.3085,0.309606,0.401619,0.401619,0.375957,0.374461,0.376093,-0.643972,-0.629451,-0.645295
64,5.6624,0.385043,0.401619,0.401619,0.375957,0.374461,0.376093,0.0881877,0.102708,0.0868646
64,6.0162,0.295966,0.401619,0.401619,0.375957,0.374461,0.376093,-0.776357,-0.761836,-0.77768
64,6.3701,0.338496,0.401619,0.401619,0.375957,0.374461,0.376093,-0.363573,-0.349052,-0.364896
64,6.724,0.418923,0.401619,0.401619,0.375957,0.374461,0.376093,0.417006,0.431527,0.415683
64,7.0779,0.457908,0.401619,0.401619,0.375957,0.374461,0.376093,0.795381,0.809902,0.794058
64,7.4318,0.349691,0.401619,0.401619,0.375957,0.374461,0.376093,-0.254924,-0.240403,-0.256247
64,7.7857,0.416193,0.401619,0.401619,0.375957,0.374461,0.376093,0.390517,0.405037,0.389194
64,8.1396,0.350144,0.401619,0.401619,0.375957,0.374461,0.376093,-0.25053,-0.236009,-0.251853
64,8.4935,0.431355,0.401619,0.401619,0.375957,0.374461,0.376093,0.537672,0.552193,0.536349
64,8.8474,0.308729,0.401619,0.401619,0.375957,0.374461,0.376093,-0.652485,-0.637964,-0.653808
64,9.2013,0.324001,0.401619,0.401619,0.375957,0.374461,0.376093,-0.504263,-0.489742,-0.505586
64,9.5552,0.461842,0.401619,0.401619,0.375957,0.374461,0.376093,0.833564,0.848085,0.832241
64,9.9091,0.436075,0.401619,0.401619,0.375957,0.374461,0.376093,0.583478,0.597999,0.582155
64,10.263,0.287803,0.401619,0.401619,0.375957,0.374461,0.376093,-0.855578,-0.841058,-0.856902
64,10.6169,0.445758,0.401619,0.401619,0.375957,0.374461,0.376093,0.677458,0.691978,0.676135
64,10.9708,0.354659,0.401619,0.401619,0.375957,0.374461,0.376093,-0.206709,-0.192189,-0.208033
64,11.3247,0.320893,0.401619,0.401619,0.375957,0.374461,0.376093,-0.534423,-0.519903,-0.535747
64,11.6786,0.354288,0.401619,0.401619,0.375957,0.374461,0.376093,-0.210307,-0.195786,-0.21163
64,12.0325,0.35485,0.401619,0.401619,0.375957,0.374461,0.376093,-0.204856,-0.190335,-0.206179
64,12.3863,0.297181,0.401619,0.401619,0.375957,0.374461,0.376093,-0.764564,-0.750043,-0.765887
64,12.7402,0.322241,0.401619,0.401619,0.375957,0.374461,0.376093,-0.521345,-0.506824,-0.522668
64,13.0941,0.434455,0.401619,0.401619,0.375957,0.374461,0.376093,0.567751,0.582272,0.566428
64,13.448,0.275109,0.401619,0.401619,0.375957,0.374461,0.376093,-0.978784,-0.964264,-0.980107
64,13.8019,0.353928,0.401619,0.401619,0.375957,0.374461,0.376093,-0.213805,-0.199284,-0.215128
64,14.1558,0.311478,0.401619,0.401619,0.375957,0.374461,0.376093,-0.625805,-0.611284,-0.627128
64,14.5097,0.338805,0.401619,0.401619,0.375957,0.374461,0.376093,-0.360575,-0.346055,-0.361899
64,14.8636,0.255351,0.401619,0.401619,0.375957,0.374461,0.376093,-1.17055,-1.15602,-1.17187
64,15.2175,0.301882,0.401619,0.401619,0.375957,0.374461,0.376093,-0.718933,-0.704413,-0.720257
64,15.5714,0.299635,0.401619,0.401619,0.375957,0.374461,0.376093,-0.740739,-0.726218,-0.742062
64,15.9253,0.242002,0.401619,0.401619,0.375957,0.374461,0.376093,-1.3001,-1.28558,-1.30142
64,16.2792,0.394346,0.401619,0.401619,0.375957,0.374461,0.376093,0.17848,0.193001,0.177157
64,16.6331,0.311228,0.401619,0.401619,0.375957,0.374461,0.376093,-0.62823,-0.613709,-0.629553
64,16.987,0.324551,0.401619,0.401619,0.375957,0.374461,0.376093,-0.498916,-0.484395,-0.500239
64,17.3409,0.315407,0.401619,0.401619,0.375957,0.374461,0.376093,-0.587669,-0.573149,-0.588993
65,0,0.390561,0,0,0,0,0,3.7906,3.7906,3.7906
65,0.3539,0.569675,0.401618,0.401618,0.493007,0.495953,0.493537,0.744098,0.715508,0.738963
65,0.7078,0.390424,0.401619,0.401619,0.493007,0.495953,0.493537,-0.995622,-1.02421,-1.00076
65,1.0617,0.691045,0.401619,0.401619,0.493007,0.495953,0.493537,1.92206,1.89347,1.91692
65,1.4156,0.33041,0.401619,0.401619,0.493007,0.495953,0.493537,-1.57809,-1.60668,-1.58322
65,1.7695,0.660569,0.401619,0.401619,0.493007,0.495953,0.493537,1.62627,1.59768,1.62114
65,2.1234,0.634936,0.401619,0.401619,0.493007,0.495953,0.493537,1.37749,1.3489,1.37236
65,2.4773,0.705594,0.401619,0.401619,0.493007,0.495953,0.493537,2.06326,2.03467,2.05813
65,2.8312,0.718067,0.401619,0.401619,0.493007,0.495953,0.493537,2.18432,2.15573,2.17918
65,3.1851,0.514742,0.401619,0.401619,0.493007,0.495953,0.493537,0.210943,0.182352,0.205808
65,3.539,0.594357,0.401619,0.401619,0.493007,0.495953,0.493537,0.983648,0.955058,0.978513
65,3.8929,0.594584,0.401619,0.401619,0.493007,0.495953,0.493537,0.985849,0.957259,0.980714
65,4.2468,0.642707,0.401619,0.401619,0.493007,0.495953,0.493537,1.45291,1.42432,1.44777
65,4.6007,0.427338,0.401619,0.401619,0.493007,0.495953,0.493537,-0.63736,-0.66595,-0.642495
65,4.9546,0.433066,0.401619,0.401619,0.493007,0.495953,0.493537,-0.581761,-0.610351,-0.586896
65,5.3085,0.555863,0.401619,0.401619,0.493007,0.495953,0.493537,0.610045,0.581455,0.60491
65,5.6624,0.735417,0.401619,0.401619,0.493007,0.495953,0.493537,2.35272,2.32413,2.34758
65,6.0162,0.618907,0.401619,0.401619,0.493007,0.495953,0.493537,1.22192,1.19333,1.21679
65,6.3701,0.488778,0.401619,0.401619,0.493007,0.495953,0.493537,-0.0410511,-0.0696412,-0.0461861
65,6.724,0.513276,0.401619,0.401619,0.493007,0.495953,0.493537,0.196716,0.168126,0.191581
65,7.0779,0.474022,0.401619,0.401619,0.493007,0.495953,0.493537,-0.184267,-0.212858,-0.189402
65,7.4318,0.595209,0.401619,0.401619,0.493007,0.495953,0.493537,0.991917,0.963327,0.986782
65,7.7857,0.457651,0.401619,0.401619,0.493007,0.495953,0.493537,-0.343158,-0.371748,-0.348293
65,8.1396,0.410288,0.401619,0.401619,0.493007,0.495953,0.493537,-0.802831,-0.831421,-0.807966
65,8.4935,0.569294,0.401619,0.401619,0.493007,0.495953,0.493537,0.740404,0.711814,0.735269
65,8.8474,0.395502,0.401619,0.401619,0.493007,0.495953,0.493537,-0.946342,-0.974933,-0.951477
65,9.2013,0.489511,0.401619,0.401619,0.493007,0.495953,0.493537,-0.0339389,-0.062529,-0.0390739
65,9.5552,0.438365,0.401619,0.401619,0.493007,0.495953,0.493537,-0.530336,-0.558927,-0.535471
65,9.9091,0.428329,0.401619,0.401619,0.493007,0.495953,0.493537,-0.627741,-0.656331,-0.632876
65,10.263,0.454435,0.401619,0.401619,0.493007,0.495953,0.493537,-0.374366,-0.402956,-0.379501
65,10.6169,0.432373,0.401619,0.401619,0.493007,0.495953,0.493537,-0.588491,-0.617081,-0.593626
65,10.9708,0.491993,0.401619,0.401619,0.493007,0.495953,0.493537,-0.00984481,-0.0384349,-0.0149798
65,11.3247,0.420928,0.401619,0.401619,0.493007,0.495953,0.493537,-0.699569,-0.728159,-0.704704
65,11.6786,0.459801,0.401619,0.401619,0.493007,0.495953,0.493537,-0.322287,-0.350877,-0.327422
65,12.0325,0.460275,0.401619,0.401619,0.493007,0.495953,0.493537,-0.317684,-0.346274,-0.322819
65,12.3863,0.444734,0.401619,0.401619,0.493007,0.495953,0.493537,-0.46852,-0.49711,-0.473655
65,12.7402,0.554884,0.401619,0.401619,0.493007,0.495953,0.493537,0.60054,0.57195,0.595405
65,13.0941,0.436904,0.401619,0.401619,0.493007,0.495953,0.493537,-0.544518,-0.573108,-0.549653
65,13.448,0.440428,0.401619,0.401619,0.493007,0.495953,0.493537,-0.510308,-0.538898,-0.515443
65,13.8019,0.502395,0.401619,0.401619,0.493007,0.495953,0.493537,0.0911142,0.0625241,0.0859792
65,14.1558,0.499169,0.401619,0.401619,0.493007,0.495953,0.493537,0.0597988,0.0312087,0.0546638
65,14.5097,0.481549,0.401619,0.401619,0.493007,0.495953,0.493537,-0.111208,-0.139798,-0.116343
65,14.8636,0.477382,0.401619,0.401619,0.493007,0.495953,0.493537,-0.151657,-0.180247,-0.156792
65,15.2175,0.328468,0.401619,0.401619,0.493007,0.495953,0.493537,-1.59695,-1.62554,-1.60208
65,15.5714,0.294066,0.401619,0.401619,0.493007,0.495953,0.493537,-1.93083,-1.95942,-1.93597
65,15.9253,0.422049,0.401619,0.401619,0.493007,0.495953,0.493537,-0.688693,-0.717283,-0.693828
65,16.2792,0.451876,0.401619,0.401619,0.493007,0.495953,0.493537,-0.399207,-0.427797,-0.404342
65,16.6331,0.608655,0.401619,0.401619,0.493007,0.495953,0.493537,1.12242,1.09383,1.11728
65,16.987,0.43731,0.401619,0.401619,0.493007,0.495953,0.493537,-0.540574,-0.569164,-0.545709
65,17.3409,0.425004,0.401619,0.401619,0.493007,0.495953,0.493537,-0.660006,-0.688596,-0.665141
66,0,0.418786,0,0,0,0,0,4.06454,4.06454,4.06454
66,0.3539,0.420291,0.401618,0.401618,0.389662,0.388692,0.389533,0.297271,0.306687,0.298526
66,0.7078,0.44556,0.401619,0.401619,0.389669,0.388701,0.38954,0.542449,0.551851,0.543702
66,1.0617,0.408699,0.401619,0.401619,0.389669,0.388701,0.38954,0.184693,0.194095,0.185946
66,1.4156,0.456662,0.401619,0.401619,0.389669,0.388701,0.38954,0.650203,0.659604,0.651456
66,1.7695,0.508663,0.401619,0.401619,0.389669,0.388701,0.38954,1.1549,1.1643,1.15615
66,2.1234,0.425397,0.401619,0.401619,0.389669,0.388701,0.38954,0.346758,0.356159,0.348011
66,2.4772,0.424834,0.401619,0.401619,0.389669,0.388701,0.38954,0.341296,0.350698,0.342549
66,2.8311,0.412325,0.401619,0.401619,0.389669,0.388701,0.38954,0.219889,0.22929,0.221142
66,3.185,0.388002,0.401619,0.401619,0.389669,0.388701,0.38954,-0.0161778,-0.00677616,-0.0149246
66,3.5389,0.50456,0.401619,0.401619,0.389669,0.388701,0.38954,1.11508,1.12448,1.11633
66,3.8928,0.4018,0.401619,0.401619,0.389669,0.388701,0.38954,0.117736,0.127138,0.118989
66,4.2467,0.477574,0.401619,0.401619,0.389669,0.388701,0.38954,0.853158,0.86256,0.854411
66,4.6006,0.37788,0.401619,0.401619,0.389669,0.388701,0.38954,-0.114426,-0.105025,-0.113173
66,4.9545,0.494108,0.401619,0.401619,0.389669,0.388701,0.38954,1.01363,1.02304,1.01489
66,5.3084,0.402621,0.401619,0.401619,0.389669,0.388701,0.38954,0.125704,0.135105,0.126957
66,5.6623,0.456665,0.401619,0.401619,0.389669,0.388701,0.38954,0.650229,0.659631,0.651482
66,6.0162,0.444485,0.401619,0.401619,0.389669,0.388701,0.38954,0.532013,0.541414,0.533266
66,6.3701,0.457427,0.401619,0.401619,0.389669,0.388701,0.38954,0.657619,0.667021,0.658872
66,6.724,0.414124,0.401619,0.401619,0.389669,0.388701,0.38954,0.237347,0.246748,0.2386
66,7.0779,0.550974,0.401619,0.401619,0.389669,0.388701,0.38954,1.56554,1.57495,1.5668
66,7.4318,0.394722,0.401619,0.401619,0.389669,0.388701,0.38954,0.0490423,0.0584439,0.0502955
66,7.7857,0.301398,0.401619,0.401619,0.389669,0.388701,0.38954,-0.856715,-0.847314,-0.855462
66,8.1396,0.354731,0.401619,0.401619,0.389669,0.388701,0.38954,-0.339095,-0.329694,-0.337842
66,8.4935,0.370106,0.401619,0.401619,0.389669,0.388701,0.38954,-0.189874,-0.180472,-0.188621
66,8.8473,0.242245,0.401619,0.401619,0.389669,0.388701,0.38954,-1.43083,-1.42143,-1.42958
66,9.2012,0.435846,0.401619,0.401619,0.389669,0.388701,0.38954,0.448173,0.457575,0.449427
66,9.5551,0.359867,0.401619,0.401619,0.389669,0.388701,0.38954,-0.289244,-0.279843,-0.287991
66,9.909,0.324331,0.401619,0.401619,0.389669,0.388701,0.38954,-0.634143,-0.624742,-0.63289
66,10.2629,0.359146,0.401619,0.401619,0.389669,0.388701,0.38954,-0.296248,-0.286846,-0.294994
66,10.6168,0.351994,0.401619,0.401619,0.389669,0.388701,0.38954,-0.365654,-0.356252,-0.364401
66,10.9707,0.357472,0.401619,0.401619,0.389669,0.388701,0.38954,-0.312493,-0.303091,-0.31124
66,11.3246,0.486645,0.401619,0.401619,0.389669,0.388701,0.38954,0.941197,0.950598,0.94245
66,11.6785,0.32677,0.401619,0.401619,0.389669,0.388701,0.38954,-0.610467,-0.601065,-0.609213
66,12.0324,0.403851,0.401619,0.401619,0.389669,0.388701,0.38954,0.137638,0.14704,0.138892
66,12.3863,0.34884,0.401619,0.401619,0.389669,0.388701,0.38954,-0.396267,-0.386865,-0.395014
66,12.7402,0.449762,0.401619,0.401619,0.389669,0.388701,0.38954,0.583232,0.592634,0.584485
66,13.0941,0.45855,0.401619,0.401619,0.389669,0.388701,0.38954,0.668524,0.677925,0.669777
66,13.448,0.309135,0.401619,0.401619,0.389669,0.388701,0.38954,-0.781627,-0.772226,-0.780374
66,13.8019,0.395054,0.401619,0.401619,0.389669,0.388701,0.38954,0.0522623,0.0616639,0.0535155
66,14.1558,0.343036,0.401619,0.401619,0.389669,0.388701,0.38954,-0.4526,-0.443199,-0.451347
66,14.5097,0.379511,0.401619,0.401619,0.389669,0.388701,0.38954,-0.0985892,-0.0891876,-0.097336
66,14.8636,0.345495,0.401619,0.401619,0.389669,0.388701,0.38954,-0.428736,-0.419335,-0.427483
66,15.2174,0.323394,0.401619,0.401619,0.389669,0.388701,0.38954,-0.643236,-0.633835,-0.641983
66,15.5713,0.274503,0.401619,0.401619,0.389669,0.388701,0.38954,-1.11775,-1.10835,-1.11649
66,15.9252,0.201318,0.401619,0.401619,0.389669,0.388701,0.38954,-1.82804,-1.81864,-1.82679
66,16.2791,0.31129,0.401619,0.401619,0.389669,0.388701,0.38954,-0.760712,-0.751311,-0.759459
66,16.633,0.318456,0.401619,0.401619,0.389669,0.388701,0.38954,-0.69116,-0.681758,-0.689907
66,16.9869,0.334769,0.401619,0.401619,0.389669,0.388701,0.38954,-0.532839,-0.523437,-0.531586
66,17.3408,0.273808,0.401619,0.401619,0.389669,0.388701,0.38954,-1.1245,-1.1151,-1.12325
67,0,0.340092,0,0,0,0,0,3.30077,3.30077,3.30077
67,0.3539,0.389548,0.401618,0.401618,0.37533,0.374071,0.375603,0.137992,0.150213,0.135345
67,0.7078,0.309334,0.401619,0.401619,0.375441,0.374208,0.375709,-0.641603,-0.629632,-0.644201
67,1.0617,0.38676,0.401619,0.401619,0.375441,0.374208,0.375709,0.109861,0.121831,0.107262
67,1.4156,0.395141,0.401619,0.401619,0.375441,0.374208,0.375709,0.191202,0.203173,0.188603
67,1.7695,0.559163,0.401619,0.401619,0.375441,0.374208,0.375709,1.78312,1.79509,1.78052
67,2.1234,0.576061,0.401619,0.401619,0.375441,0.374208,0.375709,1.94712,1.95909,1.94452
67,2.4773,0.432418,0.401619,0.401619,0.375441,0.374208,0.375709,0.55299,0.56496,0.550391
67,2.8312,0.437098,0.401619,0.401619,0.375441,0.374208,0.375709,0.598409,0.61038,0.595811
67,3.1851,0.624141,0.401619,0.401619,0.375441,0.374208,0.375709,2.41377,2.42574,2.41117
67,3.539,0.331375,0.401619,0.401619,0.375441,0.374208,0.375709,-0.427686,-0.415715,-0.430284
67,3.8929,0.488564,0.401619,0.401619,0.375441,0.374208,0.375709,1.09792,1.10989,1.09532
67,4.2468,0.554382,0.401619,0.401619,0.375441,0.374208,0.375709,1.73671,1.74868,1.73411
67,4.6007,0.449982,0.401619,0.401619,0.375441,0.374208,0.375709,0.72346,0.735431,0.720861
67,4.9546,0.451028,0.401619,0.401619,0.375441,0.374208,0.375709,0.733612,0.745583,0.731014
67,5.3085,0.403079,0.401619,0.401619,0.375441,0.374208,0.375709,0.268246,0.280216,0.265647
67,5.6624,0.36971,0.401619,0.401619,0.375441,0.374208,0.375709,-0.0556178,-0.0436469,-0.0582161
67,6.0162,0.426478,0.401619,0.401619,0.375441,0.374208,0.375709,0.495337,0.507308,0.492738
67,6.3701,0.49172,0.401619,0.401619,0.375441,0.374208,0.375709,1.12854,1.14051,1.12595
67,6.724,0.300275,0.401619,0.401619,0.375441,0.374208,0.375709,-0.72952,-0.717549,-0.732119
67,7.0779,0.462021,0.401619,0.401619,0.375441,0.374208,0.375709,0.840308,0.852279,0.83771
67,7.4318,0.407197,0.401619,0.401619,0.375441,0.374208,0.375709,0.30821,0.320181,0.305612
67,7.7857,0.310453,0.401619,0.401619,0.375441,0.374208,0.375709,-0.630738,-0.618767,-0.633336
67,8.1396,0.396239,0.401619,0.401619,0.375441,0.374208,0.375709,0.20186,0.213831,0.199262
67,8.4935,0.327689,0.401619,0.401619,0.375441,0.374208,0.375709,-0.463457,-0.451486,-0.466055
67,8.8474,0.354449,0.401619,0.401619,0.375441,0.374208,0.375709,-0.20374,-0.191769,-0.206338
67,9.2013,0.349364,0.401619,0.401619,0.375441,0.374208,0.375709,-0.253095,-0.241124,-0.255693
67,9.5552,0.502396,0.401619,0.401619,0.375441,0.374208,0.375709,1.23217,1.24414,1.22957
67,9.9091,0.364189,0.401619,0.401619,0.375441,0.374208,0.375709,-0.109205,-0.0972337,-0.111803
67,10.263,0.347833,0.401619,0.401619,0.375441,0.374208,0.375709,-0.267946,-0.255975,-0.270545
67,10.6169,0.367606,0.401619,0.401619,0.375441,0.374208,0.375709,-0.0760391,-0.0640682,-0.0786375
67,10.9708,0.311075,0.401619,0.401619,0.375441,0.374208,0.375709,-0.624707,-0.612736,-0.627305
67,11.3247,0.35233,0.401619,0.401619,0.375441,0.374208,0.375709,-0.224308,-0.212337,-0.226906
67,11.6786,0.290824,0.401619,0.401619,0.375441,0.374208,0.375709,-0.821256,-0.809285,-0.823855
67,12.0325,0.312717,0.401619,0.401619,0.375441,0.374208,0.375709,-0.608765,-0.596794,-0.611363
67,12.3863,0.236671,0.401619,0.401619,0.375441,0.374208,0.375709,-1.34683,-1.33486,-1.34943
67,12.7402,0.346607,0.401619,0.401619,0.375441,0.374208,0.375709,-0.279852,-0.267881,-0.28245
67,13.0941,0.29969,0.401619,0.401619,0.375441,0.374208,0.375709,-0.735205,-0.723234,-0.737804
67,13.448,0.294219,0.401619,0.401619,0.375441,0.374208,0.375709,-0.788299,-0.776328,-0.790897
67,13.8019,0.345779,0.401619,0.401619,0.375441,0.374208,0.375709,-0.287886,-0.275915,-0.290484
67,14.1558,0.34583,0.401619,0.401619,0.375441,0.374208,0.375709,-0.287386,-0.275415,-0.289984
67,14.5097,0.29492,0.401619,0.401619,0.375441,0.374208,0.375709,-0.781498,-0.769528,-0.784097
67,14.8636,0.231732,0.401619,0.401619,0.375441,0.374208,0.375709,-1.39477,-1.3828,-1.39737
67,15.2175,0.287434,0.401619,0.401619,0.375441,0.374208,0.375709,-0.854153,-0.842182,-0.856751
67,15.5714,0.294875,0.401619,0.401619,0.375441,0.374208,0.375709,-0.781933,-0.769962,-0.784531
67,15.9253,0.225169,0.401619,0.401619,0.375441,0.374208,0.375709,-1.45847,-1.4465,-1.46107
67,16.2792,0.283787,0.401619,0.401619,0.375441,0.374208,0.375709,-0.889552,-0.877581,-0.89215
67,16.6331,0.249947,0.401619,0.401619,0.375441,0.374208,0.375709,-1.21798,-1.20601,-1.22058
67,16.987,0.392657,0.401619,0.401619,0.375441,0.374208,0.375709,0.167095,0.179066,0.164496
67,17.3409,0.269182,0.401619,0.401619,0.375441,0.374208,0.375709,-1.0313,-1.01933,-1.03389
68,0,0.431441,0,0,0,0,0,4.18736,4.18736,4.18736
68,0.3539,0.596425,0.401618,0.401618,0.446351,0.44661,0.446755,1.45655,1.45403,1.45262
68,0.7078,0.51504,0.401619,0.401619,0.446351,0.44661,0.446755,0.666666,0.664153,0.662741
68,1.0617,0.509611,0.401619,0.401619,0.446351,0.44661,0.446755,0.613976,0.611464,0.610051
68,1.4156,0.440205,0.401619,0.401619,0.446351,0.44661,0.446755,-0.0596499,-0.0621627,-0.0635751
68,1.7695,0.671826,0.401619,0.401619,0.446351,0.44661,0.446755,2.18835,2.18584,2.18443
68,2.1234,0.282429,0.401619,0.401619,0.446351,0.44661,0.446755,-1.59095,-1.59346,-1.59487
68,2.4773,0.630592,0.401619,0.401619,0.446351,0.44661,0.446755,1.78815,1.78564,1.78423
68,2.8312,0.587342,0.401619,0.401619,0.446351,0.44661,0.446755,1.3684,1.36588,1.36447
68,3.1851,0.620921,0.401619,0.401619,0.446351,0.44661,0.446755,1.6943,1.69178,1.69037
68,3.539,0.59893,0.401619,0.401619,0.446351,0.44661,0.446755,1.48086,1.47835,1.47694
68,3.8929,0.603105,0.401619,0.401619,0.446351,0.44661,0.446755,1.52138,1.51887,1.51746
68,4.2468,0.311217,0.401619,0.401619,0.446351,0.44661,0.446755,-1.31155,-1.31406,-1.31547
68,4.6007,0.680635,0.401619,0.401619,0.446351,0.44661,0.446755,2.27384,2.27133,2.26992
68,4.9546,0.578142,0.401619,0.401619,0.446351,0.44661,0.446755,1.2791,1.27659,1.27517
68,5.3085,0.56897,0.401619,0.401619,0.446351,0.44661,0.446755,1.19008,1.18757,1.18615
68,5.6624,0.629607,0.401619,0.401619,0.446351,0.44661,0.446755,1.7786,1.77609,1.77467
68,6.0162,0.357116,0.401619,0.401619,0.446351,0.44661,0.446755,-0.866068,-0.868581,-0.869993
68,6.3701,0.48085,0.401619,0.401619,0.446351,0.44661,0.446755,0.33483,0.332317,0.330905
68,6.724,0.384047,0.401619,0.401619,0.446351,0.44661,0.446755,-0.604695,-0.607208,-0.60862
68,7.0779,0.270833,0.401619,0.401619,0.446351,0.44661,0.446755,-1.70349,-1.706,-1.70742
68,7.4318,0.441582,0.401619,0.401619,0.446351,0.44661,0.446755,-0.0462857,-0.0487985,-0.0502109
68,7.7857,0.461305,0.401619,0.401619,0.446351,0.44661,0.446755,0.145139,0.142626,0.141214
68,8.1396,0.561817,0.401619,0.401619,0.446351,0.44661,0.446755,1.12066,1.11815,1.11674
68,8.4935,0.554219,0.401619,0.401619,0.446351,0.44661,0.446755,1.04692,1.0444,1.04299
68,8.8474,0.659131,0.401619,0.401619,0.446351,0.44661,0.446755,2.06514,2.06263,2.06121
68,9.2013,0.362579,0.401619,0.401619,0.446351,0.44661,0.446755,-0.813048,-0.815561,-0.816973
68,9.5552,0.441733,0.401619,0.401619,0.446351,0.44661,0.446755,-0.0448165,-0.0473293,-0.0487416
68,9.9091,0.450131,0.401619,0.401619,0.446351,0.44661,0.446755,0.0366861,0.0341732,0.0327609
68,10.263,0.483096,0.401619,0.401619,0.446351,0.44661,0.446755,0.356633,0.35412,0.352707
68,10.6169,0.437675,0.401619,0.401619,0.446351,0.44661,0.446755,-0.0841997,-0.0867125,-0.0881249
68,10.9708,0.533411,0.401619,0.401619,0.446351,0.44661,0.446755,0.844966,0.842453,0.84104
68,11.3247,0.428267,0.401619,0.401619,0.446351,0.44661,0.446755,-0.175512,-0.178025,-0.179437
68,11.6786,0.320279,0.401619,0.401619,0.446351,0.44661,0.446755,-1.22359,-1.2261,-1.22752
68,12.0325,0.294044,0.401619,0.401619,0.446351,0.44661,0.446755,-1.47822,-1.48073,-1.48215
68,12.3863,0.25931,0.401619,0.401619,0.446351,0.44661,0.446755,-1.81533,-1.81784,-1.81925
68,12.7402,0.423454,0.401619,0.401619,0.446351,0.44661,0.446755,-0.222226,-0.224739,-0.226151
68,13.0941,0.44492,0.401619,0.401619,0.446351,0.44661,0.446755,-0.0138893,-0.0164021,-0.0178144
68,13.448,0.352342,0.401619,0.401619,0.446351,0.44661,0.446755,-0.912403,-0.914915,-0.916328
68,13.8019,0.491253,0.401619,0.401619,0.446351,0.44661,0.446755,0.435797,0.433284,0.431872
68,14.1558,0.239708,0.401619,0.401619,0.446351,0.44661,0.446755,-2.00558,-2.00809,-2.00951
68,14.5097,0.287466,0.401619,0.401619,0.446351,0.44661,0.446755,-1.54206,-1.54458,-1.54599
68,14.8636,0.35537,0.401619,0.401619,0.446351,0.44661,0.446755,-0.883018,-0.88553,-0.886943
68,15.2175,0.348342,0.401619,0.401619,0.446351,0.44661,0.446755,-0.951232,-0.953745,-0.955157
68,15.5714,0.302962,0.401619,0.401619,0.446351,0.44661,0.446755,-1.39167,-1.39418,-1.39559
68,15.9253,0.458218,0.401619,0.401619,0.446351,0.44661,0.446755,0.115178,0.112666,0.111253
68,16.2792,0.370414,0.401619,0.401619,0.446351,0.44661,0.446755,-0.737007,-0.73952,-0.740932
68,16.6331,0.335817,0.401619,0.401619,0.446351,0.44661,0.446755,-1.07279,-1.0753,-1.07671
68,16.987,0.354023,0.401619,0.401619,0.446351,0.44661,0.446755,-0.896088,-0.898601,-0.900013
68,17.3409,0.359688,0.401619,0.401619,0.446351,0.44661,0.446755,-0.841112,-0.843625,-0.845037
69,0,0.249403,0,0,0,0,0,2.42059,2.42059,2.42059
69,0.3539,0.429683,0.401618,0.401618,0.372124,0.372885,0.3737,0.558646,0.551259,0.543345
69,0.7078,0.341191,0.401619,0.401619,0.372313,0.373049,0.373844,-0.302053,-0.309192,-0.31691
69,1.0617,0.449725,0.401619,0.401619,0.372313,0.373049,0.373844,0.751323,0.744184,0.736466
69,1.4156,0.528999,0.401619,0.401619,0.372313,0.373049,0.373844,1.52072,1.51358,1.50586
69,1.7695,0.513711,0.401619,0.401619,0.372313,0.373049,0.373844,1.37234,1.3652,1.35748
69,2.1234,0.430524,0.401619,0.401619,0.372313,0.373049,0.373844,0.564966,0.557826,0.550108
69,2.4773,0.40873,0.401619,0.401619,0.372313,0.373049,0.373844,0.353444,0.346305,0.338587
69,2.8312,0.339582,0.401619,0.401619,0.372313,0.373049,0.373844,-0.317677,-0.324817,-0.332535
69,3.1851,0.420268,0.401619,0.401619,0.372313,0.373049,0.373844,0.465429,0.458289,0.450571
69,3.539,0.370819,0.401619,0.401619,0.372313,0.373049,0.373844,-0.0144985,-0.0216381,-0.0293559
69,3.8929,0.458799,0.401619,0.401619,0.372313,0.373049,0.373844,0.839391,0.832251,0.824533
69,4.2468,0.393617,0.401619,0.401619,0.372313,0.373049,0.373844,0.206767,0.199628,0.19191
69,4.6007,0.429365,0.401619,0.401619,0.372313,0.373049,0.373844,0.553714,0.546574,0.538856
69,4.9546,0.362488,0.401619,0.401619,0.372313,0.373049,0.373844,-0.0953553,-0.102495,-0.110213
69,5.3085,0.389138,0.401619,0.401619,0.372313,0.373049,0.373844,0.163289,0.15615,0.148432
69,5.6624,0.420027,0.401619,0.401619,0.372313,0.373049,0.373844,0.463092,0.455952,0.448234
69,6.0162,0.556407,0.401619,0.401619,0.372313,0.373049,0.373844,1.78672,1.77958,1.77187
69,6.3701,0.310337,0.401619,0.401619,0.372313,0.373049,0.373844,-0.601514,-0.608653,-0.616371
69,6.724,0.300502,0.401619,0.401619,0.372313,0.373049,0.373844,-0.696967,-0.704107,-0.711825
69,7.0779,0.403463,0.401619,0.401619,0.372313,0.373049,0.373844,0.302328,0.295188,0.287471
69,7.4318,0.430771,0.401619,0.401619,0.372313,0.373049,0.373844,0.567361,0.560222,0.552504
69,7.7857,0.399888,0.401619,0.401619,0.372313,0.373049,0.373844,0.267627,0.260488,0.25277
69,8.1396,0.443299,0.401619,0.401619,0.372313,0.373049,0.373844,0.688951,0.681812,0.674094
69,8.4935,0.379238,0.401619,0.401619,0.372313,0.373049,0.373844,0.0672088,0.0600692,0.0523514
69,8.8474,0.365009,0.401619,0.401619,0.372313,0.373049,0.373844,-0.0708904,-0.07803,-0.0857479
69,9.2013,0.313988,0.401619,0.401619,0.372313,0.373049,0.373844,-0.566078,-0.573218,-0.580936
69,9.5552,0.281871,0.401619,0.401619,0.372313,0.373049,0.373844,-0.877785,-0.884925,-0.892643
69,9.9091,0.324945,0.401619,0.401619,0.372313,0.373049,0.373844,-0.459729,-0.466869,-0.474587
69,10.263,0.300102,0.401619,0.401619,0.372313,0.373049,0.373844,-0.700849,-0.707989,-0.715707
69,10.6169,0.312699,0.401619,0.401619,0.372313,0.373049,0.373844,-0.578584,-0.585724,-0.593441
69,10.9708,0.29572,0.401619,0.401619,0.372313,0.373049,0.373844,-0.743374,-0.750514,-0.758232
69,11.3247,0.278851,0.401619,0.401619,0.372313,0.373049,0.373844,-0.907099,-0.914239,-0.921957
69,11.6786,0.223771,0.401619,0.401619,0.372313,0.373049,0.373844,-1.44168,-1.44882,-1.45653
69,12.0325,0.319998,0.401619,0.401619,0.372313,0.373049,0.373844,-0.507744,-0.514884,-0.522601
69,12.3863,0.336196,0.401619,0.401619,0.372313,0.373049,0.373844,-0.350539,-0.357679,-0.365397
69,12.7402,0.404928,0.401619,0.401619,0.372313,0.373049,0.373844,0.31654,0.3094,0.301682
69,13.0941,0.327563,0.401619,0.401619,0.372313,0.373049,0.373844,-0.434323,-0.441463,-0.449181
69,13.448,0.371746,0.401619,0.401619,0.372313,0.373049,0.373844,-0.00550052,-0.0126402,-0.020358
69,13.8019,0.348009,0.401619,0.401619,0.372313,0.373049,0.373844,-0.235884,-0.243024,-0.250741
69,14.1558,0.280836,0.401619,0.401619,0.372313,0.373049,0.373844,-0.887831,-0.894971,-0.902688
69,14.5097,0.269215,0.401619,0.401619,0.372313,0.373049,0.373844,-1.00062,-1.00776,-1.01548
69,14.8636,0.372531,0.401619,0.401619,0.372313,0.373049,0.373844,0.00211135,-0.00502828,-0.0127461
69,15.2175,0.388747,0.401619,0.401619,0.372313,0.373049,0.373844,0.159501,0.152361,0.144643
69,15.5714,0.362192,0.401619,0.401619,0.372313,0.373049,0.373844,-0.098227,-0.105367,-0.113084
69,15.9253,0.387273,0.401619,0.401619,0.372313,0.373049,0.373844,0.145192,0.138053,0.130335
69,16.2792,0.364093,0.401619,0.401619,0.372313,0.373049,0.373844,-0.0797815,-0.0869211,-0.0946389
69,16.6331,0.41764,0.401619,0.401619,0.372313,0.373049,0.373844,0.439922,0.432782,0.425065
69,16.987,0.210525,0.401619,0.401619,0.372313,0.373049,0.373844,-1.57024,-1.57738,-1.58509
69,17.3409,0.355397,0.401619,0.401619,0.372313,0.373049,0.373844,-0.164178,-0.171317,-0.179035
70,0,0.391765,0,0,0,0,0,3.80228,3.80228,3.80228
70,0.3539,0.336762,0.401618,0.401618,0.353423,0.353171,0.354465,-0.161705,-0.15925,-0.171814
70,0.7078,0.345603,0.401619,0.401619,0.355242,0.355019,0.356115,-0.0935543,-0.0913948,-0.102033
70,1.0617,0.304683,0.401619,0.401619,0.355251,0.355029,0.356123,-0.49079,-0.488634,-0.499253
70,1.4156,0.434619,0.401619,0.401619,0.355251,0.355029,0.356123,0.770308,0.772464,0.761845
70,1.7695,0.448932,0.401619,0.401619,0.355251,0.355029,0.356123,0.909222,0.911378,0.900759
70,2.1234,0.396661,0.401619,0.401619,0.355251,0.355029,0.356123,0.401905,0.404061,0.393442
70,2.4773,0.326118,0.401619,0.401619,0.355251,0.355029,0.356123,-0.282752,-0.280595,-0.291214
70,2.8312,0.484693,0.401619,0.401619,0.355251,0.355029,0.356123,1.2563,1.25846,1.24784
70,3.1851,0.443604,0.401619,0.401619,0.355251,0.355029,0.356123,0.857512,0.859668,0.849049
70,3.539,0.364236,0.401619,0.401619,0.355251,0.355029,0.356123,0.0872013,0.0893576,0.0787386
70,3.8929,0.352284,0.401619,0.401619,0.355251,0.355029,0.356123,-0.0287998,-0.0266435,-0.0372625
70,4.2468,0.385734,0.401619,0.401619,0.355251,0.355029,0.356123,0.29585,0.298006,0.287387
70,4.6007,0.386954,0.401619,0.401619,0.355251,0.355029,0.356123,0.307688,0.309845,0.299226
70,4.9546,0.459237,0.401619,0.401619,0.355251,0.355029,0.356123,1.00923,1.01139,1.00077
70,5.3085,0.437324,0.401619,0.401619,0.355251,0.355029,0.356123,0.796563,0.79872,0.788101
70,5.6624,0.372909,0.401619,0.401619,0.355251,0.355029,0.356123,0.171381,0.173538,0.162919
70,6.0162,0.419174,0.401619,0.401619,0.355251,0.355029,0.356123,0.6204,0.622556,0.611937
70,6.3701,0.393503,0.401619,0.401619,0.355251,0.355029,0.356123,0.371254,0.373411,0.362792
70,6.724,0.406541,0.401619,0.401619,0.355251,0.355029,0.356123,0.497793,0.49995,0.489331
70,7.0779,0.402938,0.401619,0.401619,0.355251,0.355029,0.356123,0.462822,0.464979,0.45436
70,7.4318,0.409716,0.401619,0.401619,0.355251,0.355029,0.356123,0.52861,0.530766,0.520147
70,7.7857,0.36476,0.401619,0.401619,0.355251,0.355029,0.356123,0.092287,0.0944433,0.0838243
70,8.1396,0.321814,0.401619,0.401619,0.355251,0.355029,0.356123,-0.324521,-0.322365,-0.332984
70,8.4935,0.350356,0.401619,0.401619,0.355251,0.355029,0.356123,-0.0475102,-0.0453539,-0.0559729
70,8.8474,0.444745,0.401619,0.401619,0.355251,0.355029,0.356123,0.868581,0.870737,0.860118
70,9.2013,0.23202,0.401619,0.401619,0.355251,0.355029,0.356123,-1.19602,-1.19387,-1.20449
70,9.5552,0.389362,0.401619,0.401619,0.355251,0.355029,0.356123,0.331058,0.333214,0.322595
70,9.9091,0.371312,0.401619,0.401619,0.355251,0.355029,0.356123,0.155877,0.158033,0.147414
70,10.263,0.386623,0.401619,0.401619,0.355251,0.355029,0.356123,0.304483,0.30664,0.296021
70,10.6169,0.308784,0.401619,0.401619,0.355251,0.355029,0.356123,-0.450986,-0.44883,-0.459449
70,10.9708,0.332132,0.401619,0.401619,0.355251,0.355029,0.356123,-0.224388,-0.222232,-0.232851
70,11.3247,0.35815,0.401619,0.401619,0.355251,0.355029,0.356123,0.0281293,0.0302856,0.0196666
70,11.6786,0.325609,0.401619,0.401619,0.355251,0.355029,0.356123,-0.287696,-0.285539,-0.296158
70,12.0325,0.326987,0.401619,0.401619,0.355251,0.355029,0.356123,-0.274324,-0.272168,-0.282787
70,12.3863,0.431846,0.401619,0.401619,0.355251,0.355029,0.356123,0.743396,0.745552,0.734933
70,12.7402,0.235626,0.401619,0.401619,0.355251,0.355029,0.356123,-1.16103,-1.15887,-1.16949
70,13.0941,0.280775,0.401619,0.401619,0.355251,0.355029,0.356123,-0.72283,-0.720674,-0.731293
70,13.448,0.38776,0.401619,0.401619,0.355251,0.355029,0.356123,0.315511,0.317667,0.307048
70,13.8019,0.301169,0.401619,0.401619,0.355251,0.355029,0.356123,-0.524895,-0.522739,-0.533358
70,14.1558,0.36601,0.401619,0.401619,0.355251,0.355029,0.356123,0.104414,0.106571,0.0959517
70,14.5097,0.275218,0.401619,0.401619,0.355251,0.355029,0.356123,-0.776765,-0.774609,-0.785228
70,14.8636,0.273035,0.401619,0.401619,0.355251,0.355029,0.356123,-0.797953,-0.795797,-0.806416
70,15.2175,0.246083,0.401619,0.401619,0.355251,0.355029,0.356123,-1.05954,-1.05738,-1.068
70,15.5714,0.171251,0.401619,0.401619,0.355251,0.355029,0.356123,-1.78581,-1.78366,-1.79428
70,15.9253,0.268194,0.401619,0.401619,0.355251,0.355029,0.356123,-0.844936,-0.84278,-0.853399
70,16.2792,0.269961,0.401619,0.401619,0.355251,0.355029,0.356123,-0.827782,-0.825626,-0.836245
70,16.6331,0.298308,0.401619,0.401619,0.355251,0.355029,0.356123,-0.552662,-0.550506,-0.561125
70,16.987,0.230932,0.401619,0.401619,0.355251,0.355029,0.356123,-1.20659,-1.20443,-1.21505
70,17.3409,0.251747,0.401619,0.401619,0.355251,0.355029,0.356123,-1.00456,-1.0024,-1.01302
71,0,0.368755,0,0,0,0,0,3.57896,3.57896,3.57896
71,0.3539,0.404066,0.401618,0.401618,0.377913,0.377399,0.377532,0.253826,0.258819,0.257519
71,0.7078,0.56217,0.401619,0.401619,0.377985,0.377476,0.377609,1.78762,1.79255,1.79126
71,1.0617,0.34374,0.401619,0.401619,0.377985,0.377476,0.377609,-0.33236,-0.32742,-0.328712
71,1.4156,0.528414,0.401619,0.401619,0.377985,0.377476,0.377609,1.46,1.46494,1.46365
71,1.7695,0.398308,0.401619,0.401619,0.377985,0.377476,0.377609,0.19725,0.202189,0.200898
71,2.1234,0.425315,0.401619,0.401619,0.377985,0.377476,0.377609,0.459362,0.464302,0.46301
71,2.4773,0.427519,0.401619,0.401619,0.377985,0.377476,0.377609,0.480755,0.485694,0.484403
71,2.8312,0.286986,0.401619,0.401619,0.377985,0.377476,0.377609,-0.88319,-0.87825,-0.879542
71,3.1851,0.500592,0.401619,0.401619,0.377985,0.377476,0.377609,1.18996,1.1949,1.19361
71,3.539,0.524678,0.401619,0.401619,0.377985,0.377476,0.377609,1.42374,1.42868,1.42739
71,3.8929,0.398766,0.401619,0.401619,0.377985,0.377476,0.377609,0.201694,0.206633,0.205342
71,4.2468,0.517824,0.401619,0.401619,0.377985,0.377476,0.377609,1.35721,1.36215,1.36086
71,4.6007,0.383587,0.401619,0.401619,0.377985,0.377476,0.377609,0.0543686,0.0593079,0.0580166
71,4.9546,0.38121,0.401619,0.401619,0.377985,0.377476,0.377609,0.031304,0.0362434,0.034952
71,5.3085,0.308295,0.401619,0.401619,0.377985,0.377476,0.377609,-0.676377,-0.671437,-0.672729
71,5.6624,0.36865,0.401619,0.401619,0.377985,0.377476,0.377609,-0.0906004,-0.085661,-0.0869524
71,6.0162,0.555102,0.401619,0.401619,0.377985,0.377476,0.377609,1.71901,1.72395,1.72266
71,6.3701,0.37822,0.401619,0.401619,0.377985,0.377476,0.377609,0.00228042,0.0072198,0.00592844
71,6.724,0.328898,0.401619,0.401619,0.377985,0.377476,0.377609,-0.476409,-0.47147,-0.472761
71,7.0779,0.505333,0.401619,0.401619,0.377985,0.377476,0.377609,1.23598,1.24092,1.23963
71,7.4318,0.346777,0.401619,0.401619,0.377985,0.377476,0.377609,-0.302889,-0.29795,-0.299241
71,7.7857,0.371033,0.401619,0.401619,0.377985,0.377476,0.377609,-0.0674724,-0.062533,-0.0638243
71,8.1396,0.263752,0.401619,0.401619,0.377985,0.377476,0.377609,-1.10869,-1.10375,-1.10504
71,8.4935,0.351703,0.401619,0.401619,0.377985,0.377476,0.377609,-0.255077,-0.250138,-0.251429
71,8.8474,0.410901,0.401619,0.401619,0.377985,0.377476,0.377609,0.319469,0.324408,0.323117
71,9.2013,0.400075,0.401619,0.401619,0.377985,0.377476,0.377609,0.214396,0.219335,0.218044
71,9.5552,0.307315,0.401619,0.401619,0.377985,0.377476,0.377609,-0.685889,-0.68095,-0.682241
71,9.9091,0.430377,0.401619,0.401619,0.377985,0.377476,0.377609,0.508496,0.513435,0.512144
71,10.263,0.373139,0.401619,0.401619,0.377985,0.377476,0.377609,-0.0470303,-0.0420909,-0.0433822
71,10.6169,0.35029,0.401619,0.401619,0.377985,0.377476,0.377609,-0.26879,-0.263851,-0.265142
71,10.9708,0.336734,0.401619,0.401619,0.377985,0.377476,0.377609,-0.400359,-0.39542,-0.396711
71,11.3247,0.266468,0.401619,0.401619,0.377985,0.377476,0.377609,-1.08233,-1.07739,-1.07868
71,11.6786,0.339874,0.401619,0.401619,0.377985,0.377476,0.377609,-0.36988,-0.364941,-0.366232
71,12.0325,0.254806,0.401619,0.401619,0.377985,0.377476,0.377609,-1.19551,-1.19057,-1.19186
71,12.3863,0.372127,0.401619,0.401619,0.377985,0.377476,0.377609,-0.0568474,-0.051908,-0.0531994
71,12.7402,0.327977,0.401619,0.401619,0.377985,0.377476,0.377609,-0.485351,-0.480412,-0.481703
71,13.0941,0.414338,0.401619,0.401619,0.377985,0.377476,0.377609,0.352828,0.357767,0.356476
71,13.448,0.391023,0.401619,0.401619,0.377985,0.377476,0.377609,0.12654,0.13148,0.130188
71,13.8019,0.24305,0.401619,0.401619,0.377985,0.377476,0.377609,-1.30961,-1.30468,-1.30597
71,14.1558,0.353075,0.401619,0.401619,0.377985,0.377476,0.377609,-0.241762,-0.236823,-0.238114
71,14.5097,0.383751,0.401619,0.401619,0.377985,0.377476,0.377609,0.0559635,0.0609029,0.0596116
71,14.8636,0.2945,0.401619,0.401619,0.377985,0.377476,0.377609,-0.810258,-0.805318,-0.80661
71,15.2175,0.266894,0.401619,0.401619,0.377985,0.377476,0.377609,-1.07819,-1.07325,-1.07455
71,15.5714,0.399199,0.401619,0.401619,0.377985,0.377476,0.377609,0.205897,0.210836,0.209545
71,15.9253,0.310839,0.401619,0.401619,0.377985,0.377476,0.377609,-0.651687,-0.646748,-0.648039
71,16.2792,0.300338,0.401619,0.401619,0.377985,0.377476,0.377609,-0.7536,-0.748661,-0.749952
71,16.6331,0.296526,0.401619,0.401619,0.377985,0.377476,0.377609,-0.790596,-0.785656,-0.786947
71,16.987,0.359093,0.401619,0.401619,0.377985,0.377476,0.377609,-0.183356,-0.178416,-0.179708
71,17.3409,0.294836,0.401619,0.401619,0.377985,0.377476,0.377609,-0.807004,-0.802065,-0.803356
72,0,0.249887,0,0,0,0,0,2.42528,2.42528,2.42528
72,0.3539,0.511489,0.401618,0.401618,0.40966,0.408698,0.410236,0.988307,0.997638,0.982714
72,0.7078,0.418404,0.401619,0.401619,0.40966,0.408698,0.410236,0.0848674,0.0941983,0.0792742
72,1.0617,0.316821,0.401619,0.401619,0.40966,0.408698,0.410236,-0.901053,-0.891722,-0.906646
72,1.4156,0.624071,0.401619,0.401619,0.40966,0.408698,0.410236,2.08097,2.0903,2.07538
72,1.7695,0.527082,0.401619,0.401619,0.40966,0.408698,0.410236,1.13965,1.14898,1.13405
72,2.1234,0.608583,0.401619,0.401619,0.40966,0.408698,0.410236,1.93065,1.93998,1.92506
72,2.4773,0.354831,0.401619,0.401619,0.40966,0.408698,0.410236,-0.532145,-0.522814,-0.537738
72,2.8312,0.485695,0.401619,0.401619,0.40966,0.408698,0.410236,0.737963,0.747294,0.732369
72,3.1851,0.532003,0.401619,0.401619,0.40966,0.408698,0.410236,1.18741,1.19674,1.18181
72,3.539,0.559806,0.401619,0.401619,0.40966,0.408698,0.410236,1.45725,1.46658,1.45165
72,3.8929,0.453055,0.401619,0.401619,0.40966,0.408698,0.410236,0.421176,0.430507,0.415583
72,4.2468,0.473697,0.401619,0.401619,0.40966,0.408698,0.410236,0.621517,0.630848,0.615924
72,4.6007,0.382516,0.401619,0.401619,0.40966,0.408698,0.410236,-0.263448,-0.254117,-0.269041
72,4.9546,0.556878,0.401619,0.401619,0.40966,0.408698,0.410236,1.42883,1.43816,1.42324
72,5.3085,0.513697,0.401619,0.401619,0.40966,0.408698,0.410236,1.00973,1.01906,1.00414
72,5.6624,0.379488,0.401619,0.401619,0.40966,0.408698,0.410236,-0.292836,-0.283505,-0.298429
72,6.0162,0.441459,0.401619,0.401619,0.40966,0.408698,0.410236,0.308626,0.317956,0.303032
72,6.3701,0.536803,0.401619,0.401619,0.40966,0.408698,0.410236,1.23399,1.24332,1.22839
72,6.724,0.301616,0.401619,0.401619,0.40966,0.408698,0.410236,-1.04862,-1.03929,-1.05421
72,7.0779,0.425854,0.401619,0.401619,0.40966,0.408698,0.410236,0.157175,0.166505,0.151581
72,7.4318,0.247897,0.401619,0.401619,0.40966,0.408698,0.410236,-1.56999,-1.56066,-1.57559
72,7.7857,0.324342,0.401619,0.401619,0.40966,0.408698,0.410236,-0.828056,-0.818725,-0.833649
72,8.1396,0.464503,0.401619,0.401619,0.40966,0.408698,0.410236,0.532279,0.54161,0.526686
72,8.4935,0.392741,0.401619,0.401619,0.40966,0.408698,0.410236,-0.164204,-0.154873,-0.169797
72,8.8474,0.452104,0.401619,0.401619,0.40966,0.408698,0.410236,0.411942,0.421273,0.406349
72,9.2013,0.309974,0.401619,0.401619,0.40966,0.408698,0.410236,-0.967503,-0.958172,-0.973096
72,9.5552,0.338387,0.401619,0.401619,0.40966,0.408698,0.410236,-0.691737,-0.682406,-0.69733
72,9.9091,0.344672,0.401619,0.401619,0.40966,0.408698,0.410236,-0.630738,-0.621407,-0.636332
72,10.263,0.359266,0.401619,0.401619,0.40966,0.408698,0.410236,-0.489095,-0.479764,-0.494688
72,10.6169,0.36176,0.401619,0.401619,0.40966,0.408698,0.410236,-0.464894,-0.455563,-0.470487
72,10.9708,0.537525,0.401619,0.401619,0.40966,0.408698,0.410236,1.241,1.25033,1.2354
72,11.3247,0.417618,0.401619,0.401619,0.40966,0.408698,0.410236,0.0772397,0.0865706,0.0716465
72,11.6786,0.280973,0.401619,0.401619,0.40966,0.408698,0.410236,-1.24897,-1.23964,-1.25457
72,12.0325,0.312346,0.401619,0.401619,0.40966,0.408698,0.410236,-0.94448,-0.935149,-0.950073
72,12.3863,0.332671,0.401619,0.401619,0.40966,0.408698,0.410236,-0.747214,-0.737883,-0.752807
72,12.7402,0.379603,0.401619,0.401619,0.40966,0.408698,0.410236,-0.291718,-0.282387,-0.297311
72,13.0941,0.425014,0.401619,0.401619,0.40966,0.408698,0.410236,0.149022,0.158353,0.143429
72,13.448,0.31472,0.401619,0.401619,0.40966,0.408698,0.410236,-0.921444,-0.912113,-0.927037
72,13.8019,0.223818,0.401619,0.401619,0.40966,0.408698,0.410236,-1.80369,-1.79436,-1.80928
72,14.1558,0.364939,0.401619,0.401619,0.40966,0.408698,0.410236,-0.434033,-0.424702,-0.439626
72,14.5097,0.540615,0.401619,0.401619,0.40966,0.408698,0.410236,1.27099,1.28032,1.2654
72,14.8636,0.430049,0.401619,0.401619,0.40966,0.408698,0.410236,0.197887,0.207218,0.192294
72,15.2175,0.41575,0.401619,0.401619,0.40966,0.408698,0.410236,0.0591048,0.0684357,0.0535116
72,15.5714,0.409962,0.401619,0.401619,0.40966,0.408698,0.410236,0.00293529,0.0122662,-0.00265789
72,15.9253,0.284853,0.401619,0.401619,0.40966,0.408698,0.410236,-1.21132,-1.20198,-1.21691
72,16.2792,0.428291,0.401619,0.401619,0.40966,0.408698,0.410236,0.18083,0.190161,0.175236
72,16.6331,0.276189,0.401619,0.401619,0.40966,0.408698,0.410236,-1.29541,-1.28608,-1.301
72,16.987,0.276549,0.401619,0.401619,0.40966,0.408698,0.410236,-1.29191,-1.28258,-1.2975
72,17.3409,0.502552,0.401619,0.401619,0.40966,0.408698,0.410236,0.901573,0.910904,0.895979