rep,ID,eta_A1_simulated,eta_tau1_simulated,eta_I0_simulated,split,color,filter
1,64,-0.142747,0.15227,-0.0344767,All,#4682B4,0
2,64,0.0811836,-0.0676713,-0.110874,All,#4682B4,0
3,64,-0.0168064,0.0198122,-0.0629089,All,#4682B4,0
4,64,-0.0385387,0.0622459,-0.0358685,All,#4682B4,0
5,64,-0.0886314,0.0744908,-0.0331251,All,#4682B4,0
6,64,-0.0631948,0.0758377,-0.034899,All,#4682B4,0
7,64,0.0079252,-0.0311422,-0.0747663,All,#4682B4,0
8,64,-0.0912657,0.0924626,-0.0203097,All,#4682B4,0
1,73,0.229751,-0.226989,0.0427881,All,#4682B4,0
2,73,0.160419,-0.118523,0.0503541,All,#4682B4,0
3,73,0.00530966,0.0202999,0.141715,All,#4682B4,0
4,73,0.27935,-0.272304,0.0293712,All,#4682B4,0
5,73,0.0995969,-0.0799628,0.0969971,All,#4682B4,0
6,73,0.0300442,-0.0311107,0.111954,All,#4682B4,0
7,73,0.0157832,-0.00451636,0.119179,All,#4682B4,0
8,73,0.0732611,-0.0695047,0.0987092,All,#4682B4,0
1,74,-0.0231032,0.0336195,0.0310316,All,#4682B4,0
2,74,-0.0374789,0.0579344,0.0274436,All,#4682B4,0
3,74,0.13553,-0.135216,-0.00704588,All,#4682B4,0
4,74,0.221436,-0.234773,-0.0940717,All,#4682B4,0
5,74,0.242331,-0.256692,-0.106012,All,#4682B4,0
6,74,0.306811,-0.310901,-0.1507,All,#4682B4,0
7,74,-0.0251503,0.0195843,0.0581617,All,#4682B4,0
8,74,0.0191965,-0.0174443,0.02033,All,#4682B4,0
1,75,0.0291142,-0.0305426,-0.0116884,All,#4682B4,0
2,75,-0.0532352,0.0537547,0.0209674,All,#4682B4,0
3,75,0.0484492,-0.0283306,-0.0313351,All,#4682B4,0
4,75,0.0876254,-0.0831187,-0.032116,All,#4682B4,0
5,75,0.224892,-0.214003,-0.102899,All,#4682B4,0
6,75,0.212115,-0.217748,-0.086678,All,#4682B4,0
7,75,-0.0736414,0.0519682,0.031079,All,#4682B4,0
8,75,-0.0741267,0.0730421,0.0238591,All,#4682B4,0
1,76,0.108559,-0.132187,-0.0691977,All,#4682B4,0
2,76,0.190138,-0.193956,-0.114328,All,#4682B4,0
3,76,0.224631,-0.217974,-0.147436,All,#4682B4,0
4,76,0.148522,-0.150432,-0.0951796,All,#4682B4,0
5,76,-0.0595571,0.0556456,-0.0153873,All,#4682B4,0
6,76,-0.106328,0.074593,-0.006648,All,#4682B4,0
7,76,-0.0633212,0.0483746,-0.00452484,All,#4682B4,0
8,76,-0.00623298,-0.0144346,-0.0145628,All,#4682B4,0
1,77,0.116437,-0.133879,-0.0355929,All,#4682B4,0
2,77,0.12806,-0.123778,-0.0144918,All,#4682B4,0
3,77,0.0751061,-0.0781792,0.043436,All,#4682B4,0
4,77,-0.32078,0.313929,0.145308,All,#4682B4,0
5,77,-0.244349,0.249741,0.142958,All,#4682B4,0
6,77,0.137458,-0.129769,-0.0228786,All,#4682B4,0
7,77,0.107192,-0.109894,-0.0144599,All,#4682B4,0
8,77,0.0788106,-0.0765752,0.0297442,All,#4682B4,0
1,78,-0.214628,0.220242,-0.0477844,All,#4682B4,0
2,78,-0.112736,0.132372,-0.10784,All,#4682B4,0
3,78,-0.221038,0.206845,-0.073371,All,#4682B4,0
4,78,0.116483,-0.1003,-0.222341,All,#4682B4,0
5,78,-0.365956,0.36437,-0.0135201,All,#4682B4,0
6,78,-0.599612,0.61954,0.0209589,All,#4682B4,0
7,78,-0.610982,0.596601,0.0369569,All,#4682B4,0
8,78,0.0335102,-0.0276957,-0.15505,All,#4682B4,0
1,79,0.12851,-0.129578,-0.014278,All,#4682B4,0
2,79,0.066026,-0.0882904,-0.0167133,All,#4682B4,0
3,79,0.0148726,0.0038589,0.0113622,All,#4682B4,0
4,79,0.0948559,-0.0769615,-0.00957551,All,#4682B4,0
5,79,-0.0474142,0.0451978,0.0585893,All,#4682B4,0
6,79,0.00661946,0.0121638,0.0312444,All,#4682B4,0
7,79,-0.101011,0.10354,0.0690139,All,#4682B4,0
8,79,0.0383724,-0.0100621,0.021595,All,#4682B4,0
1,80,0.0371356,-0.0373496,0.077068,All,#4682B4,0
2,80,-0.0176308,0.0293017,0.116478,All,#4682B4,0
3,80,0.205642,-0.205241,0.0257358,All,#4682B4,0
4,80,0.163767,-0.154233,0.0258878,All,#4682B4,0
5,80,-0.0233731,0.0362215,0.0851382,All,#4682B4,0
6,80,-0.0583305,0.0685174,0.108318,All,#4682B4,0
7,80,0.0355494,-0.0443648,0.107735,All,#4682B4,0
8,80,-0.0339548,0.0350049,0.100456,All,#4682B4,0
1,81,-0.00932323,0.00355288,0.0773314,All,#4682B4,0
2,81,-0.24941,0.245049,0.147942,All,#4682B4,0
3,81,0.143446,-0.155693,-0.00437122,All,#4682B4,0
4,81,0.012097,-0.0342804,0.0673771,All,#4682B4,0
5,81,-0.0247028,0.0497472,0.0690806,All,#4682B4,0
6,81,0.271733,-0.280224,-0.04589,All,#4682B4,0
7,81,0.148576,-0.144786,0.0128861,All,#4682B4,0
8,81,0.0225,-0.0348985,0.0460651,All,#4682B4,0
1,82,0.251842,-0.245293,-0.0410714,All,#4682B4,0
2,82,-0.0924281,0.10706,0.121074,All,#4682B4,0
3,82,-0.0378474,0.00818411,0.0907335,All,#4682B4,0
4,82,0.00886598,-0.0100929,0.0769264,All,#4682B4,0
5,82,0.117495,-0.123062,0.0251615,All,#4682B4,0
6,82,0.0552846,-0.0430553,0.0610202,All,#4682B4,0
7,82,0.235219,-0.224979,-0.0181268,All,#4682B4,0
8,82,0.224622,-0.210606,-0.0218624,All,#4682B4,0
1,83,-0.424742,0.425419,0.129349,All,#4682B4,0
2,83,-0.446035,0.433519,0.144361,All,#4682B4,0
3,83,-0.384275,0.374646,0.119512,All,#4682B4,0
4,83,-0.0464926,0.0543658,0.0353077,All,#4682B4,0
5,83,0.128891,-0.111775,-0.0275857,All,#4682B4,0
6,83,-0.108148,0.124205,0.0519207,All,#4682B4,0
7,83,0.100759,-0.0927505,-0.0464131,All,#4682B4,0
8,83,-0.165443,0.139795,0.0917189,All,#4682B4,0
1,84,0.051407,-0.0834507,-0.000523961,All,#4682B4,0
2,84,0.0715004,-0.0707425,0.0134794,All,#4682B4,0
3,84,0.124525,-0.110175,-0.0132315,All,#4682B4,0
4,84,-0.115933,0.127188,0.0706777,All,#4682B4,0
5,84,-0.131345,0.113281,0.0882229,All,#4682B4,0
6,84,-0.138228,0.142583,0.0930936,All,#4682B4,0
7,84,-0.114026,0.130058,0.0958531,All,#4682B4,0
8,84,0.152203,-0.171034,-0.0247058,All,#4682B4,0
1,85,0.00979583,-0.0011908,0.143576,All,#4682B4,0
2,85,0.385719,-0.374723,-0.00199041,All,#4682B4,0
3,85,-0.165809,0.160414,0.182758,All,#4682B4,0
4,85,-0.111494,0.114489,0.204149,All,#4682B4,0
5,85,0.220649,-0.217033,0.0459595,All,#4682B4,0
6,85,0.106859,-0.098371,0.0733034,All,#4682B4,0
7,85,0.0982493,-0.105006,0.103237,All,#4682B4,0
8,85,0.231968,-0.246051,0.0571587,All,#4682B4,0
1,86,-0.555599,0.545293,-0.136749,All,#4682B4,0
2,86,-0.595033,0.581428,-0.135287,All,#4682B4,0
3,86,-0.49017,0.498633,-0.122453,All,#4682B4,0
4,86,-0.412042,0.413478,-0.155268,All,#4682B4,0
5,86,-0.375109,0.35577,-0.16166,All,#4682B4,0
6,86,-0.309839,0.298582,-0.185053,All,#4682B4,0
7,86,-0.276962,0.271519,-0.178478,All,#4682B4,0
8,86,-0.303005,0.318478,-0.205329,All,#4682B4,0
1,87,0.353259,-0.34508,0.0298505,All,#4682B4,0
2,87,0.346711,-0.335784,0.00784946,All,#4682B4,0
3,87,0.299472,-0.320967,0.0237141,All,#4682B4,0
4,87,0.292247,-0.282445,0.0180653,All,#4682B4,0
5,87,0.0677436,-0.073259,0.136283,All,#4682B4,0
6,87,0.265677,-0.262928,0.0557997,All,#4682B4,0
7,87,0.327605,-0.35355,0.0193592,All,#4682B4,0
8,87,0.371888,-0.34478,-0.0107842,All,#4682B4,0
1,88,-0.0175233,0.0228172,0.00965669,All,#4682B4,0
2,88,-0.132462,0.122899,0.032405,All,#4682B4,0
3,88,0.010719,-0.0365989,-0.0212007,All,#4682B4,0
4,88,0.0727042,-0.0616847,-0.0270487,All,#4682B4,0
5,88,-0.405155,0.395068,0.0950323,All,#4682B4,0
6,88,-0.36614,0.365694,0.104614,All,#4682B4,0
7,88,-0.464161,0.450736,0.140719,All,#4682B4,0
8,88,-0.21405,0.217515,0.0430853,All,#4682B4,0
1,89,-0.158103,0.141419,0.101277,All,#4682B4,0
2,89,-0.127243,0.125473,0.0984549,All,#4682B4,0
3,89,-0.114348,0.134422,0.0824263,All,#4682B4,0
4,89,-0.152281,0.160267,0.121467,All,#4682B4,0
5,89,-0.127117,0.12246,0.0979762,All,#4682B4,0
6,89,-0.063205,0.0416239,0.0820354,All,#4682B4,0
7,89,-0.0360081,0.0170846,0.0731012,All,#4682B4,0
8,89,-0.0377122,0.026084,0.0771942,All,#4682B4,0
1,90,-0.274334,0.251508,-0.116244,All,#4682B4,0
2,90,-0.306051,0.318095,-0.103697,All,#4682B4,0
3,90,-0.386419,0.357272,-0.0799848,All,#4682B4,0
4,90,-0.333643,0.332165,-0.103611,All,#4682B4,0
5,90,-0.455594,0.439642,-0.0508036,All,#4682B4,0
6,90,-0.458136,0.44613,-0.0619178,All,#4682B4,0
7,90,-0.457615,0.442181,-0.0838739,All,#4682B4,0
8,90,-0.209476,0.179904,-0.148793,All,#4682B4,0
1,91,-0.0241392,0.0411109,0.168887,All,#4682B4,0
2,91,0.156347,-0.141384,0.0832381,All,#4682B4,0
3,91,0.322878,-0.314889,0.0460957,All,#4682B4,0
4,91,0.353964,-0.337487,0.0124343,All,#4682B4,0
5,91,0.102584,-0.0999182,0.124192,All,#4682B4,0
6,91,0.166146,-0.141933,0.107205,All,#4682B4,0
7,91,0.195519,-0.192646,0.0885924,All,#4682B4,0
8,91,0.243899,-0.237615,0.0740419,All,#4682B4,0
1,92,-0.282508,0.271672,-0.0322792,All,#4682B4,0
2,92,-0.27186,0.292459,-0.0541778,All,#4682B4,0
3,92,-0.290936,0.278788,-0.0427519,All,#4682B4,0
4,92,-0.285984,0.26245,-0.0296315,All,#4682B4,0
5,92,-0.372146,0.371467,-0.0151009,All,#4682B4,0
6,92,-0.180647,0.146338,-0.075827,All,#4682B4,0
7,92,-0.116588,0.127419,-0.0988981,All,#4682B4,0
8,92,-0.113152,0.119606,-0.077699,All,#4682B4,0
1,185,0.0598985,-0.0790224,-0.00813299,All,#4682B4,0
2,185,0.00997615,0.00382921,0.0133841,All,#4682B4,0
3,185,0.0991976,-0.0882088,-0.0103502,All,#4682B4,0
4,185,-0.0830889,0.0855032,0.0205594,All,#4682B4,0
5,185,-0.0559175,0.0268042,0.0372984,All,#4682B4,0
6,185,-0.0554512,0.0677902,0.0283887,All,#4682B4,0
7,185,-0.110329,0.129949,0.0631371,All,#4682B4,0
8,185,0.13637,-0.131568,-0.0626132,All,#4682B4,0
1,186,0.422744,-0.418042,-0.0208398,All,#4682B4,0
2,186,0.150721,-0.126302,0.108765,All,#4682B4,0
3,186,0.13235,-0.151704,0.126234,All,#4682B4,0
4,186,0.324065,-0.305463,-0.000298411,All,#4682B4,0
5,186,0.115663,-0.130777,0.162313,All,#4682B4,0
6,186,0.322969,-0.281716,0.0463487,All,#4682B4,0
7,186,0.289818,-0.297834,0.0636183,All,#4682B4,0
8,186,0.355211,-0.357246,0.00563063,All,#4682B4,0
1,187,-0.0289421,-0.00201632,-0.00642577,All,#4682B4,0
2,187,-0.323428,0.319413,0.0872672,All,#4682B4,0
3,187,-0.23202,0.204822,0.0931752,All,#4682B4,0
4,187,0.0804503,-0.0620011,-0.0338639,All,#4682B4,0
5,187,-0.00523937,0.0224213,0.0113646,All,#4682B4,0
6,187,0.011523,-0.019724,-0.000467712,All,#4682B4,0
7,187,-0.0178695,0.0302051,0.000402108,All,#4682B4,0
8,187,0.109902,-0.128447,-0.0419594,All,#4682B4,0
1,188,-0.211458,0.174866,0.067212,All,#4682B4,0
2,188,-0.208944,0.221972,0.0623103,All,#4682B4,0
3,188,0.0211628,-0.0248859,-0.0267211,All,#4682B4,0
4,188,0.0410884,-0.039756,-0.0316206,All,#4682B4,0
5,188,0.0363207,-0.0274206,-0.0377806,All,#4682B4,0
6,188,0.103426,-0.114387,-0.0588019,All,#4682B4,0
7,188,-0.320467,0.308137,0.0757333,All,#4682B4,0
8,188,0.0790031,-0.07465,-0.077189,All,#4682B4,0
1,189,0.159264,-0.138196,0.016742,All,#4682B4,0
2,189,0.0538062,-0.0570901,0.0698646,All,#4682B4,0
3,189,-0.0277435,0.0196749,0.0857664,All,#4682B4,0
4,189,-0.291069,0.298415,0.180982,All,#4682B4,0
5,189,0.16744,-0.152621,-0.00436295,All,#4682B4,0
6,189,0.249061,-0.194494,-0.0398538,All,#4682B4,0
7,189,0.157334,-0.149499,0.0121041,All,#4682B4,0
8,189,0.214704,-0.21158,-0.0189491,All,#4682B4,0
1,190,-0.35896,0.361945,-0.0796744,All,#4682B4,0
2,190,-0.453587,0.453896,-0.081823,All,#4682B4,0
3,190,-0.219494,0.202889,-0.161846,All,#4682B4,0
4,190,-0.180587,0.171964,-0.16556,All,#4682B4,0
5,190,-0.305008,0.329658,-0.12319,All,#4682B4,0
6,190,-0.330441,0.348576,-0.0957493,All,#4682B4,0
7,190,-0.314652,0.302434,-0.116258,All,#4682B4,0
8,190,-0.264078,0.248002,-0.126319,All,#4682B4,0
1,191,0.115362,-0.0784882,-0.0386736,All,#4682B4,0
2,191,-0.0669744,0.088858,0.0493288,All,#4682B4,0
3,191,-0.0453844,0.0601455,0.0458862,All,#4682B4,0
4,191,-0.0804553,0.0550785,0.0608263,All,#4682B4,0
5,191,0.016922,0.00200482,0.0103362,All,#4682B4,0
6,191,0.320275,-0.296813,-0.122699,All,#4682B4,0
7,191,-0.129296,0.116373,0.0668754,All,#4682B4,0
8,191,0.0406594,-0.0375246,0.0497989,All,#4682B4,0
1,192,-0.294581,0.293294,-0.10742,All,#4682B4,0
2,192,-0.357184,0.384396,-0.0782022,All,#4682B4,0
3,192,-0.261314,0.269263,-0.142451,All,#4682B4,0
4,192,-0.213709,0.229969,-0.145624,All,#4682B4,0
5,192,-0.305405,0.276736,-0.178692,All,#4682B4,0
6,192,-0.270067,0.273706,-0.158702,All,#4682B4,0
7,192,-0.143446,0.14307,-0.197325,All,#4682B4,0
8,192,-0.24905,0.240914,-0.13885,All,#4682B4,0
1,193,-0.234041,0.239926,0.135232,All,#4682B4,0
2,193,0.0140626,-0.0331135,0.0363256,All,#4682B4,0
3,193,-0.0487607,0.0373195,0.0802195,All,#4682B4,0
4,193,-0.128601,0.131142,0.108668,All,#4682B4,0
5,193,0.0596401,-0.0563465,0.0248839,All,#4682B4,0
6,193,-0.0423025,0.0579703,0.0934209,All,#4682B4,0
7,193,-0.066587,0.0728705,0.0847903,All,#4682B4,0
8,193,-0.222189,0.2175,0.123381,All,#4682B4,0
1,194,-0.0827598,0.0690252,0.0393685,All,#4682B4,0
2,194,-0.11818,0.093102,0.0581761,All,#4682B4,0
3,194,-0.0487827,0.0436584,0.0203089,All,#4682B4,0
4,194,-0.074126,0.0752412,0.0101135,All,#4682B4,0
5,194,-0.0391557,0.0554293,-0.023743,All,#4682B4,0
6,194,-0.14971,0.147167,0.0297425,All,#4682B4,0
7,194,-0.0921117,0.114192,0.00113472,All,#4682B4,0
8,194,-0.0614223,0.0432636,-0.00896091,All,#4682B4,0
1,195,-0.0161793,-0.00888062,0.0952116,All,#4682B4,0
2,195,0.136596,-0.117687,0.0190807,All,#4682B4,0
3,195,0.13545,-0.158466,0.00918283,All,#4682B4,0
4,195,0.200283,-0.191597,-0.0249131,All,#4682B4,0
5,195,0.177034,-0.187475,-0.0160207,All,#4682B4,0
6,195,0.00954623,-0.0476617,0.0346818,All,#4682B4,0
7,195,0.0619727,-0.0642135,0.032859,All,#4682B4,0
8,195,0.011515,-0.0181442,0.0569592,All,#4682B4,0
1,196,0.00433238,-0.00396291,0.0161023,All,#4682B4,0
2,196,0.0978603,-0.102526,0.00132138,All,#4682B4,0
3,196,0.135388,-0.127828,-0.013216,All,#4682B4,0
4,196,0.0692005,-0.0764849,-0.00462297,All,#4682B4,0
5,196,0.169135,-0.14818,-0.0681247,All,#4682B4,0
6,196,0.0251395,-0.0352833,0.0181882,All,#4682B4,0
7,196,0.202659,-0.221523,-0.0686408,All,#4682B4,0
8,196,-0.100739,0.0812736,0.0469328,All,#4682B4,0
1,197,0.137845,-0.144554,-0.125215,All,#4682B4,0
2,197,-0.0395748,0.0289852,-0.0388708,All,#4682B4,0
3,197,0.0424555,-0.028232,-0.0875155,All,#4682B4,0
4,197,0.0663552,-0.0672485,-0.046487,All,#4682B4,0
5,197,-0.431054,0.446815,0.0883402,All,#4682B4,0
6,197,0.00403154,0.00323214,-0.0951446,All,#4682B4,0
7,197,-0.439651,0.434155,0.0712827,All,#4682B4,0
8,197,0.130648,-0.126937,-0.131717,All,#4682B4,0
1,198,0.126428,-0.126332,-0.056571,All,#4682B4,0
2,198,0.0268838,-0.00668868,-0.0190723,All,#4682B4,0
3,198,0.0366336,-0.0486154,-0.00329138,All,#4682B4,0
4,198,0.112978,-0.114718,-0.0459327,All,#4682B4,0
5,198,0.114546,-0.133828,-0.078297,All,#4682B4,0
6,198,-0.0434268,0.0720554,-0.00500832,All,#4682B4,0
7,198,-0.14128,0.122604,0.026464,All,#4682B4,0
8,198,-0.0490564,0.0536834,-0.00814173,All,#4682B4,0
1,199,0.354749,-0.341319,-0.06075,All,#4682B4,0
2,199,0.372203,-0.352383,-0.0153811,All,#4682B4,0
3,199,0.0534491,-0.0369903,0.109456,All,#4682B4,0
4,199,0.209896,-0.204766,0.033552,All,#4682B4,0
5,199,0.0705743,-0.0838614,0.0785623,All,#4682B4,0
6,199,0.162249,-0.148288,0.0783161,All,#4682B4,0
7,199,0.244977,-0.246963,0.00577996,All,#4682B4,0
8,199,0.278244,-0.279385,-0.0118833,All,#4682B4,0
1,200,0.198106,-0.19358,0.0920268,All,#4682B4,0
2,200,0.198291,-0.211688,0.0926991,All,#4682B4,0
3,200,-0.126116,0.13983,0.221805,All,#4682B4,0
4,200,-0.201237,0.209282,0.232275,All,#4682B4,0
5,200,0.494177,-0.51269,-0.0934955,All,#4682B4,0
6,200,0.469597,-0.465973,-0.0567088,All,#4682B4,0
7,200,-0.0177662,0.00603718,0.186546,All,#4682B4,0
8,200,0.16801,-0.179949,0.127776,All,#4682B4,0
1,201,-0.0543194,0.0579915,0.190418,All,#4682B4,0
2,201,-0.0157694,0.00714568,0.172457,All,#4682B4,0
3,201,-0.0661834,0.0514326,0.187813,All,#4682B4,0
4,201,-0.140449,0.133546,0.227387,All,#4682B4,0
5,201,0.175598,-0.167271,0.101518,All,#4682B4,0
6,201,0.0334298,-0.0299383,0.180244,All,#4682B4,0
7,201,0.210127,-0.208279,0.0768372,All,#4682B4,0
8,201,-0.0476061,0.0339726,0.191169,All,#4682B4,0
1,202,-0.277978,0.279694,0.165238,All,#4682B4,0
2,202,0.0537305,-0.026833,0.0952042,All,#4682B4,0
3,202,0.0318979,-0.0133853,0.109245,All,#4682B4,0
4,202,-0.458966,0.434795,0.228437,All,#4682B4,0
5,202,0.1694,-0.173379,0.049717,All,#4682B4,0
6,202,0.270834,-0.256125,-0.00257022,All,#4682B4,0
7,202,0.29325,-0.284365,-0.0169703,All,#4682B4,0
8,202,0.274414,-0.240621,-0.0133098,All,#4682B4,0
1,203,-0.0437727,0.0184185,0.0713783,All,#4682B4,0
2,203,0.25361,-0.216225,-0.0362946,All,#4682B4,0
3,203,0.167008,-0.18525,0.00587236,All,#4682B4,0
4,203,0.159897,-0.126743,-0.0139349,All,#4682B4,0
5,203,0.0625067,-0.0476276,0.0204016,All,#4682B4,0
6,203,0.0516597,-0.0638288,0.0209756,All,#4682B4,0
7,203,0.076935,-0.0703113,0.0237086,All,#4682B4,0
8,203,-0.0332807,0.0316064,0.0577742,All,#4682B4,0
1,204,0.0307921,-0.0462436,0.0858464,All,#4682B4,0
2,204,0.078837,-0.0923822,0.0693851,All,#4682B4,0
3,204,0.0846831,-0.108119,0.0342804,All,#4682B4,0
4,204,0.108206,-0.0980726,0.0698688,All,#4682B4,0
5,204,0.2583,-0.243366,0.00183404,All,#4682B4,0
6,204,0.233022,-0.254048,0.0152843,All,#4682B4,0
7,204,0.0171069,-0.0074086,0.0731637,All,#4682B4,0
8,204,-0.0252072,0.00951443,0.0981214,All,#4682B4,0
1,205,0.248386,-0.251005,-0.186323,All,#4682B4,0
2,205,-0.307766,0.288069,0.0538582,All,#4682B4,0
3,205,-0.360434,0.3403,0.0556325,All,#4682B4,0
4,205,-0.100973,0.0967587,-0.0340442,All,#4682B4,0
5,205,-0.0449442,0.0420654,-0.0498397,All,#4682B4,0
6,205,-0.170334,0.166978,0.0059853,All,#4682B4,0
7,205,-0.168047,0.152095,-0.000291791,All,#4682B4,0
8,205,-0.024137,0.0370913,-0.0546057,All,#4682B4,0
1,206,0.354698,-0.350915,0.115052,All,#4682B4,0
2,206,0.385213,-0.37409,0.10528,All,#4682B4,0
3,206,0.319616,-0.328399,0.140906,All,#4682B4,0
4,206,0.345383,-0.342188,0.12132,All,#4682B4,0
5,206,0.416654,-0.406845,0.0730705,All,#4682B4,0
6,206,0.435553,-0.438462,0.0865986,All,#4682B4,0
7,206,0.075288,-0.0626558,0.237021,All,#4682B4,0
8,206,0.211907,-0.217775,0.191252,All,#4682B4,0
1,207,-0.213491,0.225499,0.0723631,All,#4682B4,0
2,207,-0.0977501,0.0936481,0.0575445,All,#4682B4,0
3,207,-0.0891143,0.0904318,0.0229229,All,#4682B4,0
4,207,0.175286,-0.178646,-0.0967792,All,#4682B4,0
5,207,0.147171,-0.165649,-0.0547391,All,#4682B4,0
6,207,-0.107764,0.106181,0.0530237,All,#4682B4,0
7,207,-0.100217,0.0983898,0.0385402,All,#4682B4,0
8,207,-0.043428,0.0537336,0.0225922,All,#4682B4,0
1,208,0.087383,-0.0821018,0.00771827,All,#4682B4,0
2,208,-0.0669194,0.0622395,0.0734757,All,#4682B4,0
3,208,0.390178,-0.397254,-0.112702,All,#4682B4,0
4,208,0.105364,-0.106358,0.0175765,All,#4682B4,0
5,208,0.00646855,0.0205736,0.0603926,All,#4682B4,0
6,208,0.106977,-0.0844148,0.00643319,All,#4682B4,0
7,208,0.0307764,-0.0118825,0.063032,All,#4682B4,0
8,208,0.144562,-0.151766,-0.0111339,All,#4682B4,0
1,209,0.150438,-0.142549,-0.0795211,All,#4682B4,0
2,209,-0.142884,0.115288,0.0153221,All,#4682B4,0
3,209,-0.0452139,0.0763887,0.0115815,All,#4682B4,0
4,209,-0.0452052,0.0541698,-0.0210771,All,#4682B4,0
5,209,-0.230374,0.212121,0.0555489,All,#4682B4,0
6,209,0.128593,-0.116285,-0.0632378,All,#4682B4,0
7,209,0.0445154,-0.0320744,-0.041869,All,#4682B4,0
8,209,0.154587,-0.152487,-0.0840039,All,#4682B4,0
1,210,-0.0242782,0.0105591,-0.0504555,All,#4682B4,0
2,210,-0.0267094,0.0262271,-0.0271756,All,#4682B4,0
3,210,-0.325291,0.315766,0.0325315,All,#4682B4,0
4,210,-0.209446,0.216294,0.0138803,All,#4682B4,0
5,210,-0.257847,0.237115,0.0290904,All,#4682B4,0
6,210,-0.246283,0.264276,-0.00739464,All,#4682B4,0
7,210,-0.0550736,0.0396203,-0.051675,All,#4682B4,0
8,210,0.104241,-0.087022,-0.125897,All,#4682B4,0
1,211,0.0673383,-0.0757153,0.0593719,All,#4682B4,0
2,211,0.364453,-0.367291,-0.116376,All,#4682B4,0
3,211,-0.171962,0.167102,0.132419,All,#4682B4,0
4,211,0.112304,-0.104489,0.0153666,All,#4682B4,0
5,211,-0.0715229,0.064346,0.114348,All,#4682B4,0
6,211,0.0502104,-0.0268336,0.0421475,All,#4682B4,0
7,211,0.0371562,-0.0474431,0.0721003,All,#4682B4,0
8,211,0.103601,-0.115523,0.0254349,All,#4682B4,0
1,212,0.653155,-0.653314,0.043876,All,#4682B4,0
2,212,0.666597,-0.674331,0.047474,All,#4682B4,0
3,212,0.682761,-0.665723,0.0240237,All,#4682B4,0
4,212,0.647971,-0.666474,0.0550313,All,#4682B4,0
5,212,0.718408,-0.725895,-0.0148509,All,#4682B4,0
6,212,0.718671,-0.723854,0.00302569,All,#4682B4,0
7,212,0.75459,-0.750511,-0.0140732,All,#4682B4,0
8,212,0.679081,-0.670097,0.032073,All,#4682B4,0
1,213,-0.176745,0.149689,-0.165005,All,#4682B4,0
2,213,-0.155155,0.17464,-0.111495,All,#4682B4,0
3,213,-0.148812,0.122405,-0.0764145,All,#4682B4,0
4,213,-0.108584,0.110755,-0.142508,All,#4682B4,0
5,213,-0.0929252,0.107519,-0.15555,All,#4682B4,0
6,213,-0.065497,0.0613843,-0.0971667,All,#4682B4,0
7,213,-0.0881294,0.0858307,-0.108009,All,#4682B4,0
8,213,-0.0779553,0.0745281,-0.165257,All,#4682B4,0
1,214,-0.516265,0.493039,0.0194747,All,#4682B4,0
2,214,-0.0792184,0.07977,-0.107042,All,#4682B4,0
3,214,-0.0780365,0.0740444,-0.12305,All,#4682B4,0
4,214,-0.151869,0.138008,-0.0598616,All,#4682B4,0
5,214,-0.0850052,0.0960992,-0.0967086,All,#4682B4,0
6,214,-0.132987,0.120523,-0.098047,All,#4682B4,0
7,214,-0.224621,0.217771,-0.061554,All,#4682B4,0
8,214,-0.191358,0.203708,-0.0481156,All,#4682B4,0
1,215,-0.151868,0.155202,0.178065,All,#4682B4,0
2,215,-0.379416,0.356809,0.226141,All,#4682B4,0
3,215,-0.469627,0.44222,0.237238,All,#4682B4,0
4,215,0.0749893,-0.066733,0.0653211,All,#4682B4,0
5,215,0.127295,-0.104756,0.0538228,All,#4682B4,0
6,215,0.123884,-0.123714,0.068936,All,#4682B4,0
7,215,0.275223,-0.307399,-0.0182272,All,#4682B4,0
8,215,0.264651,-0.287128,-0.0195167,All,#4682B4,0
1,216,0.341075,-0.346929,-0.112995,All,#4682B4,0
2,216,0.124364,-0.125432,0.00628236,All,#4682B4,0
3,216,0.0825571,-0.0679169,0.0305599,All,#4682B4,0
4,216,-0.0886395,0.0849518,0.110702,All,#4682B4,0
5,216,0.163939,-0.179691,-0.0113714,All,#4682B4,0
6,216,-0.10889,0.090978,0.0854761,All,#4682B4,0
7,216,-0.014225,0.0330787,0.0604723,All,#4682B4,0
8,216,0.0272212,-0.0257186,0.0541586,All,#4682B4,0
1,217,0.0677997,-0.0669497,0.0852932,All,#4682B4,0
2,217,0.0633488,-0.0587813,0.0814874,All,#4682B4,0
3,217,-0.0945788,0.0929709,0.143645,All,#4682B4,0
4,217,0.182437,-0.166041,0.0578224,All,#4682B4,0
5,217,0.219279,-0.227155,0.0397131,All,#4682B4,0
6,217,0.0867788,-0.0983952,0.0746676,All,#4682B4,0
7,217,0.099169,-0.112832,0.0983722,All,#4682B4,0
8,217,0.204959,-0.201978,0.0340506,All,#4682B4,0
1,218,0.108978,-0.118686,-0.131348,All,#4682B4,0
2,218,-0.0175449,0.0143559,-0.0707122,All,#4682B4,0
3,218,0.0183407,-0.000302453,-0.102231,All,#4682B4,0
4,218,-0.244013,0.257728,-0.0155925,All,#4682B4,0
5,218,0.1027,-0.120909,-0.156673,All,#4682B4,0
6,218,0.106274,-0.121483,-0.159402,All,#4682B4,0
7,218,0.140078,-0.136893,-0.155964,All,#4682B4,0
8,218,-0.172516,0.168757,-0.0647369,All,#4682B4,0
1,219,-0.0624936,0.0789214,0.156616,All,#4682B4,0
2,219,-0.169009,0.179039,0.197973,All,#4682B4,0
3,219,-0.105877,0.0977144,0.161587,All,#4682B4,0
4,219,-0.125452,0.118097,0.156411,All,#4682B4,0
5,219,0.161401,-0.129054,0.0389345,All,#4682B4,0
6,219,-0.161274,0.17915,0.169481,All,#4682B4,0
7,219,-0.111698,0.119844,0.162856,All,#4682B4,0
8,219,-0.0301707,0.0252078,0.149214,All,#4682B4,0
1,220,0.275289,-0.28519,-0.00513776,All,#4682B4,0
2,220,-0.0735427,0.0768011,0.142632,All,#4682B4,0
3,220,0.0426127,-0.0638239,0.0861157,All,#4682B4,0
4,220,0.110091,-0.104112,0.0465133,All,#4682B4,0
5,220,0.204478,-0.191317,0.0162806,All,#4682B4,0
6,220,0.140755,-0.124329,0.059938,All,#4682B4,0
7,220,0.170483,-0.170177,0.0461295,All,#4682B4,0
8,220,0.0544466,-0.0635904,0.114841,All,#4682B4,0
1,221,-0.112755,0.117598,0.0196387,All,#4682B4,0
2,221,0.0710407,-0.0382382,-0.104914,All,#4682B4,0
3,221,0.0741369,-0.0779405,-0.127342,All,#4682B4,0
4,221,0.0412858,-0.0555422,-0.0805549,All,#4682B4,0
5,221,-0.11798,0.106672,0.00758733,All,#4682B4,0
6,221,-0.112589,0.10651,-0.0435379,All,#4682B4,0
7,221,-0.231475,0.24217,0.0133173,All,#4682B4,0
8,221,-0.0738915,0.08236,-0.0174564,All,#4682B4,0
1,222,0.0947562,-0.0757332,-0.00939734,All,#4682B4,0
2,222,0.0594055,-0.0449204,-0.0184131,All,#4682B4,0
3,222,-0.250683,0.252273,0.067066,All,#4682B4,0
4,222,0.0617146,-0.0862205,-0.019241,All,#4682B4,0
5,222,0.0554508,-0.0438302,-0.0135518,All,#4682B4,0
6,222,0.241441,-0.214928,-0.108977,All,#4682B4,0
7,222,-0.0621987,0.059793,0.0309785,All,#4682B4,0
8,222,0.0995767,-0.10409,-0.0361333,All,#4682B4,0
1,223,-0.166848,0.154231,0.0102797,All,#4682B4,0
2,223,-0.168946,0.163519,0.00367593,All,#4682B4,0
3,223,-0.160479,0.16319,0.014278,All,#4682B4,0
4,223,-0.0563068,0.0556925,-0.0325678,All,#4682B4,0
5,223,0.0728041,-0.0759524,-0.0891772,All,#4682B4,0
6,223,-0.0907377,0.0877647,-0.0684005,All,#4682B4,0
7,223,-0.0675349,0.0804532,-0.0489808,All,#4682B4,0
8,223,0.0755683,-0.0525082,-0.104472,All,#4682B4,0
1,224,-0.0842111,0.0913542,-0.106606,All,#4682B4,0
2,224,-0.307555,0.323365,-0.0066105,All,#4682B4,0
3,224,-0.355486,0.355025,0.00881873,All,#4682B4,0
4,224,-0.229738,0.218191,0.00884652,All,#4682B4,0
5,224,-0.161067,0.147119,-0.0307578,All,#4682B4,0
6,224,-0.0849785,0.101046,-0.0860502,All,#4682B4,0
7,224,-0.0809221,0.0802673,-0.102278,All,#4682B4,0
8,224,-0.402438,0.40963,0.0233369,All,#4682B4,0
1,225,-0.240066,0.260071,-0.11376,All,#4682B4,0
2,225,-0.302032,0.287668,-0.107217,All,#4682B4,0
3,225,-0.243766,0.255397,-0.121173,All,#4682B4,0
4,225,-0.0655934,0.0623176,-0.221481,All,#4682B4,0
5,225,-0.0764897,0.0736393,-0.213254,All,#4682B4,0
6,225,-0.0605182,0.0874296,-0.211617,All,#4682B4,0
7,225,-0.0766171,0.0803223,-0.224639,All,#4682B4,0
8,225,-0.0635813,0.0668226,-0.182113,All,#4682B4,0
1,226,-0.142534,0.142185,-0.113466,All,#4682B4,0
2,226,-0.105724,0.116556,-0.0771608,All,#4682B4,0
3,226,-0.0882678,0.102738,-0.123139,All,#4682B4,0
4,226,-0.160433,0.153095,-0.0894254,All,#4682B4,0
5,226,-0.0956001,0.110874,-0.0857823,All,#4682B4,0
6,226,-0.205707,0.211568,-0.0555894,All,#4682B4,0
7,226,-0.292015,0.289393,-0.0427659,All,#4682B4,0
8,226,-0.313828,0.320864,-0.0249756,All,#4682B4,0
1,227,-0.0774165,0.0739284,0.109446,All,#4682B4,0
2,227,0.138745,-0.112699,0.0160418,All,#4682B4,0
3,227,0.344125,-0.325569,-0.071258,All,#4682B4,0
4,227,0.238219,-0.238458,-0.0373306,All,#4682B4,0
5,227,0.152072,-0.166333,-0.0079058,All,#4682B4,0
6,227,0.0455504,-0.0424709,0.0451121,All,#4682B4,0
7,227,0.0645119,-0.0682364,0.0381101,All,#4682B4,0
8,227,0.062607,-0.0589363,0.048762,All,#4682B4,0
1,228,-0.478941,0.494022,-0.262915,All,#4682B4,0
2,228,-0.447836,0.465146,-0.318338,All,#4682B4,0
3,228,-0.362862,0.349554,-0.334636,All,#4682B4,0
4,228,-0.395461,0.383524,-0.320229,All,#4682B4,0
5,228,-0.403311,0.399319,-0.296528,All,#4682B4,0
6,228,-0.363992,0.382268,-0.333447,All,#4682B4,0
7,228,-0.344074,0.338576,-0.336337,All,#4682B4,0
8,228,-0.363146,0.369609,-0.285117,All,#4682B4,0
1,229,0.10339,-0.100833,-0.00422704,All,#4682B4,0
2,229,-0.145031,0.166527,0.0979532,All,#4682B4,0
3,229,0.0536993,-0.053276,0.00578786,All,#4682B4,0
4,229,-0.196615,0.209659,0.102844,All,#4682B4,0
5,229,0.171039,-0.17622,-0.0434413,All,#4682B4,0
6,229,0.0441381,-0.0606702,0.0282969,All,#4682B4,0
7,229,0.0783275,-0.0809889,0.00125809,All,#4682B4,0
8,229,0.0197219,-0.0316887,0.0511005,All,#4682B4,0
