rep,ID,eta_A1_simulated,eta_tau1_simulated,eta_I0_simulated,split,color,filter
1,64,0.027117,1.0351,-0.319922,All,#4682B4,0
2,64,0.886442,0.385448,-1.02884,All,#4682B4,0
3,64,0.0929884,0.218859,-0.583756,All,#4682B4,0
4,64,1.01439,1.36722,-0.332838,All,#4682B4,0
5,64,-0.938636,-0.389345,-0.30738,All,#4682B4,0
6,64,0.413525,0.891937,-0.323841,All,#4682B4,0
7,64,-1.08252,-1.22511,-0.693786,All,#4682B4,0
8,64,-0.215731,0.410047,-0.188461,All,#4682B4,0
1,73,0.818256,-0.735022,0.397047,All,#4682B4,0
2,73,2.47562,1.54367,0.467255,All,#4682B4,0
3,73,1.23608,1.29771,1.31503,All,#4682B4,0
4,73,1.1706,-0.703916,0.272547,All,#4682B4,0
5,73,1.23316,0.630202,0.900074,All,#4682B4,0
6,73,0.038976,-0.169595,1.03887,All,#4682B4,0
7,73,0.583996,0.519582,1.10591,All,#4682B4,0
8,73,0.397929,-0.086388,0.915962,All,#4682B4,0
1,74,0.432019,0.629424,0.287954,All,#4682B4,0
2,74,0.862623,1.19582,0.25466,All,#4682B4,0
3,74,0.41999,-0.501312,-0.0653815,All,#4682B4,0
4,74,0.026346,-1.5318,-0.872928,All,#4682B4,0
5,74,0.039986,-1.66429,-0.983726,All,#4682B4,0
6,74,0.722057,-1.3819,-1.3984,All,#4682B4,0
7,74,-0.340369,-0.190432,0.539705,All,#4682B4,0
8,74,0.140857,0.0168842,0.18865,All,#4682B4,0
1,75,0.0189504,-0.184672,-0.108461,All,#4682B4,0
2,75,-0.134346,0.229988,0.194565,All,#4682B4,0
3,75,1.10337,0.850412,-0.290771,All,#4682B4,0
4,75,0.47661,-0.102615,-0.298017,All,#4682B4,0
5,75,1.19096,-0.298217,-0.954843,All,#4682B4,0
6,75,0.365549,-1.09974,-0.804319,All,#4682B4,0
7,75,-1.25274,-0.834239,0.288394,All,#4682B4,0
8,75,-0.273215,0.227194,0.221398,All,#4682B4,0
1,76,-0.801323,-1.63045,-0.642112,All,#4682B4,0
2,76,0.386321,-0.922448,-1.0609,All,#4682B4,0
3,76,0.988549,-0.515009,-1.36811,All,#4682B4,0
4,76,0.352897,-0.665325,-0.883209,All,#4682B4,0
5,76,-0.364365,0.0260816,-0.142785,All,#4682B4,0
6,76,-1.82984,-1.22727,-0.0616894,All,#4682B4,0
7,76,-0.901395,-0.527458,-0.0419878,All,#4682B4,0
8,76,-1.00337,-1.03985,-0.135134,All,#4682B4,0
1,77,-0.483073,-1.34221,-0.330281,All,#4682B4,0
2,77,0.586734,-0.268571,-0.134476,All,#4682B4,0
3,77,0.0780439,-0.444906,0.40306,All,#4682B4,0
4,77,-1.28512,0.87214,1.34837,All,#4682B4,0
5,77,-0.473361,1.21041,1.32656,All,#4682B4,0
6,77,0.7772,-0.129065,-0.2123,All,#4682B4,0
7,77,0.191654,-0.548275,-0.134179,All,#4682B4,0
8,77,0.342044,-0.185854,0.276008,All,#4682B4,0
1,78,-0.373982,1.10834,-0.44341,All,#4682B4,0
2,78,0.598671,1.44099,-1.00069,All,#4682B4,0
3,78,-1.33686,0.113464,-0.680839,All,#4682B4,0
4,78,1.11918,0.388114,-2.06319,All,#4682B4,0
5,78,-1.16928,1.31558,-0.125459,All,#4682B4,0
6,78,-0.842543,3.31486,0.194486,All,#4682B4,0
7,78,-2.5112,1.5926,0.342937,All,#4682B4,0
8,78,0.377195,0.171304,-1.43877,All,#4682B4,0
1,79,0.333148,-0.545646,-0.132491,All,#4682B4,0
2,79,-0.863491,-1.39791,-0.155089,All,#4682B4,0
3,79,0.936941,0.907225,0.105434,All,#4682B4,0
4,79,1.1361,0.558772,-0.0888549,All,#4682B4,0
5,79,-0.247305,0.0669617,0.543673,All,#4682B4,0
6,79,0.914737,0.941395,0.289929,All,#4682B4,0
7,79,-0.181417,0.515779,0.640407,All,#4682B4,0
8,79,1.46357,1.31047,0.200388,All,#4682B4,0
1,80,0.100791,-0.152793,0.715144,All,#4682B4,0
2,80,0.503384,0.667948,1.08085,All,#4682B4,0
3,80,0.633676,-0.764517,0.238813,All,#4682B4,0
4,80,0.943681,-0.134614,0.240223,All,#4682B4,0
5,80,0.542324,0.75047,0.790031,All,#4682B4,0
6,80,0.311045,0.746971,1.00513,All,#4682B4,0
7,80,-0.313778,-0.589406,0.999711,All,#4682B4,0
8,80,-0.051442,0.183684,0.932167,All,#4682B4,0
1,81,-0.3028,-0.261372,0.717588,All,#4682B4,0
2,81,-0.953217,0.727765,1.37281,All,#4682B4,0
3,81,-0.154819,-1.17795,-0.0405623,All,#4682B4,0
4,81,-1.02081,-1.18784,0.625219,All,#4682B4,0
5,81,1.11945,1.38321,0.641026,All,#4682B4,0
6,81,0.407567,-1.47443,-0.425831,All,#4682B4,0
7,81,0.624643,-0.372182,0.119575,All,#4682B4,0
8,81,-0.523498,-0.723983,0.427456,All,#4682B4,0
1,82,1.06471,-0.624476,-0.381118,All,#4682B4,0
2,82,0.420904,1.10589,1.12349,All,#4682B4,0
3,82,-1.52646,-1.38211,0.841952,All,#4682B4,0
4,82,-0.0319611,-0.0969926,0.71383,All,#4682B4,0
5,82,0.0859103,-0.735086,0.233484,All,#4682B4,0
6,82,0.747913,0.418304,0.566231,All,#4682B4,0
7,82,1.19087,-0.371075,-0.168205,All,#4682B4,0
8,82,1.33911,-0.136289,-0.20287,All,#4682B4,0
1,83,-1.23713,1.6565,1.20028,All,#4682B4,0
2,83,-1.92936,1.05883,1.33958,All,#4682B4,0
3,83,-1.60723,0.971613,1.109,All,#4682B4,0
4,83,0.23618,0.582696,0.327634,All,#4682B4,0
5,83,1.20068,0.388721,-0.255978,All,#4682B4,0
6,83,0.441847,1.23927,0.481793,All,#4682B4,0
7,83,0.682717,0.0274662,-0.430686,All,#4682B4,0
8,83,-1.71648,-0.688304,0.851096,All,#4682B4,0
1,84,-1.37313,-1.84538,-0.00486204,All,#4682B4,0
2,84,0.249798,-0.233983,0.125081,All,#4682B4,0
3,84,1.05586,0.263053,-0.12278,All,#4682B4,0
4,84,0.189764,1.02184,0.655846,All,#4682B4,0
5,84,-1.25324,-0.428195,0.818655,All,#4682B4,0
6,84,-0.205607,0.751885,0.863852,All,#4682B4,0
7,84,0.423057,1.2604,0.889459,All,#4682B4,0
8,84,-0.442356,-1.55024,-0.229254,All,#4682B4,0
1,85,0.439275,0.405453,1.33229,All,#4682B4,0
2,85,1.67668,-0.90677,-0.0184698,All,#4682B4,0
3,85,-0.752628,0.355369,1.69588,All,#4682B4,0
4,85,-0.190515,0.579816,1.89438,All,#4682B4,0
5,85,0.831711,-0.656354,0.426476,All,#4682B4,0
6,85,0.723799,0.0288587,0.680211,All,#4682B4,0
7,85,-0.0283064,-0.722847,0.957976,All,#4682B4,0
8,85,0.0222559,-1.61042,0.530398,All,#4682B4,0
1,86,-2.15155,1.59085,-1.26895,All,#4682B4,0
2,86,-2.42658,1.57163,-1.25538,All,#4682B4,0
3,86,-1.06168,2.30702,-1.13629,All,#4682B4,0
4,86,-1.16301,1.64707,-1.44079,All,#4682B4,0
5,86,-2.04248,0.4369,-1.5001,All,#4682B4,0
6,86,-1.46233,0.603643,-1.71718,All,#4682B4,0
7,86,-1.08708,0.777302,-1.65617,All,#4682B4,0
8,86,-0.16834,1.95317,-1.90533,All,#4682B4,0
1,87,1.44548,-0.927787,0.276995,All,#4682B4,0
2,87,1.55681,-0.761391,0.0728382,All,#4682B4,0
3,87,-0.129143,-2.2496,0.220053,All,#4682B4,0
4,87,1.34046,-0.611327,0.167635,All,#4682B4,0
5,87,-0.0603294,-0.54249,1.26462,All,#4682B4,0
6,87,0.924993,-0.87287,0.517788,All,#4682B4,0
7,87,-0.257106,-2.58604,0.179641,All,#4682B4,0
8,87,2.40299,-0.0248044,-0.100071,All,#4682B4,0
1,88,0.199867,0.339353,0.0896082,All,#4682B4,0
2,88,-0.851506,0.0135994,0.300699,All,#4682B4,0
3,88,-1.20105,-1.37282,-0.196729,All,#4682B4,0
4,88,0.742325,0.289529,-0.250996,All,#4682B4,0
5,88,-1.69147,1.02774,0.881842,All,#4682B4,0
6,88,-1.11552,1.37494,0.970751,All,#4682B4,0
7,88,-2.02687,1.08123,1.30579,All,#4682B4,0
8,88,-0.474626,0.995552,0.399805,All,#4682B4,0
1,89,-1.26745,-0.255004,0.939785,All,#4682B4,0
2,89,-0.464607,0.394728,0.913601,All,#4682B4,0
3,89,0.614701,1.46966,0.764866,All,#4682B4,0
4,89,-0.0746072,0.992399,1.12714,All,#4682B4,0
5,89,-0.601812,0.24564,0.90916,All,#4682B4,0
6,89,-1.21716,-0.869349,0.761239,All,#4682B4,0
7,89,-1.00926,-0.836412,0.678335,All,#4682B4,0
8,89,-0.666754,-0.454458,0.716316,All,#4682B4,0
1,90,-1.90744,-0.127313,-1.07868,All,#4682B4,0
2,90,-0.340837,1.78831,-0.962246,All,#4682B4,0
3,90,-2.54362,-0.0247017,-0.74221,All,#4682B4,0
4,90,-1.06759,1.19775,-0.96145,All,#4682B4,0
5,90,-2.12165,0.91849,-0.471427,All,#4682B4,0
6,90,-1.94124,1.13127,-0.57456,All,#4682B4,0
7,90,-2.10302,0.95285,-0.778299,All,#4682B4,0
8,90,-2.03502,-0.722106,-1.38071,All,#4682B4,0
1,91,0.736498,0.965601,1.56717,All,#4682B4,0
2,91,1.18019,0.173129,0.772399,All,#4682B4,0
3,91,1.34562,-0.821583,0.42774,All,#4682B4,0
4,91,1.84291,-0.503476,0.115383,All,#4682B4,0
5,91,0.433613,-0.254458,1.15243,All,#4682B4,0
6,91,1.65021,0.611762,0.994797,All,#4682B4,0
7,91,0.721257,-0.598593,0.822084,All,#4682B4,0
8,91,1.02835,-0.607782,0.687064,All,#4682B4,0
1,92,-1.36058,0.520963,-0.299531,All,#4682B4,0
2,92,0.168994,2.09808,-0.502737,All,#4682B4,0
3,92,-1.44833,0.485572,-0.396712,All,#4682B4,0
4,92,-1.97598,-0.119251,-0.274962,All,#4682B4,0
5,92,-1.14458,1.38587,-0.140127,All,#4682B4,0
6,92,-2.17459,-1.07599,-0.703629,All,#4682B4,0
7,92,0.167635,1.00256,-0.917714,All,#4682B4,0
8,92,-0.0306569,0.764162,-0.721,All,#4682B4,0
1,185,-0.732173,-1.21289,-0.0754692,All,#4682B4,0
2,185,0.687592,0.672397,0.124196,All,#4682B4,0
3,185,0.820046,0.186802,-0.0960432,All,#4682B4,0
4,185,-0.13329,0.44148,0.190779,All,#4682B4,0
5,185,-1.55426,-1.28481,0.346107,All,#4682B4,0
6,185,0.42219,0.846734,0.26343,All,#4682B4,0
7,185,0.605054,1.43093,0.585874,All,#4682B4,0
8,185,0.636347,-0.273534,-0.581012,All,#4682B4,0
1,186,1.48747,-1.37202,-0.193381,All,#4682B4,0
2,186,1.61396,0.681293,1.00928,All,#4682B4,0
3,186,-0.526594,-1.50134,1.17137,All,#4682B4,0
4,186,1.85483,-0.279931,-0.00276907,All,#4682B4,0
5,186,-0.374485,-1.21946,1.50617,All,#4682B4,0
6,186,2.93081,0.889987,0.430088,All,#4682B4,0
7,186,0.484221,-1.51906,0.590339,All,#4682B4,0
8,186,0.964609,-1.46094,0.0522489,All,#4682B4,0
1,187,-1.56156,-1.48276,-0.0596272,All,#4682B4,0
2,187,-1.15793,1.02819,0.809787,All,#4682B4,0
3,187,-1.9893,-0.51388,0.86461,All,#4682B4,0
4,187,1.11948,0.642323,-0.314237,All,#4682B4,0
5,187,0.803002,0.904264,0.105457,All,#4682B4,0
6,187,-0.356309,-0.466052,-0.00434008,All,#4682B4,0
7,187,0.534342,0.703069,0.00373132,All,#4682B4,0
8,187,-0.555173,-1.37404,-0.389358,All,#4682B4,0
1,188,-2.37545,-1.07585,0.623687,All,#4682B4,0
2,188,-0.0037137,1.46823,0.578202,All,#4682B4,0
3,188,-0.114143,-0.272405,-0.247955,All,#4682B4,0
4,188,0.186283,-0.0883018,-0.29342,All,#4682B4,0
5,188,0.532605,0.319365,-0.350581,All,#4682B4,0
6,188,-0.213172,-0.959001,-0.545646,All,#4682B4,0
7,188,-1.54525,0.588965,0.702759,All,#4682B4,0
8,188,0.443522,-0.077601,-0.716267,All,#4682B4,0
1,189,1.47978,0.476173,0.155356,All,#4682B4,0
2,189,0.00434255,-0.374432,0.648301,All,#4682B4,0
3,189,-0.467353,-0.30932,0.79586,All,#4682B4,0
4,189,-0.519881,1.48935,1.6794,All,#4682B4,0
5,189,1.20649,0.123371,-0.0404855,All,#4682B4,0
6,189,3.34427,1.85735,-0.369819,All,#4682B4,0
7,189,0.843519,-0.197473,0.112318,All,#4682B4,0
8,189,0.790502,-0.658973,-0.175836,All,#4682B4,0
1,190,-0.930575,1.52412,-0.73933,All,#4682B4,0
2,190,-1.34091,1.74765,-0.759268,All,#4682B4,0
3,190,-1.44711,-0.0165024,-1.50183,All,#4682B4,0
4,190,-0.95056,0.245703,-1.5363,All,#4682B4,0
5,190,0.262917,2.43309,-1.14313,All,#4682B4,0
6,190,-0.123456,2.19496,-0.888495,All,#4682B4,0
7,190,-1.52252,0.572542,-1.0788,All,#4682B4,0
8,190,-1.55519,0.180905,-1.17216,All,#4682B4,0
1,191,2.10169,1.45725,-0.358868,All,#4682B4,0
2,191,0.842516,1.38193,0.457741,All,#4682B4,0
3,191,0.567679,0.93295,0.425796,All,#4682B4,0
4,191,-1.44957,-0.998829,0.564432,All,#4682B4,0
5,191,0.952371,0.909451,0.095914,All,#4682B4,0
6,191,2.07508,-0.0153216,-1.13858,All,#4682B4,0
7,191,-1.00216,-0.171437,0.620563,All,#4682B4,0
8,191,0.270878,0.00609454,0.462103,All,#4682B4,0
1,192,-0.941707,1.05847,-0.996793,All,#4682B4,0
2,192,0.229095,2.7642,-0.725668,All,#4682B4,0
3,192,-0.402235,1.40677,-1.32186,All,#4682B4,0
4,192,0.136019,1.65273,-1.3513,All,#4682B4,0
5,192,-2.27873,-0.309416,-1.65815,All,#4682B4,0
6,192,-0.633761,1.21837,-1.47266,All,#4682B4,0
7,192,-0.446626,0.528315,-1.83105,All,#4682B4,0
8,192,-1.13199,0.532129,-1.28844,All,#4682B4,0
1,193,-0.419068,1.19643,1.25487,All,#4682B4,0
2,193,-0.865677,-1.03413,0.337079,All,#4682B4,0
3,193,-0.690863,-0.402651,0.744388,All,#4682B4,0
4,193,-0.263287,0.621748,1.00838,All,#4682B4,0
5,193,0.335171,-0.0582005,0.230907,All,#4682B4,0
6,193,0.62009,0.967845,0.866889,All,#4682B4,0
7,193,0.100381,0.577602,0.786803,All,#4682B4,0
8,193,-0.887449,0.607001,1.1449,All,#4682B4,0
1,194,-0.901743,-0.390869,0.365315,All,#4682B4,0
2,194,-1.54806,-0.839404,0.539839,All,#4682B4,0
3,194,-0.389953,-0.0774728,0.188454,All,#4682B4,0
4,194,-0.168403,0.3404,0.0938468,All,#4682B4,0
5,194,0.658357,0.987006,-0.22032,All,#4682B4,0
6,194,-0.568588,0.440716,0.275993,All,#4682B4,0
7,194,0.776773,1.48804,0.0105295,All,#4682B4,0
8,194,-1.04877,-0.700022,-0.0831518,All,#4682B4,0
1,195,-1.24237,-1.22792,0.883505,All,#4682B4,0
2,195,1.3092,0.451644,0.177057,All,#4682B4,0
3,195,-0.691813,-1.70164,0.0852111,All,#4682B4,0
4,195,1.01244,-0.317644,-0.231178,All,#4682B4,0
5,195,0.0316247,-1.21324,-0.148662,All,#4682B4,0
6,195,-1.78754,-1.99804,0.321826,All,#4682B4,0
7,195,0.0784507,-0.351928,0.304912,All,#4682B4,0
8,195,-0.281443,-0.385131,0.528547,All,#4682B4,0
1,196,0.030552,0.00247386,0.149419,All,#4682B4,0
2,196,0.0701714,-0.613737,0.0122616,All,#4682B4,0
3,196,0.764869,-0.127799,-0.122637,All,#4682B4,0
4,196,-0.140261,-0.639093,-0.0428984,All,#4682B4,0
5,196,1.50391,0.432686,-0.632156,All,#4682B4,0
6,196,-0.408183,-0.618025,0.168775,All,#4682B4,0
7,196,-0.293165,-1.74461,-0.636945,All,#4682B4,0
8,196,-1.22851,-0.617143,0.435508,All,#4682B4,0
1,197,0.0923223,-0.871547,-1.16192,All,#4682B4,0
2,197,-0.622834,-0.393895,-0.360698,All,#4682B4,0
3,197,0.804581,0.569908,-0.812091,All,#4682B4,0
4,197,0.15575,-0.299314,-0.431371,All,#4682B4,0
5,197,-0.537294,2.45689,0.819743,All,#4682B4,0
6,197,0.358138,0.358429,-0.882884,All,#4682B4,0
7,197,-1.57578,1.39576,0.66146,All,#4682B4,0
8,197,0.567282,-0.307817,-1.22225,All,#4682B4,0
1,198,0.382438,-0.47774,-0.524945,All,#4682B4,0
2,198,1.04257,0.936689,-0.176979,All,#4682B4,0
3,198,-0.461404,-0.756501,-0.030542,All,#4682B4,0
4,198,0.254748,-0.520889,-0.426227,All,#4682B4,0
5,198,-0.576385,-1.42967,-0.726549,All,#4682B4,0
6,198,1.23426,1.63915,-0.0464742,All,#4682B4,0
7,198,-1.31209,-0.421754,0.24557,All,#4682B4,0
8,198,0.0738474,0.42542,-0.0755503,All,#4682B4,0
1,199,1.70009,-0.663267,-0.563723,All,#4682B4,0
2,199,2.05674,-0.401023,-0.142727,All,#4682B4,0
3,199,0.943946,0.642978,1.01568,All,#4682B4,0
4,199,0.871725,-0.537363,0.311342,All,#4682B4,0
5,199,-0.422164,-0.953264,0.729011,All,#4682B4,0
6,199,1.15014,0.099079,0.726726,All,#4682B4,0
7,199,0.637556,-1.03749,0.0536345,All,#4682B4,0
8,199,0.777221,-1.12103,-0.110269,All,#4682B4,0
1,200,0.807718,-0.523427,0.853953,All,#4682B4,0
2,200,-0.0456956,-1.44653,0.860192,All,#4682B4,0
3,200,0.276496,1.18728,2.05821,All,#4682B4,0
4,200,-0.218122,1.18233,2.15537,All,#4682B4,0
5,200,0.594832,-2.83951,-0.867581,All,#4682B4,0
6,200,1.57612,-1.6064,-0.526223,All,#4682B4,0
7,200,-0.611945,-0.535799,1.73104,All,#4682B4,0
8,200,-0.0667208,-1.25588,1.18568,All,#4682B4,0
1,201,0.0126187,0.396369,1.76696,All,#4682B4,0
2,201,-0.458017,-0.383606,1.6003,All,#4682B4,0
3,201,-0.900618,-0.506453,1.74279,All,#4682B4,0
4,201,-0.748649,0.180973,2.11001,All,#4682B4,0
5,201,0.921526,-0.241907,0.94203,All,#4682B4,0
6,201,0.266269,0.052056,1.67256,All,#4682B4,0
7,201,0.716041,-0.707155,0.713003,All,#4682B4,0
8,201,-0.791862,-0.519879,1.77393,All,#4682B4,0
1,202,-0.749009,1.14963,1.53331,All,#4682B4,0
2,202,1.44215,1.17913,0.883437,All,#4682B4,0
3,202,0.977391,0.830955,1.01373,All,#4682B4,0
4,202,-2.52333,0.508382,2.11976,All,#4682B4,0
5,202,0.316711,-0.85152,0.461343,All,#4682B4,0
6,202,1.51028,-0.277024,-0.0238501,All,#4682B4,0
7,202,1.29975,-0.662362,-0.157474,All,#4682B4,0
8,202,2.43024,0.691438,-0.123507,All,#4682B4,0
1,203,-1.33886,-1.13772,0.662347,All,#4682B4,0
2,203,2.53922,0.955734,-0.336792,All,#4682B4,0
3,203,-0.370054,-1.57646,0.054492,All,#4682B4,0
4,203,2.05758,1.09581,-0.129307,All,#4682B4,0
5,203,0.895744,0.527093,0.189314,All,#4682B4,0
6,203,-0.425423,-0.823511,0.194641,All,#4682B4,0
7,203,0.545527,0.0471505,0.220002,All,#4682B4,0
8,203,-0.179236,0.0408999,0.536109,All,#4682B4,0
1,204,-0.644184,-0.912767,0.796602,All,#4682B4,0
2,204,-0.409763,-0.99809,0.643852,All,#4682B4,0
3,204,-0.863538,-1.52942,0.318101,All,#4682B4,0
4,204,0.806188,0.108363,0.64834,All,#4682B4,0
5,204,1.48353,-0.217592,0.0170187,All,#4682B4,0
6,204,-0.305402,-1.97177,0.141829,All,#4682B4,0
7,204,0.513216,0.433804,0.678914,All,#4682B4,0
8,204,-0.823043,-0.711382,0.910507,All,#4682B4,0
1,205,0.617568,-1.0831,-1.72896,All,#4682B4,0
2,205,-1.85827,0.161363,0.499771,All,#4682B4,0
3,205,-2.03653,0.339931,0.516236,All,#4682B4,0
4,205,-0.502544,0.168647,-0.31591,All,#4682B4,0
5,205,-0.271485,0.0234414,-0.462482,All,#4682B4,0
6,205,-0.668958,0.477624,0.0555399,All,#4682B4,0
7,205,-1.2623,-0.179375,-0.00270765,All,#4682B4,0
8,205,0.54509,0.75884,-0.506708,All,#4682B4,0
1,206,1.24031,-1.15954,1.06761,All,#4682B4,0
2,206,1.68123,-0.898296,0.976936,All,#4682B4,0
3,206,0.53673,-1.6723,1.30752,All,#4682B4,0
4,206,1.18446,-1.15422,1.12578,All,#4682B4,0
5,206,1.71257,-1.08597,0.678049,All,#4682B4,0
6,206,1.16311,-1.81263,0.803583,All,#4682B4,0
7,206,0.826887,0.362661,2.19941,All,#4682B4,0
8,206,0.353695,-1.11107,1.7747,All,#4682B4,0
1,207,-0.0658809,1.43311,0.671485,All,#4682B4,0
2,207,-0.487582,0.162102,0.533978,All,#4682B4,0
3,207,-0.203555,0.40804,0.212711,All,#4682B4,0
4,207,0.363769,-0.842162,-0.898052,All,#4682B4,0
5,207,-0.440584,-1.51286,-0.507945,All,#4682B4,0
6,207,-0.397464,0.33,0.492028,All,#4682B4,0
7,207,-0.386554,0.288606,0.35763,All,#4682B4,0
8,207,0.361237,0.69618,0.209642,All,#4682B4,0
1,208,0.512788,-0.0618292,0.0716208,All,#4682B4,0
2,208,-0.422979,0.0146469,0.68181,All,#4682B4,0
3,208,0.828967,-1.85383,-1.04581,All,#4682B4,0
4,208,0.267521,-0.453443,0.163099,All,#4682B4,0
5,208,1.30779,1.36701,0.560407,All,#4682B4,0
6,208,1.3947,0.752694,0.0596961,All,#4682B4,0
7,208,0.992209,0.854863,0.584899,All,#4682B4,0
8,208,0.0888012,-0.922678,-0.103316,All,#4682B4,0
1,209,0.825494,-0.168359,-0.737907,All,#4682B4,0
2,209,-1.74187,-0.874676,0.14218,All,#4682B4,0
3,209,1.35024,1.77702,0.10747,All,#4682B4,0
4,209,0.29203,0.63395,-0.195583,All,#4682B4,0
5,209,-1.55815,-0.0597776,0.51546,All,#4682B4,0
6,209,0.970768,0.142478,-0.586809,All,#4682B4,0
7,209,0.725809,0.47031,-0.388518,All,#4682B4,0
8,209,0.562098,-0.482095,-0.779505,All,#4682B4,0
1,210,-0.726224,-0.613351,-0.468196,All,#4682B4,0
2,210,-0.102807,0.0771519,-0.252173,All,#4682B4,0
3,210,-1.42598,0.751774,0.301873,All,#4682B4,0
4,210,-0.299649,1.15211,0.128801,All,#4682B4,0
5,210,-1.75843,-0.0825195,0.269941,All,#4682B4,0
6,210,0.121278,1.86632,-0.0686178,All,#4682B4,0
7,210,-0.900893,-0.585029,-0.479513,All,#4682B4,0
8,210,1.13197,0.488185,-1.16825,All,#4682B4,0
1,211,-0.197883,-0.688211,0.550935,All,#4682B4,0
2,211,0.953999,-1.53752,-1.0799,All,#4682B4,0
3,211,-0.745512,0.406408,1.22877,All,#4682B4,0
4,211,0.707996,-0.0265721,0.142592,All,#4682B4,0
5,211,-0.555708,-0.0962818,1.06108,All,#4682B4,0
6,211,1.26389,1.01138,0.391103,All,#4682B4,0
7,211,-0.379088,-0.67127,0.669047,All,#4682B4,0
8,211,-0.258403,-1.00909,0.23602,All,#4682B4,0
1,212,1.94447,-2.50191,0.407143,All,#4682B4,0
2,212,1.62371,-2.94307,0.44053,All,#4682B4,0
3,212,2.85231,-1.72992,0.222925,All,#4682B4,0
4,212,1.05495,-3.42617,0.510657,All,#4682B4,0
5,212,1.79033,-3.12817,-0.137808,All,#4682B4,0
6,212,1.90093,-3.01057,0.0280766,All,#4682B4,0
7,212,2.44954,-2.67108,-0.13059,All,#4682B4,0
8,212,2.45761,-2.13032,0.297618,All,#4682B4,0
1,213,-1.81733,-0.717602,-1.53114,All,#4682B4,0
2,213,0.464693,1.59516,-1.0346,All,#4682B4,0
3,213,-1.70296,-0.790876,-0.70908,All,#4682B4,0
4,213,-0.221086,0.526293,-1.32239,All,#4682B4,0
5,213,0.417645,1.10587,-1.44341,All,#4682B4,0
6,213,-0.391704,0.0384056,-0.901648,All,#4682B4,0
7,213,-0.372915,0.21817,-1.00226,All,#4682B4,0
8,213,-0.396273,0.121252,-1.53348,All,#4682B4,0
1,214,-2.64959,0.775745,0.180713,All,#4682B4,0
2,214,-0.210471,0.330842,-0.993289,All,#4682B4,0
3,214,-0.423431,0.0924906,-1.14183,All,#4682B4,0
4,214,-1.11433,-0.133544,-0.555479,All,#4682B4,0
5,214,0.27454,0.895493,-0.897397,All,#4682B4,0
6,214,-0.991322,-0.133718,-0.909817,All,#4682B4,0
7,214,-0.997703,0.505049,-0.571184,All,#4682B4,0
8,214,0.0165043,1.36615,-0.446484,All,#4682B4,0
1,215,-0.29504,0.751395,1.65234,All,#4682B4,0
2,215,-2.21104,0.28518,2.09845,All,#4682B4,0
3,215,-2.70939,0.382539,2.20143,All,#4682B4,0
4,215,0.617499,0.138599,0.60614,All,#4682B4,0
5,215,1.45435,0.673956,0.499443,All,#4682B4,0
6,215,0.378366,-0.464213,0.639684,All,#4682B4,0
7,215,-0.710522,-2.7067,-0.169138,All,#4682B4,0
8,215,-0.279998,-2.16719,-0.181103,All,#4682B4,0
1,216,0.740449,-1.60346,-1.04853,All,#4682B4,0
2,216,0.320805,-0.529769,0.0582965,All,#4682B4,0
3,216,0.944284,0.438247,0.283578,All,#4682B4,0
4,216,-0.440616,0.148638,1.02725,All,#4682B4,0
5,216,-0.260587,-1.4366,-0.105519,All,#4682B4,0
6,216,-1.17889,-0.506106,0.793166,All,#4682B4,0
7,216,0.8558,1.02461,0.561147,All,#4682B4,0
8,216,0.152946,-0.0266014,0.502559,All,#4682B4,0
1,217,0.243125,-0.215115,0.791469,All,#4682B4,0
2,217,0.406951,-0.00680094,0.756154,All,#4682B4,0
3,217,-0.359271,0.27835,1.33294,All,#4682B4,0
4,217,1.32647,0.147291,0.536556,All,#4682B4,0
5,217,0.280057,-1.24256,0.368514,All,#4682B4,0
6,217,-0.29413,-0.92915,0.69287,All,#4682B4,0
7,217,-0.354606,-1.08177,0.912834,All,#4682B4,0
8,217,0.754546,-0.629147,0.315969,All,#4682B4,0
1,218,-0.136862,-0.915698,-1.21883,All,#4682B4,0
2,218,-0.204378,-0.0971325,-0.656166,All,#4682B4,0
3,218,0.91427,0.858302,-0.948637,All,#4682B4,0
4,218,-0.0757684,1.63749,-0.144689,All,#4682B4,0
5,218,-0.560684,-1.32924,-1.45383,All,#4682B4,0
6,218,-0.407008,-1.18844,-1.47915,All,#4682B4,0
7,218,0.570395,-0.370901,-1.44725,All,#4682B4,0
8,218,-0.694693,0.465204,-0.600719,All,#4682B4,0
1,219,0.595956,1.08405,1.4533,All,#4682B4,0
2,219,-0.0271727,1.1615,1.83707,All,#4682B4,0
3,219,-0.705363,-0.0158643,1.49943,All,#4682B4,0
4,219,-0.72537,0.10045,1.4514,All,#4682B4,0
5,219,2.02361,1.04852,0.361289,All,#4682B4,0
6,219,0.36973,1.53571,1.57268,All,#4682B4,0
7,219,0.0543184,0.845702,1.5112,All,#4682B4,0
8,219,-0.326637,-0.140226,1.38462,All,#4682B4,0
1,220,0.351018,-1.56057,-0.0476753,All,#4682B4,0
2,220,-0.0645441,0.448472,1.32354,All,#4682B4,0
3,220,-0.883282,-1.25431,0.799101,All,#4682B4,0
4,220,0.613903,-0.112612,0.431615,All,#4682B4,0
5,220,1.23818,-0.103373,0.151074,All,#4682B4,0
6,220,1.20331,0.307967,0.556189,All,#4682B4,0
7,220,0.524066,-0.635175,0.428054,All,#4682B4,0
8,220,-0.272948,-0.678455,1.06565,All,#4682B4,0
1,221,-0.106212,0.679756,0.182235,All,#4682B4,0
2,221,1.77524,1.41693,-0.973538,All,#4682B4,0
3,221,0.0403441,-0.478798,-1.18166,All,#4682B4,0
4,221,-0.555879,-0.891326,-0.7475,All,#4682B4,0
5,221,-0.891366,-0.131497,0.0704058,All,#4682B4,0
6,221,-0.626125,0.117011,-0.404005,All,#4682B4,0
7,221,-0.182225,1.43417,0.123577,All,#4682B4,0
8,221,0.182659,0.717942,-0.161985,All,#4682B4,0
1,222,1.18957,0.617235,-0.0872016,All,#4682B4,0
2,222,0.867704,0.518658,-0.170862,All,#4682B4,0
3,222,-0.673452,1.03892,0.622332,All,#4682B4,0
4,222,-0.983177,-1.49681,-0.178545,All,#4682B4,0
5,222,0.719405,0.38634,-0.125752,All,#4682B4,0
6,222,1.98485,0.442679,-1.01124,All,#4682B4,0
7,222,-0.300513,0.113663,0.287461,All,#4682B4,0
8,222,0.0825692,-0.61244,-0.335295,All,#4682B4,0
1,223,-1.09981,-0.0123169,0.0953898,All,#4682B4,0
2,223,-0.763504,0.365721,0.0341104,All,#4682B4,0
3,223,-0.350431,0.752234,0.132491,All,#4682B4,0
4,223,-0.197552,0.183361,-0.30221,All,#4682B4,0
5,223,0.0675825,-0.439986,-0.82751,All,#4682B4,0
6,223,-0.412839,0.193426,-0.634715,All,#4682B4,0
7,223,0.413677,0.922681,-0.454512,All,#4682B4,0
8,223,1.32458,0.898255,-0.969435,All,#4682B4,0
1,224,0.0886643,0.689127,-0.989237,All,#4682B4,0
2,224,-0.165871,1.98789,-0.0613414,All,#4682B4,0
3,224,-1.08437,1.33352,0.0818324,All,#4682B4,0
4,224,-1.23678,0.282871,0.0820904,All,#4682B4,0
5,224,-1.14592,-0.102854,-0.285414,All,#4682B4,0
6,224,0.511583,1.15134,-0.798494,All,#4682B4,0
7,224,-0.273047,0.275257,-0.949076,All,#4682B4,0
8,224,-0.860092,1.9066,0.216553,All,#4682B4,0
1,225,0.235696,1.9461,-1.05562,All,#4682B4,0
2,225,-1.58708,0.413886,-0.994909,All,#4682B4,0
3,225,-0.174336,1.52929,-1.12442,All,#4682B4,0
4,225,-0.352116,0.0818448,-2.05521,All,#4682B4,0
5,225,-0.364412,0.14534,-1.97886,All,#4682B4,0
6,225,1.10137,1.61604,-1.96368,All,#4682B4,0
7,225,-0.0524412,0.483207,-2.08451,All,#4682B4,0
8,225,-0.0355883,0.409559,-1.6899,All,#4682B4,0
1,226,-0.442611,0.526226,-1.0529,All,#4682B4,0
2,226,0.200135,0.961115,-0.716005,All,#4682B4,0
3,226,0.425637,1.08169,-1.14266,All,#4682B4,0
4,226,-0.82914,0.234846,-0.829813,All,#4682B4,0
5,226,0.442009,1.15103,-0.796008,All,#4682B4,0
6,226,-0.335544,1.087,-0.515836,All,#4682B4,0
7,226,-0.997671,0.979948,-0.396841,All,#4682B4,0
8,226,-0.602702,1.56026,-0.231759,All,#4682B4,0
1,227,-0.397566,0.11606,1.01559,All,#4682B4,0
2,227,1.65565,0.810705,0.148858,All,#4682B4,0
3,227,1.91261,-0.358866,-0.661231,All,#4682B4,0
4,227,0.70056,-0.921813,-0.346405,All,#4682B4,0
5,227,-0.225019,-1.31456,-0.073361,All,#4682B4,0
6,227,0.282864,-0.0154222,0.418612,All,#4682B4,0
7,227,0.0153445,-0.437982,0.353638,All,#4682B4,0
8,227,0.362007,-0.050119,0.452481,All,#4682B4,0
1,228,-0.712824,2.60471,-2.43969,All,#4682B4,0
2,228,-0.51368,2.60065,-2.95398,All,#4682B4,0
3,228,-1.71854,0.700504,-3.10522,All,#4682B4,0
4,228,-1.75067,0.895501,-2.97153,All,#4682B4,0
5,228,-1.39554,1.33439,-2.7516,All,#4682B4,0
6,228,-0.217042,2.33028,-3.09419,All,#4682B4,0
7,228,-1.29027,1.03071,-3.12101,All,#4682B4,0
8,228,-0.777371,1.71909,-2.64571,All,#4682B4,0
1,229,0.43086,-0.263112,-0.0392244,All,#4682B4,0
2,229,0.590776,1.66002,0.908946,All,#4682B4,0
3,229,0.180658,-0.183236,0.0537078,All,#4682B4,0
4,229,0.0339127,1.42199,0.954332,All,#4682B4,0
5,229,0.264301,-0.919674,-0.403109,All,#4682B4,0
6,229,-0.655784,-1.01933,0.262578,All,#4682B4,0
7,229,0.107283,-0.436022,0.0116743,All,#4682B4,0
8,229,-0.511233,-0.69116,0.474182,All,#4682B4,0
