A1_vs_I0_abscissa,A1_vs_I0_spline,A1_vs_I0_regression,A1_vs_tau1_abscissa,A1_vs_tau1_spline,A1_vs_tau1_regression,I0_vs_A1_abscissa,I0_vs_A1_spline,I0_vs_A1_regression,I0_vs_tau1_abscissa,I0_vs_tau1_spline,I0_vs_tau1_regression,tau1_vs_A1_abscissa,tau1_vs_A1_spline,tau1_vs_A1_regression,tau1_vs_I0_abscissa,tau1_vs_I0_spline,tau1_vs_I0_regression
-0.336337,-0.248291,-0.07432,-0.750511,0.753731,0.75569,-0.610982,-0.0140757,-0.0201284,-0.750511,0.0140939,0.0338572,-0.610982,0.606571,0.604917,-0.336337,0.246927,0.076352
-0.330544,-0.258085,-0.0731819,-0.736672,0.739061,0.741764,-0.597188,-0.0303151,-0.0195942,-0.736672,0.0168391,0.0332986,-0.597188,0.592111,0.591271,-0.330544,0.258292,0.0751859
-0.32475,-0.26557,-0.0720438,-0.722833,0.724434,0.727837,-0.583395,-0.0374484,-0.0190599,-0.722833,0.0194126,0.03274,-0.583395,0.577844,0.577625,-0.32475,0.267204,0.0740198
-0.318956,-0.272173,-0.0709057,-0.708994,0.710095,0.713911,-0.569601,-0.043401,-0.0185257,-0.708994,0.0208184,0.0321814,-0.569601,0.563604,0.563979,-0.318956,0.275176,0.0728537
-0.313163,-0.270924,-0.0697676,-0.695155,0.695757,0.699985,-0.555807,-0.0493536,-0.0179915,-0.695155,0.0222241,0.0316228,-0.555807,0.549363,0.550333,-0.313163,0.274772,0.0716877
-0.307369,-0.269111,-0.0686295,-0.681316,0.681418,0.686059,-0.542014,-0.0461745,-0.0174572,-0.681316,0.0236299,0.0310642,-0.542014,0.535403,0.536687,-0.307369,0.273765,0.0705216
-0.301575,-0.267298,-0.0674914,-0.667477,0.667183,0.672132,-0.52822,-0.0428555,-0.016923,-0.667477,0.024621,0.0305056,-0.52822,0.521447,0.523041,-0.301575,0.272758,0.0693555
-0.295782,-0.264709,-0.0663533,-0.653638,0.653121,0.658206,-0.514426,-0.0391025,-0.0163888,-0.653638,0.0249284,0.029947,-0.514426,0.50752,0.509395,-0.295782,0.270916,0.0681894
-0.289988,-0.256869,-0.0652152,-0.6398,0.639396,0.64428,-0.500633,-0.0325277,-0.0158546,-0.6398,0.023981,0.0293884,-0.500633,0.493782,0.495749,-0.289988,0.263429,0.0670234
-0.284194,-0.248407,-0.0640771,-0.625961,0.62568,0.630354,-0.486839,-0.0259522,-0.0153203,-0.625961,0.0230041,0.0288298,-0.486839,0.480073,0.482103,-0.284194,0.255262,0.0658573
-0.278401,-0.23666,-0.062939,-0.612122,0.611964,0.616428,-0.473046,-0.0196387,-0.0147861,-0.612122,0.0220271,0.0282712,-0.473046,0.466479,0.468457,-0.278401,0.2435,0.0646912
-0.272607,-0.224912,-0.0618009,-0.598283,0.598247,0.602501,-0.459252,-0.0144294,-0.0142519,-0.598283,0.0210502,0.0277126,-0.459252,0.452964,0.454811,-0.272607,0.231737,0.0635251
-0.266813,-0.213164,-0.0606628,-0.584444,0.584531,0.588575,-0.445458,-0.0112123,-0.0137176,-0.584444,0.0200733,0.027154,-0.445458,0.439534,0.441165,-0.266813,0.219974,0.0623591
-0.261019,-0.200789,-0.0595247,-0.570605,0.570814,0.574649,-0.431665,-0.0106566,-0.0131834,-0.570605,0.0190963,0.0265954,-0.431665,0.426179,0.427519,-0.261019,0.207435,0.061193
-0.255226,-0.18712,-0.0583866,-0.556766,0.557098,0.560723,-0.417871,-0.0138758,-0.0126492,-0.556766,0.0181194,0.0260368,-0.417871,0.412904,0.413873,-0.255226,0.193298,0.0600269
-0.249432,-0.173452,-0.0572485,-0.542927,0.543382,0.546796,-0.404077,-0.0203236,-0.012115,-0.542927,0.0171425,0.0254782,-0.404077,0.399683,0.400227,-0.249432,0.17916,0.0588608
-0.243638,-0.159784,-0.0561104,-0.529088,0.529665,0.53287,-0.390284,-0.0304161,-0.0115807,-0.529088,0.0161656,0.0249196,-0.390284,0.386495,0.386581,-0.243638,0.165023,0.0576947
-0.237845,-0.146116,-0.0549723,-0.51525,0.515949,0.518944,-0.37649,-0.0414267,-0.0110465,-0.51525,0.0151886,0.024361,-0.37649,0.373268,0.372935,-0.237845,0.150885,0.0565287
-0.232051,-0.132448,-0.0538342,-0.501411,0.502379,0.505018,-0.362696,-0.0513883,-0.0105123,-0.501411,0.0138074,0.0238024,-0.362696,0.359928,0.359289,-0.232051,0.136748,0.0553626
-0.226257,-0.11878,-0.0526961,-0.487572,0.488843,0.491092,-0.348903,-0.0576067,-0.00997804,-0.487572,0.0123344,0.0232438,-0.348903,0.346384,0.345643,-0.226257,0.12261,0.0541965
-0.220464,-0.106601,-0.051558,-0.473733,0.475306,0.477165,-0.335109,-0.0590132,-0.00944382,-0.473733,0.0108614,0.0226852,-0.335109,0.332617,0.331996,-0.220464,0.109824,0.0530304
-0.21467,-0.0958711,-0.0504199,-0.459894,0.461757,0.463239,-0.321315,-0.0535215,-0.00890959,-0.459894,0.00949784,0.0221266,-0.321315,0.31857,0.31835,-0.21467,0.0984168,0.0518644
-0.208876,-0.0865205,-0.0492818,-0.446055,0.448191,0.449313,-0.307522,-0.0431705,-0.00837536,-0.446055,0.00827391,0.021568,-0.307522,0.304451,0.304704,-0.208876,0.088375,0.0506983
-0.203083,-0.0788741,-0.0481437,-0.432216,0.434603,0.435387,-0.293728,-0.0317687,-0.00784113,-0.432216,0.00717978,0.0210094,-0.293728,0.29057,0.291058,-0.203083,0.0800315,0.0495322
-0.197289,-0.0726007,-0.0470056,-0.418377,0.42099,0.42146,-0.279934,-0.0225558,-0.0073069,-0.418377,0.00624343,0.0204508,-0.279934,0.277173,0.277412,-0.197289,0.0730619,0.0483661
-0.191495,-0.0698064,-0.0458675,-0.404538,0.407328,0.407534,-0.266141,-0.0159507,-0.00677267,-0.404538,0.00557366,0.0198922,-0.266141,0.264092,0.263766,-0.191495,0.069596,0.0472001
-0.185701,-0.0672859,-0.0447294,-0.3907,0.393609,0.393608,-0.252347,-0.0111609,-0.00623844,-0.3907,0.0052146,0.0193336,-0.252347,0.250984,0.25012,-0.185701,0.0664069,0.046034
-0.179908,-0.0684576,-0.0435913,-0.376861,0.379857,0.379682,-0.238553,-0.00739347,-0.00570422,-0.376861,0.00502486,0.018775,-0.238553,0.237511,0.236474,-0.179908,0.0669541,0.0448679
-0.174114,-0.0730626,-0.0424532,-0.363022,0.366038,0.365756,-0.22476,-0.00390903,-0.00516999,-0.363022,0.0051828,0.0182164,-0.22476,0.223363,0.222828,-0.174114,0.0710314,0.0437018
-0.16832,-0.0784109,-0.0413151,-0.349183,0.352152,0.351829,-0.210966,-0.000546374,-0.00463576,-0.349183,0.0056783,0.0176578,-0.210966,0.208617,0.209182,-0.16832,0.0758783,0.0425358
-0.162527,-0.0843974,-0.040177,-0.335344,0.338196,0.337903,-0.197172,0.00225595,-0.00410153,-0.335344,0.00641305,0.0170992,-0.197172,0.193793,0.195536,-0.162527,0.0814642,0.0413697
-0.156733,-0.0905343,-0.0390388,-0.321505,0.324188,0.323977,-0.183379,0.00416027,-0.0035673,-0.321505,0.00694296,0.0165406,-0.183379,0.179419,0.18189,-0.156733,0.0874314,0.0402036
-0.150939,-0.0950477,-0.0379007,-0.307666,0.310149,0.310051,-0.169585,0.00651446,-0.00303307,-0.307666,0.0067964,0.015982,-0.169585,0.165528,0.168244,-0.150939,0.0920281,0.0390375
-0.145146,-0.096785,-0.0367626,-0.293827,0.296098,0.296124,-0.155792,0.0121241,-0.00249884,-0.293827,0.0054147,0.0154234,-0.155792,0.152038,0.154598,-0.145146,0.0941456,0.0378714
-0.139352,-0.0945693,-0.0356245,-0.279988,0.282052,0.282198,-0.141998,0.0228944,-0.00196462,-0.279988,0.00259532,0.0148648,-0.141998,0.138786,0.140952,-0.139352,0.0926616,0.0367054
-0.133558,-0.0872042,-0.0344864,-0.266149,0.26807,0.268272,-0.128204,0.0325331,-0.00143039,-0.266149,-0.00153417,0.0143062,-0.128204,0.126216,0.127306,-0.133558,0.0864261,0.0355393
-0.127764,-0.0752205,-0.0333483,-0.252311,0.254226,0.254346,-0.114411,0.0301319,-0.000896158,-0.252311,-0.00522135,0.0137476,-0.114411,0.114695,0.11366,-0.127764,0.0758369,0.0343732
-0.121971,-0.059604,-0.0322102,-0.238472,0.240638,0.240419,-0.100617,0.00617992,-0.00036193,-0.238472,-0.00662566,0.013189,-0.100617,0.102148,0.100014,-0.121971,0.0616496,0.0332071
-0.116177,-0.0417292,-0.0310721,-0.224633,0.227403,0.226493,-0.0868232,-0.0218617,0.000172299,-0.224633,-0.0038912,0.0126304,-0.0868232,0.0873325,0.0863679,-0.116177,0.0449734,0.0320411
-0.110383,-0.0232714,-0.029934,-0.210794,0.214271,0.212567,-0.0730296,-0.0132994,0.000706528,-0.210794,0.0029469,0.0120718,-0.0730296,0.0718944,0.0727219,-0.110383,0.0272147,0.030875
-0.10459,-0.00971664,-0.0287959,-0.196955,0.200114,0.198641,-0.0592359,0.00952024,0.00124076,-0.196955,0.00955317,0.0115132,-0.0592359,0.0593106,0.0590758,-0.10459,0.0136487,0.0297089
-0.098796,-0.0106078,-0.0276578,-0.183116,0.184229,0.184715,-0.0454423,0.0221489,0.00177498,-0.183116,0.0119315,0.0109546,-0.0454423,0.0463246,0.0454298,-0.098796,0.01359,0.0285428
-0.0930023,-0.0303932,-0.0265197,-0.169277,0.167929,0.170788,-0.0316486,0.0291632,0.00230921,-0.169277,0.00961627,0.010396,-0.0316486,0.0319013,0.0317838,-0.0930023,0.0314845,0.0273768
-0.0872086,-0.0546181,-0.0253816,-0.155438,0.15393,0.156862,-0.017855,0.0320425,0.00284344,-0.155438,0.00437267,0.00983742,-0.017855,0.0182655,0.0181377,-0.0872086,0.0536094,0.0262107
-0.0814149,-0.0643935,-0.0242435,-0.141599,0.143599,0.142936,-0.00406133,0.024944,0.00337767,-0.141599,-0.00210835,0.00927882,-0.00406133,0.00458205,0.00449171,-0.0814149,0.061981,0.0250446
-0.0756213,-0.0458467,-0.0231054,-0.127761,0.131248,0.12901,0.00973232,0.0184054,0.0039119,-0.127761,-0.00902007,0.00872022,0.00973232,-0.00928956,-0.00915433,-0.0756213,0.0434198,0.0238785
-0.0698276,-0.0136696,-0.0219673,-0.113922,0.115572,0.115083,0.023526,0.0217927,0.00444613,-0.113922,-0.0018951,0.00816163,0.023526,-0.023056,-0.0228004,-0.0698276,0.0121208,0.0227125
-0.0640339,0.00574198,-0.0208292,-0.100083,0.101536,0.101157,0.0373196,0.019422,0.00498036,-0.100083,0.0158622,0.00760303,0.0373196,-0.0356611,-0.0364464,-0.0640339,-0.0065163,0.0215464
-0.0582402,-0.00663757,-0.0196911,-0.0862439,0.0871639,0.087231,0.0511133,0.0155465,0.00551458,-0.0862439,0.00195091,0.00704443,0.0511133,-0.0494989,-0.0500924,-0.0582402,0.00583202,0.0203803
-0.0524465,-0.0293514,-0.018553,-0.072405,0.0737165,0.0733048,0.0649069,0.0200576,0.00604881,-0.072405,0.00947907,0.00648583,0.0649069,-0.0651422,-0.0637385,-0.0524465,0.028568,0.0192142
-0.0466528,-0.0270734,-0.0174149,-0.0585661,0.059274,0.0593786,0.0787006,0.00639732,0.00658304,-0.0585661,0.0278259,0.00592723,0.0787006,-0.0752485,-0.0773845,-0.0466528,0.0277438,0.0180482
-0.0408591,0.00642399,-0.0162768,-0.0447272,0.0436147,0.0454524,0.0924942,0.00150644,0.00711727,-0.0447272,0.0147244,0.00536863,0.0924942,-0.0906285,-0.0910305,-0.0408591,-0.0030037,0.0168821
-0.0350654,0.0154616,-0.0151387,-0.0308883,0.0321001,0.0315261,0.106288,-0.00237518,0.0076515,-0.0308883,0.0111844,0.00481004,0.106288,-0.106032,-0.104677,-0.0350654,-0.0113504,0.015716
-0.0292717,-0.0178593,-0.0140006,-0.0170494,0.0198758,0.0175999,0.120082,-0.0108303,0.00818573,-0.0170494,0.0198039,0.00425144,0.120082,-0.118013,-0.118323,-0.0292717,0.0191365,0.0145499
-0.023478,0.00344821,-0.0128625,-0.00321055,0.0052556,0.00367369,0.133875,-0.0101021,0.00871996,-0.00321055,0.0277264,0.00369284,0.133875,-0.131709,-0.131969,-0.023478,-0.00408278,0.0133838
-0.0176843,0.0890093,-0.0117244,0.0106283,-0.0108055,-0.0102525,0.147669,-0.00138271,0.00925418,0.0106283,0.028414,0.00313424,0.147669,-0.143893,-0.145615,-0.0176843,-0.0881085,0.0122178
-0.0118906,0.0468261,-0.0105863,0.0244672,-0.025453,-0.0241788,0.161463,0.010514,0.00978841,0.0244672,0.0296168,0.00257564,0.161463,-0.155907,-0.159261,-0.0118906,-0.0447248,0.0110517
-0.00609693,0.0330657,-0.00944818,0.0383061,-0.0384688,-0.038105,0.175256,0.0207663,0.0103226,0.0383061,0.031259,0.00201704,0.175256,-0.171176,-0.172907,-0.00609693,-0.0330027,0.00988562
-0.000303237,0.055955,-0.00831008,0.052145,-0.0516887,-0.0520312,0.18905,0.0248097,0.0108569,0.052145,0.0218236,0.00145845,0.18905,-0.187891,-0.186553,-0.000303237,-0.0573473,0.00871954
0.00549046,0.0472319,-0.00717197,0.0659839,-0.0643684,-0.0659574,0.202843,0.0189881,0.0113911,0.0659839,-0.00523337,0.000899847,0.202843,-0.203071,-0.200199,0.00549046,-0.047029,0.00755346
0.0112841,0.0171284,-0.00603387,0.0798228,-0.0783319,-0.0798837,0.216637,0.00389189,0.0119253,0.0798228,-0.00970523,0.000341248,0.216637,-0.215489,-0.213845,0.0112841,-0.0135975,0.00638739
0.0170778,-0.00630251,-0.00489577,0.0936617,-0.0932285,-0.0938099,0.230431,-0.0108966,0.0124596,0.0936617,-0.0043197,-0.00021735,0.230431,-0.227003,-0.227491,0.0170778,0.00843676,0.00522131
0.0228715,0.0174561,-0.00375767,0.107501,-0.107178,-0.107736,0.244224,-0.0160365,0.0129938,0.107501,-0.00182942,-0.000775948,0.244224,-0.2395,-0.241137,0.0228715,-0.0163114,0.00405523
0.0286652,0.0363319,-0.00261956,0.121339,-0.120846,-0.121662,0.258018,-0.011076,0.013528,0.121339,0.0228859,-0.00133455,0.258018,-0.253336,-0.254783,0.0286652,-0.0353685,0.00288916
0.0344589,-0.00492997,-0.00148146,0.135178,-0.136313,-0.135589,0.271812,-0.00173852,0.0140622,0.135178,0.0187973,-0.00189315,0.271812,-0.267771,-0.268429,0.0344589,0.000733354,0.00172308
0.0402526,0.0325543,-0.000343359,0.149017,-0.152053,-0.149515,0.285605,0.00606432,0.0145965,0.149017,0.00324172,-0.00245174,0.285605,-0.282039,-0.282075,0.0402526,-0.0337453,0.000557004
0.0460463,0.0839787,0.000794744,0.162856,-0.16611,-0.163441,0.299399,0.0105292,0.0151307,0.162856,0.00753405,-0.00301034,0.299399,-0.295903,-0.295721,0.0460463,-0.0802633,-0.000609072
0.05184,0.0541814,0.00193285,0.176695,-0.179122,-0.177367,0.313193,0.0113579,0.0156649,0.176695,0.0196464,-0.00356894,0.313193,-0.309351,-0.309367,0.05184,-0.0525771,-0.00177515
0.0576337,2.02605e-05,0.00307095,0.190534,-0.19216,-0.191293,0.326986,0.0104818,0.0161992,0.190534,0.0193505,-0.00412754,0.326986,-0.322627,-0.323013,0.0576337,-0.00119553,-0.00294122
0.0634274,-0.0194294,0.00420905,0.204373,-0.205278,-0.20522,0.34078,0.00818393,0.0167334,0.204373,0.0155042,-0.00468614,0.34078,-0.3358,-0.336659,0.0634274,0.0193836,-0.0041073
0.0692211,-0.00640706,0.00534715,0.218212,-0.218769,-0.219146,0.354574,0.00566018,0.0172676,0.218212,0.00316088,-0.00524474,0.354574,-0.349033,-0.350305,0.0692211,0.00670189,-0.00527338
0.0750148,0.0130449,0.00648526,0.232051,-0.232586,-0.233072,0.368367,0.00374155,0.0178018,0.232051,-0.00856621,-0.00580333,0.368367,-0.362448,-0.363951,0.0750148,-0.0145381,-0.00643945
0.0808085,0.0100921,0.00762336,0.24589,-0.246719,-0.246998,0.382161,0.00254077,0.0183361,0.24589,-0.0151568,-0.00636193,0.382161,-0.376051,-0.377597,0.0808085,-0.0127764,-0.00760553
0.0866022,-0.00747165,0.00876146,0.259728,-0.261074,-0.260925,0.395955,0.00208959,0.0188703,0.259728,-0.0168388,-0.00692053,0.395955,-0.389847,-0.391243,0.0866022,0.00474728,-0.00877161
0.0923959,-0.0257988,0.00989956,0.273567,-0.275421,-0.274851,0.409748,0.00211714,0.0194045,0.273567,-0.0184136,-0.00747913,0.409748,-0.403766,-0.404889,0.0923959,0.024234,-0.00993768
0.0981896,-0.0258478,0.0110377,0.287406,-0.289548,-0.288777,0.423542,0.00247067,0.0199388,0.287406,-0.024447,-0.00803773,0.423542,-0.417767,-0.418535,0.0981896,0.0259844,-0.0111038
0.103983,-0.00192327,0.0121758,0.301245,-0.303412,-0.302703,0.437336,0.00350577,0.020473,0.301245,-0.0350095,-0.00859633,0.437336,-0.431937,-0.432181,0.103983,0.0036093,-0.0122698
0.109777,0.0202363,0.0133139,0.315084,-0.317119,-0.316629,0.451129,0.00508703,0.0210072,0.315084,-0.0465076,-0.00915492,0.451129,-0.446235,-0.445827,0.109777,-0.0176921,-0.0134359
0.115571,0.0189253,0.014452,0.328923,-0.330775,-0.330556,0.464923,0.0066683,0.0215414,0.328923,-0.0551241,-0.00971352,0.464923,-0.460534,-0.459473,0.115571,-0.0165585,-0.014602
0.121364,-0.00126437,0.0155901,0.342762,-0.344492,-0.344482,0.478717,0.00861193,0.0220757,0.342762,-0.0569943,-0.0102721,0.478717,-0.47491,-0.473119,0.121364,0.00271912,-0.0157681
0.127158,-0.0304436,0.0167282,0.356601,-0.358325,-0.358408,0.49251,0.0107413,0.0226099,0.356601,-0.0514831,-0.0108307,0.49251,-0.489325,-0.486765,0.127158,0.0306724,-0.0169341
0.132952,-0.0581399,0.0178663,0.37044,-0.372284,-0.372334,0.506304,0.0124539,0.0231441,0.37044,-0.0404384,-0.0113893,0.506304,-0.503511,-0.500411,0.132952,0.0572716,-0.0181002
0.138745,-0.0744036,0.0190044,0.384278,-0.386353,-0.386261,0.520097,0.0141092,0.0236784,0.384278,-0.0272375,-0.0119479,0.520097,-0.517666,-0.514058,0.138745,0.0729884,-0.0192663
0.144539,-0.0792916,0.0201425,0.398117,-0.400525,-0.400187,0.533891,0.0157646,0.0242126,0.398117,-0.0149734,-0.0125065,0.533891,-0.53182,-0.527704,0.144539,0.0778475,-0.0204324
0.150333,-0.073224,0.0212806,0.411956,-0.414786,-0.414113,0.547685,0.0174199,0.0247468,0.411956,-0.00667511,-0.0130651,0.547685,-0.545974,-0.54135,0.150333,0.0722146,-0.0215984
0.156126,-0.062128,0.0224187,0.425795,-0.429123,-0.428039,0.561478,0.0190752,0.025281,0.425795,-0.00484406,-0.0136237,0.561478,-0.560128,-0.554996,0.156126,0.0617356,-0.0227645
0.16192,-0.0485313,0.0235568,0.439634,-0.443507,-0.441965,0.575272,0.0207306,0.0258153,0.439634,-0.00909987,-0.0141823,0.575272,-0.574283,-0.568642,0.16192,0.048781,-0.0239306
0.167714,-0.0364631,0.0246949,0.453473,-0.4579,-0.455892,0.589066,0.0223859,0.0263495,0.453473,-0.0180948,-0.0147409,0.589066,-0.588437,-0.582288,0.167714,0.0371621,-0.0250967
0.173508,-0.0292099,0.025833,0.467312,-0.47225,-0.469818,0.602859,0.0240412,0.0268837,0.467312,-0.0304787,-0.0152995,0.602859,-0.602591,-0.595934,0.173508,0.0300037,-0.0262628
0.179301,-0.0270825,0.0269711,0.481151,-0.486508,-0.483744,0.616653,0.0256966,0.027418,0.481151,-0.0446807,-0.0158581,0.616653,-0.616745,-0.60958,0.179301,0.0276276,-0.0274288
0.185095,-0.0301968,0.0281092,0.49499,-0.500748,-0.49767,0.630447,0.0273519,0.0279522,0.49499,-0.0588837,-0.0164167,0.630447,-0.6309,-0.623226,0.185095,0.0301781,-0.0285949
0.190889,-0.0369887,0.0292473,0.508828,-0.514601,-0.511597,0.64424,0.0290073,0.0284864,0.508828,-0.0691126,-0.0169753,0.64424,-0.645054,-0.636872,0.190889,0.036219,-0.029761
0.196682,-0.0474144,0.0303854,0.522667,-0.52836,-0.525523,0.658034,0.029001,0.0290206,0.522667,-0.0779572,-0.0175339,0.658034,-0.658643,-0.650518,0.196682,0.0457616,-0.0309271
0.202476,-0.0598569,0.0315235,0.536506,-0.54212,-0.539449,0.671828,0.0279189,0.0295549,0.536506,-0.0868018,-0.0180925,0.671828,-0.671876,-0.664164,0.202476,0.0573056,-0.0320931
0.20827,-0.0739544,0.0326616,0.550345,-0.555585,-0.553375,0.685621,0.0260034,0.0300891,0.550345,-0.0892679,-0.0186511,0.685621,-0.684847,-0.67781,0.20827,0.0707022,-0.0332592
0.214063,-0.0885023,0.0337997,0.564184,-0.568538,-0.567302,0.699415,0.0229568,0.0306233,0.564184,-0.0806406,-0.0192097,0.699415,-0.697463,-0.691456,0.214063,0.0846307,-0.0344253
0.219857,-0.10305,0.0349378,0.578023,-0.581491,-0.581228,0.713209,0.0199102,0.0311576,0.578023,-0.0720134,-0.0197683,0.713209,-0.710079,-0.705102,0.219857,0.0985592,-0.0355914
0.225651,-0.11688,0.0360759,0.591862,-0.593943,-0.595154,0.727002,0.0153872,0.0316918,0.591862,-0.0505197,-0.0203269,0.727002,-0.722239,-0.718748,0.225651,0.112119,-0.0367574
0.231445,-0.12884,0.037214,0.605701,-0.605846,-0.60908,0.740796,0.00993162,0.032226,0.605701,-0.014183,-0.0208855,0.740796,-0.73411,-0.732394,0.231445,0.124317,-0.0379235
0.237238,-0.138377,0.0383521,0.61954,-0.617549,-0.623006,0.75459,0.00447609,0.0327602,0.61954,0.0276975,-0.0214441,0.75459,-0.74598,-0.74604,0.237238,0.134555,-0.0390896
