standEta_A1_abscissa,standEta_A1_cdf,standEta_tau1_abscissa,standEta_tau1_cdf,standEta_A2_abscissa,standEta_A2_cdf,standEta_tau2_abscissa,standEta_tau2_cdf,standEta_I0_abscissa,standEta_I0_cdf,split
-4,0,-4,0,-4,0,-4,0,-4,0,All
-2.55943,0.005,-2.67912,0.005,-2.66457,0.005,-2.48589,0.005,-2.65172,0.005,All
-2.51733,0.01,-2.28996,0.01,-2.2891,0.01,-2.48386,0.01,-2.63426,0.01,All
-2.48786,0.015,-2.20905,0.015,-2.24682,0.015,-2.15778,0.015,-2.6304,0.015,All
-2.44822,0.02,-2.19873,0.02,-2.01487,0.02,-2.12353,0.02,-2.61442,0.02,All
-2.03476,0.025,-1.98993,0.025,-1.96835,0.025,-2.1163,0.025,-2.40701,0.025,All
-1.83624,0.03,-1.98127,0.03,-1.95821,0.03,-2.1052,0.03,-2.29133,0.03,All
-1.83156,0.035,-1.9602,0.035,-1.91719,0.035,-2.06151,0.035,-2.2808,0.035,All
-1.70844,0.04,-1.94163,0.04,-1.91679,0.04,-1.93113,0.04,-2.06163,0.04,All
-1.69469,0.045,-1.91519,0.045,-1.89586,0.045,-1.86687,0.045,-1.95733,0.045,All
-1.68976,0.05,-1.74254,0.05,-1.86922,0.05,-1.79448,0.05,-1.86894,0.05,All
-1.67794,0.055,-1.72882,0.055,-1.8562,0.055,-1.76203,0.055,-1.85114,0.055,All
-1.65163,0.06,-1.72478,0.06,-1.83165,0.06,-1.74672,0.06,-1.70517,0.06,All
-1.59521,0.065,-1.64,0.065,-1.7163,0.065,-1.74252,0.065,-1.30349,0.065,All
-1.58654,0.07,-1.60948,0.07,-1.62831,0.07,-1.60395,0.07,-1.25976,0.07,All
-1.48631,0.075,-1.60626,0.075,-1.61341,0.075,-1.56904,0.075,-1.21555,0.075,All
-1.46973,0.08,-1.46482,0.08,-1.56156,0.08,-1.54428,0.08,-1.16278,0.08,All
-1.43628,0.085,-1.45372,0.085,-1.50122,0.085,-1.47553,0.085,-1.11605,0.085,All
-1.42349,0.09,-1.4242,0.09,-1.49909,0.09,-1.42891,0.09,-1.09697,0.09,All
-1.41471,0.095,-1.38026,0.095,-1.47693,0.095,-1.41512,0.095,-1.00676,0.095,All
-1.40822,0.1,-1.37141,0.1,-1.43407,0.1,-1.37765,0.1,-0.997416,0.1,All
-1.37407,0.105,-1.36399,0.105,-1.32577,0.105,-1.18831,0.105,-0.994542,0.105,All
-1.35129,0.11,-1.36308,0.11,-1.31894,0.11,-1.18565,0.11,-0.958194,0.11,All
-1.31346,0.115,-1.34439,0.115,-1.26075,0.115,-1.14434,0.115,-0.92509,0.115,All
-1.15098,0.12,-1.2861,0.12,-1.25676,0.12,-1.13792,0.12,-0.912714,0.12,All
-1.1408,0.125,-1.27749,0.125,-1.23669,0.125,-1.12846,0.125,-0.893942,0.125,All
-1.09597,0.13,-1.26321,0.13,-1.22668,0.13,-1.12309,0.13,-0.871314,0.13,All
-1.03218,0.135,-1.21263,0.135,-1.22236,0.135,-1.10154,0.135,-0.871048,0.135,All
-1.01109,0.14,-1.17479,0.14,-1.20176,0.14,-1.08262,0.14,-0.828231,0.14,All
-0.984813,0.145,-1.02633,0.145,-1.18393,0.145,-1.06114,0.145,-0.81082,0.145,All
-0.980083,0.15,-0.993942,0.15,-1.18223,0.15,-1.02155,0.15,-0.79069,0.15,All
-0.978485,0.155,-0.991231,0.155,-1.18167,0.155,-0.969636,0.155,-0.780008,0.155,All
-0.972554,0.16,-0.86749,0.16,-1.14749,0.16,-0.93801,0.16,-0.765395,0.16,All
-0.965122,0.165,-0.857874,0.165,-1.11323,0.165,-0.929618,0.165,-0.756913,0.165,All
-0.951145,0.17,-0.856511,0.17,-1.04963,0.17,-0.927458,0.17,-0.750442,0.17,All
-0.931338,0.175,-0.829219,0.175,-1.04507,0.175,-0.924332,0.175,-0.735842,0.175,All
-0.852465,0.18,-0.821414,0.18,-1.03144,0.18,-0.900832,0.18,-0.720539,0.18,All
-0.84943,0.185,-0.819596,0.185,-1.01169,0.185,-0.844872,0.185,-0.708344,0.185,All
-0.849214,0.19,-0.801456,0.19,-0.997824,0.19,-0.831805,0.19,-0.683259,0.19,All
-0.848839,0.195,-0.788858,0.195,-0.994717,0.195,-0.815836,0.195,-0.6627,0.195,All
-0.848218,0.2,-0.784631,0.2,-0.971534,0.2,-0.794217,0.2,-0.65359,0.2,All
-0.814346,0.205,-0.775034,0.205,-0.94932,0.205,-0.790173,0.205,-0.649734,0.205,All
-0.802877,0.21,-0.73276,0.21,-0.948899,0.21,-0.73147,0.21,-0.637884,0.21,All
-0.801664,0.215,-0.68101,0.215,-0.943884,0.215,-0.718618,0.215,-0.612199,0.215,All
-0.796415,0.22,-0.655225,0.22,-0.938406,0.22,-0.701764,0.22,-0.61182,0.22,All
-0.792541,0.225,-0.638431,0.225,-0.929251,0.225,-0.697803,0.225,-0.596628,0.225,All
-0.791393,0.23,-0.637662,0.23,-0.892209,0.23,-0.695732,0.23,-0.57569,0.23,All
-0.78656,0.235,-0.620093,0.235,-0.888074,0.235,-0.682593,0.235,-0.561985,0.235,All
-0.782722,0.24,-0.614099,0.24,-0.872902,0.24,-0.660009,0.24,-0.546411,0.24,All
-0.757717,0.245,-0.57699,0.245,-0.87187,0.245,-0.656298,0.245,-0.532363,0.245,All
-0.755711,0.25,-0.575352,0.25,-0.864046,0.25,-0.577789,0.25,-0.505528,0.25,All
-0.745842,0.255,-0.567631,0.255,-0.835667,0.255,-0.576979,0.255,-0.502608,0.255,All
-0.72239,0.26,-0.553045,0.26,-0.829839,0.26,-0.570892,0.26,-0.489431,0.26,All
-0.680164,0.265,-0.552675,0.265,-0.783459,0.265,-0.563426,0.265,-0.480069,0.265,All
-0.667453,0.27,-0.546464,0.27,-0.763881,0.27,-0.557154,0.27,-0.464363,0.27,All
-0.658146,0.275,-0.530602,0.275,-0.747723,0.275,-0.550136,0.275,-0.458623,0.275,All
-0.581045,0.28,-0.519562,0.28,-0.743959,0.28,-0.549594,0.28,-0.446982,0.28,All
-0.575264,0.285,-0.518093,0.285,-0.741388,0.285,-0.523374,0.285,-0.446388,0.285,All
-0.569251,0.29,-0.491105,0.29,-0.735939,0.29,-0.519294,0.29,-0.44063,0.29,All
-0.523324,0.295,-0.489501,0.295,-0.719573,0.295,-0.509608,0.295,-0.430756,0.295,All
-0.482866,0.3,-0.483961,0.3,-0.680048,0.3,-0.493306,0.3,-0.417069,0.3,All
-0.477027,0.305,-0.479444,0.305,-0.670214,0.305,-0.49084,0.305,-0.407099,0.305,All
-0.453833,0.31,-0.47318,0.31,-0.638209,0.31,-0.485201,0.31,-0.40047,0.31,All
-0.453162,0.315,-0.455978,0.315,-0.605001,0.315,-0.477277,0.315,-0.384298,0.315,All
-0.408361,0.32,-0.45248,0.32,-0.597303,0.32,-0.470902,0.32,-0.374295,0.32,All
-0.393436,0.325,-0.443996,0.325,-0.593005,0.325,-0.445829,0.325,-0.318999,0.325,All
-0.390344,0.33,-0.437892,0.33,-0.592414,0.33,-0.445458,0.33,-0.316786,0.33,All
-0.375939,0.335,-0.42318,0.335,-0.577197,0.335,-0.411631,0.335,-0.312741,0.335,All
-0.348652,0.34,-0.418291,0.34,-0.558902,0.34,-0.39297,0.34,-0.307217,0.34,All
-0.32486,0.345,-0.408675,0.345,-0.54663,0.345,-0.360254,0.345,-0.302428,0.345,All
-0.312039,0.35,-0.401242,0.35,-0.541661,0.35,-0.360099,0.35,-0.281961,0.35,All
-0.296117,0.355,-0.392008,0.355,-0.516253,0.355,-0.359409,0.355,-0.26987,0.355,All
-0.283509,0.36,-0.381977,0.36,-0.5154,0.36,-0.356127,0.36,-0.269461,0.36,All
-0.27929,0.365,-0.353417,0.365,-0.506297,0.365,-0.349958,0.365,-0.246262,0.365,All
-0.25419,0.37,-0.289057,0.37,-0.494483,0.37,-0.329612,0.37,-0.211278,0.37,All
-0.238731,0.375,-0.277478,0.375,-0.464585,0.375,-0.317976,0.375,-0.210343,0.375,All
-0.2139,0.38,-0.252482,0.38,-0.455985,0.38,-0.317068,0.38,-0.205422,0.38,All
-0.19845,0.385,-0.240777,0.385,-0.427426,0.385,-0.31163,0.385,-0.202263,0.385,All
-0.181904,0.39,-0.19728,0.39,-0.42224,0.39,-0.295002,0.39,-0.200543,0.39,All
-0.171218,0.395,-0.185155,0.395,-0.417588,0.395,-0.272334,0.395,-0.19758,0.395,All
-0.162819,0.4,-0.17949,0.4,-0.401325,0.4,-0.266975,0.4,-0.196154,0.4,All
-0.156719,0.405,-0.165433,0.405,-0.385768,0.405,-0.250374,0.405,-0.194244,0.405,All
-0.153451,0.41,-0.160867,0.41,-0.341587,0.41,-0.248403,0.41,-0.179955,0.41,All
-0.139768,0.415,-0.147177,0.415,-0.337099,0.415,-0.228521,0.415,-0.178427,0.415,All
-0.132316,0.42,-0.135954,0.42,-0.324614,0.42,-0.220162,0.42,-0.156141,0.42,All
-0.109065,0.425,-0.12746,0.425,-0.318892,0.425,-0.219123,0.425,-0.147434,0.425,All
-0.0703337,0.43,-0.117668,0.43,-0.307801,0.43,-0.201994,0.43,-0.143681,0.43,All
-0.0681594,0.435,-0.116765,0.435,-0.301429,0.435,-0.196689,0.435,-0.134169,0.435,All
-0.0495779,0.44,-0.108951,0.44,-0.286818,0.44,-0.188586,0.44,-0.133223,0.44,All
-0.0479141,0.445,-0.095705,0.445,-0.27102,0.445,-0.0905844,0.445,-0.103781,0.445,All
-0.0336509,0.45,-0.0845389,0.45,-0.269226,0.45,-0.0791938,0.45,-0.0968036,0.45,All
-0.0325355,0.455,-0.0714146,0.455,-0.232968,0.455,-0.0768873,0.455,-0.0911886,0.455,All
0.011906,0.46,-0.0707319,0.46,-0.195891,0.46,-0.0545597,0.46,-0.089529,0.46,All
0.0132482,0.465,-0.0681984,0.465,-0.194761,0.465,-0.0539572,0.465,-0.0831749,0.465,All
0.021092,0.47,-0.0591725,0.47,-0.19268,0.47,-0.0297106,0.47,-0.0797509,0.47,All
0.0223193,0.475,-0.0524686,0.475,-0.181326,0.475,-0.0170863,0.475,-0.0701693,0.475,All
0.0263111,0.48,-0.0413646,0.48,-0.177715,0.48,-0.0157907,0.48,-0.0597713,0.48,All
0.0401637,0.485,-0.0282249,0.485,-0.17325,0.485,-0.00883648,0.485,-0.0419741,0.485,All
0.0417077,0.49,0.0233228,0.49,-0.168328,0.49,-0.00568555,0.49,-0.0139384,0.49,All
0.057364,0.495,0.02372,0.495,-0.16601,0.495,0.00221707,0.495,0.00375942,0.495,All
0.0752025,0.5,0.0293474,0.5,-0.149049,0.5,0.0268214,0.5,0.0225014,0.5,All
0.0775562,0.505,0.0437124,0.505,-0.123952,0.505,0.0352176,0.505,0.0271356,0.505,All
0.0872834,0.51,0.0885937,0.51,-0.113431,0.51,0.0490751,0.51,0.0308165,0.51,All
0.0947274,0.515,0.0927604,0.515,-0.106095,0.515,0.0571629,0.515,0.0426232,0.515,All
0.103965,0.52,0.0938892,0.52,-0.0995823,0.52,0.0591484,0.52,0.0461611,0.52,All
0.113488,0.525,0.104764,0.525,-0.0912229,0.525,0.0630623,0.525,0.0465341,0.525,All
0.122693,0.53,0.122996,0.53,-0.070522,0.53,0.0854966,0.53,0.0570709,0.53,All
0.145536,0.535,0.131905,0.535,-0.0677246,0.535,0.104413,0.535,0.0619555,0.535,All
0.1824,0.54,0.136762,0.54,-0.0476586,0.54,0.105552,0.54,0.0673726,0.54,All
0.194318,0.545,0.144383,0.545,-0.0444454,0.545,0.116531,0.545,0.0821455,0.545,All
0.194777,0.55,0.172027,0.55,-0.042759,0.55,0.123696,0.55,0.0833806,0.55,All
0.199624,0.555,0.180284,0.555,-0.00492531,0.555,0.162461,0.555,0.0884915,0.555,All
0.235163,0.56,0.188279,0.56,0.0220303,0.56,0.177048,0.56,0.098873,0.56,All
0.246999,0.565,0.191881,0.565,0.0656109,0.565,0.18844,0.565,0.101276,0.565,All
0.251622,0.57,0.201165,0.57,0.0714627,0.57,0.214967,0.57,0.107784,0.57,All
0.256769,0.575,0.208026,0.575,0.0802225,0.575,0.216235,0.575,0.13178,0.575,All
0.259092,0.58,0.218208,0.58,0.0824269,0.58,0.228531,0.58,0.138154,0.58,All
0.261876,0.585,0.222103,0.585,0.115871,0.585,0.256197,0.585,0.164624,0.585,All
0.267662,0.59,0.25984,0.59,0.145151,0.59,0.263505,0.59,0.170827,0.59,All
0.290539,0.595,0.273987,0.595,0.152531,0.595,0.275431,0.595,0.200195,0.595,All
0.298091,0.6,0.295372,0.6,0.154066,0.6,0.278815,0.6,0.216078,0.6,All
0.316554,0.605,0.29969,0.605,0.154994,0.605,0.301868,0.605,0.218924,0.605,All
0.317903,0.61,0.353761,0.61,0.156057,0.61,0.310736,0.61,0.24542,0.61,All
0.319416,0.615,0.354398,0.615,0.156719,0.615,0.31685,0.615,0.247941,0.615,All
0.321137,0.62,0.377772,0.62,0.172449,0.62,0.317522,0.62,0.248343,0.62,All
0.344552,0.625,0.384453,0.625,0.202722,0.625,0.317805,0.625,0.253304,0.625,All
0.368747,0.63,0.406753,0.63,0.283333,0.63,0.328562,0.63,0.271719,0.63,All
0.383637,0.635,0.448572,0.635,0.28571,0.635,0.339692,0.635,0.275655,0.635,All
0.383988,0.64,0.474034,0.64,0.317612,0.64,0.363963,0.64,0.27976,0.64,All
0.385448,0.645,0.476902,0.645,0.319988,0.645,0.384598,0.645,0.284423,0.645,All
0.394186,0.65,0.492465,0.65,0.324649,0.65,0.419148,0.65,0.297153,0.65,All
0.445435,0.655,0.496935,0.655,0.327426,0.655,0.428234,0.655,0.300839,0.655,All
0.46408,0.66,0.511555,0.66,0.333063,0.66,0.431588,0.66,0.318013,0.66,All
0.465582,0.665,0.522369,0.665,0.357654,0.665,0.457591,0.665,0.330074,0.665,All
0.470876,0.67,0.562512,0.67,0.361341,0.67,0.485902,0.67,0.330238,0.67,All
0.503012,0.675,0.572697,0.675,0.375402,0.675,0.490431,0.675,0.331712,0.675,All
0.512731,0.68,0.574197,0.68,0.379905,0.68,0.492477,0.68,0.338881,0.68,All
0.533618,0.685,0.581768,0.685,0.385689,0.685,0.553361,0.685,0.349258,0.685,All
0.549728,0.69,0.600133,0.69,0.396717,0.69,0.577328,0.69,0.357388,0.69,All
0.577762,0.695,0.613488,0.695,0.403312,0.695,0.579532,0.695,0.357925,0.695,All
0.580159,0.7,0.613929,0.7,0.403543,0.7,0.581992,0.7,0.362123,0.7,All
0.59285,0.705,0.625669,0.705,0.421652,0.705,0.598198,0.705,0.378048,0.705,All
0.594649,0.71,0.62741,0.71,0.437764,0.71,0.603833,0.71,0.380662,0.71,All
0.604164,0.715,0.647544,0.715,0.444331,0.715,0.630702,0.715,0.421403,0.715,All
0.607539,0.72,0.665239,0.72,0.454182,0.72,0.65184,0.72,0.424275,0.72,All
0.608159,0.725,0.672569,0.725,0.458425,0.725,0.652106,0.725,0.453877,0.725,All
0.610267,0.73,0.675392,0.73,0.476659,0.73,0.656793,0.73,0.470738,0.73,All
0.637188,0.735,0.677038,0.735,0.486789,0.735,0.660797,0.735,0.485876,0.735,All
0.643037,0.74,0.684462,0.74,0.494529,0.74,0.676402,0.74,0.557256,0.74,All
0.707551,0.745,0.684551,0.745,0.496819,0.745,0.69829,0.745,0.573476,0.745,All
0.735131,0.75,0.715395,0.75,0.501277,0.75,0.711344,0.75,0.574581,0.75,All
0.746838,0.755,0.728868,0.755,0.547312,0.755,0.723484,0.755,0.599877,0.755,All
0.757259,0.76,0.729657,0.76,0.563505,0.76,0.728862,0.76,0.605826,0.76,All
0.778951,0.765,0.747949,0.765,0.619858,0.765,0.76737,0.765,0.630397,0.765,All
0.797802,0.77,0.74948,0.77,0.625777,0.77,0.777761,0.77,0.630616,0.77,All
0.798339,0.775,0.753369,0.775,0.648522,0.775,0.792256,0.775,0.709981,0.775,All
0.824492,0.78,0.754591,0.78,0.655175,0.78,0.81721,0.78,0.763601,0.78,All
0.893538,0.785,0.768911,0.785,0.669867,0.785,0.822497,0.785,0.764724,0.785,All
0.897171,0.79,0.833916,0.79,0.721869,0.79,0.823358,0.79,0.768158,0.79,All
0.912385,0.795,0.934303,0.795,0.726633,0.795,0.834915,0.795,0.835079,0.795,All
0.921358,0.8,0.951438,0.8,0.755653,0.8,0.843666,0.8,0.836433,0.8,All
0.927095,0.805,0.951497,0.805,0.793953,0.805,0.855482,0.805,0.846568,0.805,All
0.929769,0.81,0.971881,0.81,0.8086,0.81,0.86617,0.81,0.867141,0.81,All
0.947818,0.815,0.976095,0.815,0.838835,0.815,0.887035,0.815,0.879037,0.815,All
0.948541,0.82,0.978771,0.82,0.929898,0.82,0.900146,0.82,0.89094,0.82,All
0.956437,0.825,0.98463,0.825,0.965765,0.825,0.955423,0.825,0.892962,0.825,All
0.976945,0.83,1.03939,0.83,1.01345,0.83,0.97102,0.83,0.894312,0.83,All
0.998212,0.835,1.05989,0.835,1.03949,0.835,1.00191,0.835,1.00558,0.835,All
1.00624,0.84,1.10397,0.84,1.04387,0.84,1.02519,0.84,1.00782,0.84,All
1.02584,0.845,1.11807,0.845,1.06651,0.845,1.0481,0.845,1.01637,0.845,All
1.0619,0.85,1.13025,0.85,1.0981,0.85,1.10725,0.85,1.04849,0.85,All
1.06409,0.855,1.15164,0.855,1.11018,0.855,1.15312,0.855,1.06497,0.855,All
1.06528,0.86,1.16765,0.86,1.11563,0.86,1.24149,0.86,1.10161,0.86,All
1.06788,0.865,1.30516,0.865,1.17541,0.865,1.24534,0.865,1.11547,0.865,All
1.17068,0.87,1.30828,0.87,1.18482,0.87,1.26127,0.87,1.13856,0.87,All
1.17418,0.875,1.40315,0.875,1.18591,0.875,1.26445,0.875,1.15236,0.875,All
1.22731,0.88,1.42099,0.88,1.19924,0.88,1.28332,0.88,1.16475,0.88,All
1.26854,0.885,1.44002,0.885,1.24182,0.885,1.2986,0.885,1.18641,0.885,All
1.28398,0.89,1.44929,0.89,1.2566,0.89,1.32623,0.89,1.1941,0.89,All
1.31699,0.895,1.45904,0.895,1.2627,0.895,1.38672,0.895,1.21197,0.895,All
1.3217,0.9,1.45965,0.9,1.26813,0.9,1.40043,0.9,1.21308,0.9,All
1.32873,0.905,1.46988,0.905,1.34477,0.905,1.47945,0.905,1.23796,0.905,All
1.33916,0.91,1.51906,0.91,1.37677,0.91,1.49169,0.91,1.24191,0.91,All
1.34079,0.915,1.52139,0.915,1.37819,0.915,1.52912,0.915,1.25578,0.915,All
1.43126,0.92,1.52796,0.92,1.40734,0.92,1.52927,0.92,1.3063,0.92,All
1.44143,0.925,1.56939,0.925,1.43865,0.925,1.53178,0.925,1.35801,0.925,All
1.54399,0.93,1.58206,0.93,1.48502,0.93,1.54892,0.93,1.39234,0.93,All
1.63878,0.935,1.58675,0.935,1.56519,0.935,1.69161,0.935,1.48386,0.935,All
1.73707,0.94,1.59929,0.94,1.65108,0.94,1.69545,0.94,1.48448,0.94,All
1.75519,0.945,1.61198,0.945,1.68571,0.945,1.69704,0.945,1.48579,0.945,All
1.76873,0.95,1.62875,0.95,1.70127,0.95,1.70529,0.95,1.53881,0.95,All
1.80939,0.955,1.72229,0.955,1.70512,0.955,1.70759,0.955,1.54918,0.955,All
1.84074,0.96,1.73094,0.96,1.75565,0.96,1.7349,0.96,1.55072,0.96,All
1.94205,0.965,1.92779,0.965,1.76998,0.965,1.78146,0.965,1.62899,0.965,All
1.94516,0.97,2.01559,0.97,1.88144,0.97,1.8599,0.97,1.69645,0.97,All
2.09765,0.975,2.02028,0.975,1.99477,0.975,1.86975,0.975,1.73043,0.975,All
2.19572,0.98,2.10708,0.98,2.0599,0.98,2.26445,0.98,1.86485,0.98,All
2.21699,0.985,2.27918,0.985,2.18671,0.985,2.28374,0.985,1.93095,0.985,All
2.51533,0.99,2.34875,0.99,2.33689,0.99,2.51705,0.99,1.98191,0.99,All
2.54663,0.995,2.36597,0.995,2.77496,0.995,2.53982,0.995,2.06489,0.995,All
2.56568,1,2.37484,1,2.87936,1,2.55514,1,2.11278,1,All
4,1,4,1,4,1,4,1,4,1,All
