rep,ID,standEta_A1_simulated,standEta_tau1_simulated,standEta_A2_simulated,standEta_tau2_simulated,standEta_I0_simulated,filter
1,1,-1.48631,1.73094,-1.47693,1.78146,0.867141,0
2,1,0.251622,0.144383,-0.307801,0.0571629,0.0465341,0
3,1,-0.78656,-0.165433,0.375402,0.0490751,-0.202263,0
4,1,0.199624,-0.381977,0.454182,-0.359409,-0.196154,0
5,1,1.3217,-0.857874,0.501277,-1.02155,-0.750442,0
6,1,0.246999,0.600133,-0.835667,0.431588,0.247941,0
7,1,-0.667453,-0.784631,1.24182,-0.485201,-0.489431,0
8,1,0.298091,0.131905,-0.42224,0.0352176,0.216078,0
9,1,-0.680164,0.625669,-0.494483,0.676402,0.331712,0
10,1,0.465582,-0.991231,1.0981,-0.924332,-0.596628,0
1,2,0.394186,1.16765,-1.56156,0.86617,1.69645,0
2,2,1.06409,-0.68101,0.327426,-0.815836,1.10161,0
3,2,0.947818,-1.46482,1.48502,-1.42891,0.24542,0
4,2,1.44143,-2.20905,2.33689,-2.15778,-0.19758,0
5,2,1.63878,-0.620093,0.172449,-0.900832,0.764724,0
6,2,2.51533,-2.28996,1.76998,-2.48589,-0.210343,0
7,2,2.54663,-1.60948,0.965765,-1.93113,0.098873,0
8,2,0.798339,-1.72478,1.88144,-1.60395,0.300839,0
9,2,-0.523324,-0.856511,1.2566,-0.577789,0.892962,0
10,2,-0.755711,-0.655225,1.18482,-0.356127,0.879037,0
1,3,0.0223193,-1.36399,1.70127,-1.12309,-0.720539,0
2,3,-0.0495779,-0.819596,1.11563,-0.660009,-0.57569,0
3,3,-0.931338,0.522369,-0.269226,0.65184,0.218924,0
4,3,0.0401637,-1.38026,1.65108,-1.14434,-0.997416,0
5,3,-0.393436,-0.17949,0.357654,-0.0539572,-0.0911886,0
6,3,1.26854,-1.4242,1.19924,-1.47553,-1.16278,0
7,3,-0.27929,0.768911,-0.763881,0.69829,0.357925,0
8,3,0.122693,-0.546464,0.619858,-0.477277,-0.318999,0
9,3,-0.0325355,-2.19873,2.87936,-1.79448,-1.95733,0
10,3,0.927095,-1.45372,1.40734,-1.41512,-0.912714,0
1,4,0.0947274,0.476902,-0.735939,0.363963,-0.765395,0
2,4,-1.1408,0.613488,-0.286818,0.777761,-0.561985,0
3,4,-1.65163,1.62875,-1.23669,1.7349,-0.178427,0
4,4,1.02584,-0.240777,-0.106095,-0.445458,-1.30349,0
5,4,-0.965122,0.188279,0.0714627,0.384598,-0.735842,0
6,4,0.344552,0.511555,-0.680048,0.339692,-0.871048,0
7,4,0.319416,0.406753,-0.597303,0.256197,-0.92509,0
8,4,-0.575264,2.10708,-2.24682,1.86975,-0.211278,0
9,4,-0.482866,0.0885937,0.0802225,0.18844,-1.09697,0
10,4,-0.162819,0.754591,-0.864046,0.660797,-0.637884,0
1,5,-1.67794,1.58675,-1.20176,1.70759,-2.63426,0
2,5,-1.43628,1.44002,-1.11323,1.53178,-2.6304,0
3,5,-2.44822,2.34875,-1.91719,2.51705,-2.06163,0
4,5,-1.68976,1.56939,-1.26075,1.69161,-2.65172,0
5,5,-1.42349,1.44929,-1.18393,1.52927,-2.40701,0
6,5,-2.48786,2.36597,-1.96835,2.53982,-1.85114,0
7,5,-1.59521,1.59929,-1.31894,1.69545,-2.29133,0
8,5,-1.37407,1.45965,-1.22236,1.52912,-2.61442,0
9,5,-2.51733,2.37484,-1.91679,2.55514,-1.86894,0
10,5,-1.58654,1.61198,-1.32577,1.70529,-2.2808,0
1,6,1.00624,-0.095705,-0.232968,-0.317068,-0.958194,0
2,6,-1.70844,1.11807,-0.783459,1.32623,0.0821455,0
3,6,-0.390344,0.25984,-0.27102,0.301868,-0.546411,0
4,6,0.267662,-0.775034,0.8086,-0.701764,-0.994542,0
5,6,0.637188,1.72229,-2.2891,1.26127,0.0426232,0
6,6,-0.296117,0.951438,-0.938406,0.855482,-0.205422,0
7,6,0.610267,0.496935,-0.888074,0.263505,-0.26987,0
8,6,-0.852465,-0.552675,1.01345,-0.248403,-0.708344,0
9,6,-0.0336509,0.377772,-0.516253,0.31685,-0.307217,0
10,6,-0.408361,0.581768,-0.417588,0.577328,-0.246262,0
1,7,-1.83624,0.677038,0.154066,1.00191,0.138154,0
2,7,-0.72239,0.971881,-0.943884,0.97102,0.164624,0
3,7,-1.09597,0.647544,-0.455985,0.792256,0.0619555,0
4,7,-0.791393,1.58206,-1.7163,1.49169,0.453877,0
5,7,-1.41471,0.74948,-0.337099,0.955423,0.421403,0
6,7,-1.15098,1.92779,-1.86922,1.8599,0.768158,0
7,7,0.194318,0.562512,-0.670214,0.419148,-0.0831749,0
8,7,0.235163,-0.19728,0.156719,-0.219123,-0.612199,0
9,7,-1.01109,0.978771,-0.743959,1.0481,0.349258,0
10,7,0.0775562,0.747949,-0.87187,0.598198,0.0271356,0
1,8,0.956437,-0.73276,0.444331,-0.831805,0.357388,0
2,8,0.608159,-0.443996,0.319988,-0.509608,0.470738,0
3,8,0.261876,-0.42318,0.333063,-0.411631,0.318013,0
4,8,1.43126,0.976095,-1.83165,0.457591,0.709981,0
5,8,-0.453833,0.665239,-0.577197,0.656793,1.1941,0
6,8,0.46408,2.02028,-2.66457,1.54892,1.21197,0
7,8,0.824492,-0.0282249,-0.324614,-0.220162,0.835079,0
8,8,-0.801664,1.46988,-1.49909,1.40043,1.3063,0
9,8,1.76873,0.136762,-0.892209,-0.31163,0.362123,0
10,8,1.75519,-0.455978,-0.181326,-0.794217,0.284423,0
1,9,-0.757717,1.13025,-1.18167,1.10725,1.55072,0
2,9,-0.984813,0.729657,-0.427426,0.834915,1.53881,0
3,9,0.259092,-1.21263,1.2627,-1.06114,0.485876,0
4,9,0.103965,0.62741,-0.997824,0.485902,1.54918,0
5,9,0.0132482,1.51906,-1.8562,1.24534,1.48579,0
6,9,0.385448,0.0927604,-0.318892,-0.0170863,1.00558,0
7,9,-0.978485,0.104764,0.156057,0.317522,1.15236,0
8,9,0.057364,1.52139,-1.89586,1.24149,1.62899,0
9,9,-0.153451,0.833916,-0.929251,0.723484,1.48386,0
10,9,-0.972554,0.0938892,0.28571,0.310736,1.06497,0
1,10,-1.03218,1.10397,-0.994717,1.15312,0.0308165,0
2,10,1.32873,-1.2861,0.929898,-1.37765,-1.25976,0
3,10,0.59285,1.42099,-2.01487,1.02519,0.297153,0
4,10,0.778951,0.208026,-0.638209,-0.0157907,-0.374295,0
5,10,-1.83156,1.52796,-1.04507,1.69704,0.573476,0
6,10,0.549728,-0.277478,0.115871,-0.360254,-0.502608,0
7,10,0.194777,0.201165,-0.401325,0.116531,-0.0597713,0
8,10,-0.283509,-0.116765,0.202722,-0.0297106,-0.417069,0
9,10,0.912385,1.05989,-1.62831,0.652106,-0.089529,0
10,10,0.021092,0.715395,-0.948899,0.581992,0.170827,0
1,11,0.316554,-0.483961,0.494529,-0.470902,-0.134169,0
2,11,0.011906,-0.638431,1.03949,-0.523374,-0.6627,0
3,11,0.757259,-0.108951,-0.301429,-0.272334,-0.0139384,0
4,11,1.94205,-0.57699,-0.042759,-0.93801,-0.81082,0
5,11,1.28398,0.273987,-0.747723,-0.0768873,-0.143681,0
6,11,0.533618,0.672569,-0.94932,0.428234,0.378048,0
7,11,0.797802,-0.12746,-0.168328,-0.295002,0.0461611,0
8,11,1.22731,-0.47318,0.0824269,-0.682593,-0.458623,0
9,11,0.0752025,0.354398,-0.464585,0.275431,0.248343,0
10,11,0.383988,0.218208,-0.506297,0.0854966,0.0225014,0
1,12,0.512731,-0.519562,0.437764,-0.550136,-0.532363,0
2,12,-0.782722,1.30828,-1.25676,1.26445,0.630616,0
3,12,-1.46973,-0.0413646,0.625777,0.317805,0.0673726,0
4,12,0.577762,0.572697,-1.18223,0.328562,0.107784,0
5,12,-2.03476,0.295372,0.496819,0.728862,0.101276,0
6,12,0.503012,-0.160867,-0.0444454,-0.250374,-0.40047,0
7,12,-0.32486,-0.788858,1.11018,-0.570892,-0.179955,0
8,12,-0.581045,-0.408675,0.669867,-0.196689,-0.194244,0
9,12,-1.35129,1.40315,-1.14749,1.47945,0.557256,0
10,12,1.06528,0.29969,-0.829839,-0.00883648,-0.0419741,0
1,13,0.321137,0.02372,-0.194761,-0.0545597,0.846568,0
2,13,0.1824,0.180284,-0.149049,0.105552,0.89094,0
3,13,-0.156719,0.172027,-0.17325,0.177048,1.13856,0
4,13,0.290539,-0.392008,0.486789,-0.39297,0.380662,0
5,13,1.17418,-0.289057,-0.195891,-0.519294,0.275655,0
6,13,0.746838,-0.185155,-0.00492531,-0.329612,0.630397,0
7,13,1.94516,-1.34439,0.838835,-1.56904,-0.147434,0
8,13,1.0619,-0.86749,0.547312,-0.969636,0.330238,0
9,13,0.976945,-1.98993,2.18671,-1.86687,-0.649734,0
10,13,-1.31346,0.613929,-0.385768,0.81721,1.23796,0
1,14,-0.238731,0.191881,-0.0912229,0.214967,-1.21555,0
2,14,-1.40822,1.15164,-0.872902,1.28332,-0.65359,0
3,14,-0.792541,1.45904,-1.43407,1.38672,-0.446982,0
4,14,0.145536,0.384453,-0.592414,0.278815,-1.11605,0
5,14,-0.0479141,0.98463,-1.03144,0.822497,-0.780008,0
6,14,-0.109065,-0.829219,1.04387,-0.656298,-1.70517,0
7,14,-0.348652,0.574197,-0.5154,0.553361,-1.00676,0
8,14,-0.25419,0.951497,-1.04963,0.843666,-0.756913,0
9,14,-0.84943,0.684462,-0.558902,0.76737,-0.61182,0
10,14,-0.569251,0.934303,-1.01169,0.900146,-0.871314,0
1,15,0.707551,-0.117668,-0.113431,-0.266975,0.836433,0
2,15,0.0263111,0.0437124,-0.0677246,0.0268214,1.00782,0
3,15,0.643037,-0.479444,0.324649,-0.549594,0.763601,0
4,15,-0.375939,0.492465,-0.54663,0.490431,1.48448,0
5,15,0.607539,-1.26321,1.18591,-1.18565,0.330074,0
6,15,-0.848839,0.753369,-0.541661,0.823358,1.35801,0
7,15,-2.55943,2.01559,-1.61341,2.26445,1.98191,0
8,15,-0.745842,-0.147177,0.655175,0.0591484,1.04849,0
9,15,-0.658146,-0.0681984,0.421652,0.104413,1.21308,0
10,15,-0.139768,0.222103,-0.177715,0.216235,1.18641,0
1,16,0.594649,-0.0707319,-0.16601,-0.201994,1.73043,0
2,16,0.921358,-1.60626,1.43865,-1.54428,1.16475,0
3,16,-0.796415,-1.36308,2.0599,-0.927458,1.24191,0
4,16,0.580159,-0.0591725,-0.19268,-0.188586,1.86485,0
5,16,1.73707,-1.64,1.26813,-1.76203,0.894312,0
6,16,-0.814346,-1.37141,1.99477,-0.929618,1.25578,0
7,16,-0.312039,0.675392,-0.593005,0.630702,2.06489,0
8,16,0.0872834,-0.252482,0.317612,-0.228521,2.11278,0
9,16,-0.181904,-0.0524686,0.145151,0.00221707,1.93095,0
10,16,1.17068,-2.67912,2.77496,-2.48386,0.27976,0
1,17,0.0417077,-0.530602,0.721869,-0.445829,-0.312741,0
2,17,-0.980083,0.448572,-0.123952,0.603833,0.253304,0
3,17,0.604164,-0.418291,0.152531,-0.49084,-0.156141,0
4,17,-0.951145,1.30516,-1.50122,1.2986,1.01637,0
5,17,0.368747,-0.491105,0.396717,-0.493306,-0.316786,0
6,17,0.317903,-1.27749,1.37677,-1.12846,-0.505528,0
7,17,-0.0703337,0.684551,-0.741388,0.579532,0.605826,0
8,17,0.735131,0.122996,-0.605001,-0.0791938,0.13178,0
9,17,0.383637,-0.567631,0.458425,-0.557154,-0.0797509,0
10,17,0.113488,-0.993942,1.17541,-0.844872,-0.430756,0
1,18,0.929769,-1.17479,1.06651,-1.18831,-0.893942,0
2,18,1.06788,-0.575352,0.361341,-0.73147,0.0884915,0
3,18,-1.69469,2.27918,-1.95821,2.28374,1.11547,0
4,18,-0.453162,-0.518093,0.755653,-0.317976,-0.0701693,0
5,18,0.948541,0.474034,-0.971534,0.162461,0.338881,0
6,18,-0.132316,1.03939,-1.22668,0.887035,0.574581,0
7,18,-0.0681594,-0.135954,0.403543,-0.0905844,0.200195,0
8,18,0.256769,-0.353417,0.385689,-0.349958,-0.103781,0
9,18,1.84074,-0.801456,0.154994,-1.10154,-0.480069,0
10,18,0.897171,-0.437892,0.0656109,-0.576979,0.00375942,0
1,19,2.21699,-1.91519,1.34477,-2.1052,-0.281961,0
2,19,-0.477027,0.728868,-0.719573,0.711344,1.39234,0
3,19,2.56568,-0.637662,-0.341587,-1.13792,0.271719,0
4,19,2.19572,-1.94163,1.37819,-2.12353,-0.464363,0
5,19,0.893538,-0.614099,0.476659,-0.718618,0.424275,0
6,19,1.31699,-1.74254,1.68571,-1.74672,-0.446388,0
7,19,2.09765,-1.9602,1.56519,-2.1163,-0.44063,0
8,19,1.54399,-0.401242,-0.0995823,-0.697803,0.599877,0
9,19,1.34079,-1.72882,1.70512,-1.74252,-0.302428,0
10,19,1.80939,-1.98127,1.75565,-2.06151,-0.384298,0
1,20,-0.19845,0.0233228,0.0220303,0.0630623,0.0833806,0
2,20,-0.849214,0.0293474,0.403312,0.228531,-0.133223,0
3,20,-0.2139,-0.0714146,0.283333,-0.00568555,-0.200543,0
4,20,0.470876,-0.821414,0.793953,-0.790173,-0.828231,0
5,20,0.445435,-0.553045,0.379905,-0.563426,-0.269461,0
6,20,-0.171218,-0.489501,0.648522,-0.360099,-0.407099,0
7,20,-0.802877,-0.0845389,0.563505,0.123696,-0.0968036,0
8,20,0.998212,-1.02633,0.726633,-1.08262,-0.79069,0
9,20,-0.848218,0.353761,-0.070522,0.492477,0.0570709,0
10,20,1.33916,-0.45248,-0.0476586,-0.695732,-0.683259,0
