rep,id,eta_A1,eta_tau1,eta_I0
1,1,-0.270984167579954,0.558674696461885,0.0580148392072316
2,1,-0.0214670917366975,0.245330337587192,-0.0135567846019623
3,1,-0.111768561305386,0.123706094119084,0.0188160276759397
4,1,-0.318364223347872,1.05005133923485,0.0616211156091873
5,1,0.0102408600844008,-0.0842107520703398,-0.0118061661427457
6,1,-0.16919697475445,0.718118850889357,0.0347606161889832
7,1,0.267873540044529,-0.0757582273288084,-0.10413314014804
8,1,-0.0183190817902855,0.353063156992053,-0.00924690381769873
9,1,-0.066668942286612,0.227824620719538,0.0339408382462171
10,1,-0.136113932029273,0.0564288229118746,0.0443687195728111
1,2,0.167439880982493,-0.740586325273248,0.107849601098796
2,2,0.338102754868469,-0.73666821586136,0.040440185194542
3,2,0.116582298310378,0.0727832665955917,0.0971894256048083
4,2,0.045964068178988,-0.449538236347403,0.136571578875197
5,2,-0.0436154097471932,-0.178880932532196,0.153235518724399
6,2,0.280886930373762,-0.117692913226948,0.0583993149288176
7,2,0.0207306188684029,0.299294616924955,0.150687020130798
8,2,0.267340729703829,-1.04621291815818,0.07712867358891
9,2,0.300393139804561,-0.416337546381415,0.0412829440082661
10,2,0.00344078126746089,0.222191610510442,0.121667263119272
1,3,0.228720026028934,0.289714851649127,-0.0799370387808348
2,3,0.242988184848164,-0.573899435681735,-0.0551553777851559
3,3,0.230085636696106,0.0487705439041464,-0.0734016735651102
4,3,0.241994057059556,-0.390440965378359,-0.103387197011267
5,3,6.50275407101941e-6,-0.0778916258898685,0.0274783430605892
6,3,0.148418702154909,-0.485485660258274,-0.0659538154153162
7,3,0.239295471865049,-0.310044336200896,-0.105780497249472
8,3,0.120380152453775,-0.0226433734139075,-0.0425390664762665
9,3,0.129264349213685,-0.153006957700056,-0.0399467691812841
10,3,0.237285366938152,-0.550428028591449,-0.0924741370560896
1,4,0.0357522697059134,0.331658315985327,-0.127811707715864
2,4,-0.148620242888619,0.281410489450287,-0.0766163504037253
3,4,-0.173613451046764,0.149073551113908,-0.0868859846558177
4,4,-0.0395475684001217,0.0728685197352371,-0.0839088235898539
5,4,-0.192332248564667,0.223140533908117,-0.0701528601549211
6,4,-0.113542109214153,0.469162643966891,-0.110338860227045
7,4,0.0920686773235917,-0.0836656421989437,-0.160835316688404
8,4,-0.119707197922534,0.634555588892241,-0.0924227887454624
9,4,-0.0631282083104077,0.138883965997069,-0.0814691055961951
10,4,-0.184798717964828,-0.0868573652491539,-0.0512340345818943
1,5,-0.0176529062486398,-0.0290883241786901,-0.326137779611945
2,5,-0.0964157160186492,0.16512374968317,-0.341038837219982
3,5,-0.27443610674249,0.194386968658204,-0.308037245081817
4,5,-0.225714683320442,0.736973156605246,-0.300743758220366
5,5,-0.455861281371289,0.903689394064616,-0.207540507880259
6,5,-0.385750668820861,1.12176170840061,-0.240197272742867
7,5,-0.18949003678619,0.234763713960932,-0.312842936762386
8,5,-0.119618876470985,0.831221404990373,-0.291217270877901
9,5,-0.167129483003613,0.496475218379002,-0.332516571283459
10,5,-0.261359467104072,0.893059493002109,-0.254680142087599
1,6,-0.0971756853849336,0.5731653944841,-0.0309800715874434
2,6,-0.0325497311446822,0.330231076571075,-0.0416228139202307
3,6,-0.100700534253817,0.247371715666273,-0.0537486794264512
4,6,-0.211269158009134,0.85956128622424,0.00262612150569913
5,6,0.0312077737213792,-0.389219158867941,-0.0766512526549632
6,6,0.111234416767604,-0.211690273011842,-0.0589490075028882
7,6,-0.0266429127709425,0.597514859509169,-0.0544219315217808
8,6,-0.0882336528780742,0.249117076692267,-0.0657545690110345
9,6,-0.307848042696564,1.1979771446871,-0.000511993998696711
10,6,0.0228872038790707,-0.114019130799901,-0.0708525808978312
1,7,-0.0546638981011891,-0.479464571335258,-0.0209550472296606
2,7,-0.206945624218294,0.314160170647581,0.0458597196766829
3,7,0.0941184140842233,-0.112520142054956,-0.0458870752594542
4,7,-0.010509223242925,-0.2333950667744,-0.0223787904769368
5,7,0.120571422275664,-0.544643726978825,-0.0731649045858616
6,7,-0.244991898175269,0.348346493362275,0.0264954286416918
7,7,0.248117027935073,-0.621111218334014,-0.134181372372786
8,7,-0.0577214362765613,0.34274720738555,-0.0369516925296139
9,7,-0.0878141502831246,0.310973441550641,-0.00676972058834837
10,7,-0.118842967682482,0.119206405573984,-0.014792411639277
1,8,-0.0705109466819024,0.143314222453727,0.0693120424661131
2,8,-0.186324818918341,0.178078795529862,0.113926828011685
3,8,0.221255183817349,-0.266144677715395,-0.0152472931057082
4,8,0.147937936449744,-0.153356618432478,0.0281428223184143
5,8,0.0516955353218417,-0.341478162709808,0.0497868201667785
6,8,0.110228246579605,-0.292916160901453,0.0277137629855711
7,8,0.0235089854653448,0.159071907495284,0.0683605336182979
8,8,0.0832187675402787,0.0134090985959772,0.0443722994910383
9,8,-0.0303868059252314,0.0521873708137106,0.0946736526464925
10,8,0.0957849356255583,-0.233932311401685,0.0557799265751585
1,9,0.125863082279085,-0.440424800078979,0.0925949331181096
2,9,0.00468471832120976,-0.500377961221871,0.116146848949446
3,9,0.0183872508542998,0.0154287138164247,0.0999487082130389
4,9,-0.00540898515363836,-0.252702708453486,0.113270269774414
5,9,-0.27373709356507,0.814155573685969,0.15949723234297
6,9,0.0666498899635433,0.225057538183204,0.0877324582504705
7,9,0.100366654206044,-0.124221394251295,0.0934172124005528
8,9,-0.174957346502013,0.667160072637443,0.14762074557034
9,9,-0.164938388072662,0.154266388945489,0.159119121508683
10,9,-0.0983682532702441,0.0781211327467703,0.13517964978037
1,10,-0.0587037639851189,-0.0969513448011376,-0.0285981626232119
2,10,-0.221310887870645,0.16167673841078,0.0379681905678631
3,10,-0.178921732241737,-0.219054002461733,0.00560754618533347
4,10,-0.0974555727913532,0.224118291167159,-0.0119154462554596
5,10,-0.0200865781562716,0.0829813316161161,-0.0229540288216394
6,10,-0.0190200765635683,-0.50167779143903,-0.0315544362763261
7,10,0.0635554256653243,0.0573412475910335,-0.0756952441405258
8,10,-0.288480561729657,0.489500751899329,0.0307745510105084
9,10,0.0945345938871116,-0.245236539816794,-0.0822019708824018
10,10,-0.0627812873866814,-0.0601607649724115,-0.00476568113859933
1,11,-0.0181609738298546,-0.0084758342123728,0.00648232631013197
2,11,-0.0874150283867188,0.142298004078508,0.0316779524438106
3,11,0.0930251285733753,0.076760301787266,-0.012410852065071
4,11,0.230650016242133,-0.343008363748541,-0.0682366943407866
5,11,0.139941341265764,-0.479296448875099,-0.0389256054340308
6,11,0.161849747670506,0.118920894565617,-0.0625356949032527
7,11,0.227626473118158,-0.679633988242273,-0.0858855040995048
8,11,-0.0764279091966568,0.435011323293362,0.0197936310210635
9,11,-0.159396462311746,-0.0870125005000106,0.0416931942668153
10,11,-0.0495040354708975,0.0122588475117334,0.0235851993894587
1,12,0.239268343842175,-0.670207280183702,-0.112990574030757
2,12,-0.0645023287863014,-0.43412565747018,0.0228600355434787
3,12,0.0090217815865827,-0.26944820160277,-0.00427334196496911
4,12,0.0855615927100131,-0.718132947669719,-0.0425007409727174
5,12,0.110489476085524,-0.454910238289808,-0.0525667298373549
6,12,0.232749546249299,-0.544899148855973,-0.0611355267492738
7,12,0.120716601178452,-0.70534256604371,-0.0382557789709931
8,12,0.126765101463816,-0.454170717095705,-0.0437070866479889
9,12,0.0885294032702505,-0.85066459610671,-0.0455856442386985
10,12,-0.13636385762889,0.628081743571964,0.0283808539432888
1,13,0.179998896282956,-0.552999500607186,0.0272373267238214
2,13,-0.0741859258243847,-0.304525883258883,0.124158251587524
3,13,0.267573480973089,-0.322702314255206,-0.0366485154142561
4,13,-0.252194151605707,0.429424946551902,0.15665169025613
5,13,0.214111203032235,0.296318219243045,-0.0035470553310049
6,13,-0.143397467827988,0.100727159900671,0.109376798460439
7,13,0.13981273445382,-0.391365306493004,0.035433331692919
8,13,0.0673269828483729,0.280110152675922,0.0548521049639527
9,13,0.128096073739266,0.27049974743163,0.0565083123118315
10,13,0.158447626981083,0.512257805117768,0.0291738328340312
1,14,0.198497399758665,-0.290459559859694,-0.228426179208878
2,14,0.00602396681952812,-0.288207475730532,-0.18793472064591
3,14,-0.0474629610392384,-0.311790087766783,-0.108957479043039
4,14,-0.159035521521279,0.356944182951497,-0.103505345399338
5,14,-0.00541710140286373,-0.433098036460691,-0.145807124045366
6,14,-0.467708935976108,1.03120557094145,-0.0264087872966541
7,14,-0.0730868148332659,-0.274156678818141,-0.135329416309133
8,14,-0.111747322837972,-0.0757494316045046,-0.0752808511967465
9,14,-0.039943404472615,-0.317560063213015,-0.134231582592263
10,14,-0.228196115135697,0.181387932515392,-0.101954669506952
1,15,-0.173644898609889,0.473492936240003,0.155127324489467
2,15,0.225273496365972,-0.560382336618626,0.0324570360932702
3,15,0.339369088277164,-0.564278356693572,-0.0190826533202991
4,15,-0.120497346731516,-0.0296211433375965,0.153151550651375
5,15,0.141710115630755,-0.933434999212178,0.0695930494060575
6,15,0.00186159060016677,-0.384563587284257,0.105494950613282
7,15,-0.148647567284548,0.287362084704092,0.154643938047987
8,15,0.273607193965613,-0.184107277473252,0.0255212509985445
9,15,0.267741021231337,-0.510428731648701,0.0261799702468892
10,15,-0.0501551742633816,-0.0977124449573877,0.137455285805639
1,16,0.0463441727314829,-0.335591430714143,0.197769193595157
2,16,0.213089696821674,0.224694334340862,0.159883306585345
3,16,0.0162228213321459,-0.38783416709072,0.213866575054581
4,16,0.0832621490370704,-0.277929661685064,0.179160830906233
5,16,0.356022992837836,-0.531056308774713,0.112266907806821
6,16,0.146374432507937,0.00933524054887147,0.177302160822534
7,16,0.110447649858295,-0.500610395854882,0.192502215687336
8,16,0.280750626929181,-0.712353693766602,0.128395968958968
9,16,0.190986707967153,-0.647212932744622,0.176328972282886
10,16,0.21526770725798,-0.195322103580386,0.147197971190746
1,17,-0.420721211792069,0.788165317095597,0.104343207897684
2,17,-0.06882291583772,0.571570120260014,0.0355540890120158
3,17,0.195141744562094,0.255005160184215,-0.0632381785862403
4,17,-0.080737204974998,0.347430303255957,0.0179650842084635
5,17,-0.133726686659639,0.578901490263443,0.0647642074007478
6,17,-0.263987682265847,1.15274346052777,0.0747789288959402
7,17,-0.0180699649366805,-0.0374942274785133,0.0108657253501663
8,17,-0.14309209335766,0.286731291050205,0.0540224745965343
9,17,0.0849981571960582,0.048405501087194,0.00353817428997253
10,17,0.189479831563365,0.578976727739417,-0.0545506186603836
1,18,0.094333511062305,-0.230999693076538,-0.010984197024179
2,18,0.107628482675901,-0.0236408847602763,-0.0162814633579116
3,18,0.0940513316861761,-0.0703340521048671,-0.0253238422818163
4,18,0.0106409833115059,-0.23828717623135,0.0347195456159292
5,18,-0.0420776184133405,-0.0663992369411761,0.0276509006761746
6,18,0.0689554860113011,-0.412582799946522,0.00159137682605989
7,18,0.0687174548389158,0.0464628838840271,-0.00809266307716308
8,18,-0.124113360969715,-0.358876820232401,0.079842957281608
9,18,-0.0246051011598715,-0.0206765618850364,0.0355716711283976
10,18,0.00792586353033542,0.332866263205591,0.0278373483080933
1,19,0.166833878256368,-0.437315370140174,0.0519389119203235
2,19,0.17463161257918,-0.480034863349033,0.0298643095450804
3,19,0.342539426038138,-0.857838279573314,-0.00869782614492671
4,19,0.120902989800114,-0.506435475924395,0.0793555303661741
5,19,0.298620923054322,-1.0613575422964,0.0134840805562909
6,19,0.0676521954042342,-0.0354547077098603,0.0834908955696693
7,19,0.228137528914253,-0.477117083786609,0.0436089695034008
8,19,0.562261559927344,-0.703300042746576,-0.110573438509747
9,19,0.246423351716216,-0.465048379061112,0.000682556688177863
10,19,-0.00147614755750274,-0.609882119173334,0.0928879397667114
1,20,-0.156926649710591,0.705147454207917,0.0498792109595421
2,20,-0.360161163227808,0.588217152698855,0.0778500209961738
3,20,-0.112220007801411,0.248756204593837,0.0301973858755455
4,20,0.120552924743472,0.203352775100511,-0.033100941700154
5,20,-0.100652628270019,0.468593514585353,0.0154071256493296
6,20,-0.133427646396198,1.01320090237627,0.0255135268870985
7,20,-0.114042891489037,0.287256042266056,0.022032761092349
8,20,-0.0699195303602544,-0.107675487945126,0.00614970237663098
9,20,-0.336024224558148,0.839400739733625,0.0540271240401162
10,20,-0.118722976293388,0.403249511314031,0.0208620141711743
