iteration,convergenceIndicator,phase,A1_pop,tau1_pop,I0_pop,omega_A1,omega_tau1,omega_I0,corr_tau1_A1,a
1,11051.7,1,0.193651,5.05077,0.461746,1,1,1,-0.998984,1
2,10752.9,1,0.218781,4.5036,0.345682,0.974679,0.974679,0.974679,-0.998984,0.974679
3,10468.7,1,0.19869,4.96988,0.350117,0.95,0.95,0.95,-0.998984,0.95
4,10145,1,0.224914,4.38068,0.336617,0.925945,0.925945,0.925945,-0.998984,0.925945
5,9813.88,1,0.243686,4.04422,0.33273,0.9025,0.9025,0.9025,-0.998984,0.9025
6,9561.03,1,0.24869,3.96425,0.310814,0.879648,0.879648,0.879648,-0.998984,0.879648
7,9208.8,1,0.243719,4.03233,0.321918,0.857375,0.857375,0.857375,-0.998984,0.857375
8,8955.78,1,0.27305,3.57859,0.272992,0.835666,0.835666,0.835666,-0.998984,0.835666
9,8585.01,1,0.298113,3.26513,0.263091,0.814506,0.814506,0.814506,-0.998984,0.814506
10,8282.31,1,0.314101,3.08474,0.27899,0.793882,0.793882,0.793882,-0.998984,0.793882
11,7969.42,1,0.298302,3.22376,0.279129,0.773781,0.773781,0.773781,-0.998984,0.773781
12,7667.74,1,0.259509,3.70122,0.322428,0.754188,0.754188,0.754188,-0.998984,0.754188
13,7328.86,1,0.256467,3.74978,0.34253,0.735092,0.735092,0.735092,-0.998984,0.735092
14,7020.65,1,0.255267,3.75945,0.337935,0.716479,0.716479,0.716479,-0.998984,0.716479
15,6728.72,1,0.274847,3.49139,0.308815,0.698337,0.698337,0.698337,-0.998984,0.698337
16,6420.89,1,0.258782,3.70784,0.313383,0.680655,0.680655,0.680655,-0.998984,0.680655
17,6106.9,1,0.275796,3.48181,0.313361,0.66342,0.66342,0.66342,-0.998984,0.66342
18,5811.84,1,0.262525,3.64192,0.32577,0.646622,0.646622,0.646622,-0.998984,0.646622
19,5459.76,1,0.266009,3.59845,0.332844,0.630249,0.630249,0.630249,-0.998984,0.630249
20,5159.36,1,0.270242,3.52166,0.307072,0.614291,0.614291,0.614291,-0.998984,0.614291
21,4845.84,1,0.293075,3.2605,0.311217,0.598737,0.598737,0.598737,-0.998984,0.598737
22,4534.18,1,0.317811,3.01247,0.29678,0.583577,0.583577,0.583577,-0.998984,0.583577
23,4277.64,1,0.302744,3.15929,0.300204,0.5688,0.5688,0.5688,-0.998984,0.5688
24,3940.44,1,0.294036,3.25987,0.317757,0.554398,0.554398,0.554398,-0.998984,0.554398
25,3569.78,1,0.308517,3.10407,0.318214,0.54036,0.54036,0.54036,-0.998984,0.54036
26,3311.46,1,0.301786,3.16325,0.312188,0.526678,0.526678,0.526678,-0.998984,0.526678
27,3004.45,1,0.30118,3.15682,0.310537,0.513342,0.513342,0.513342,-0.998984,0.513342
28,2711.95,1,0.301034,3.1614,0.313715,0.500344,0.500344,0.500344,-0.998984,0.500344
29,2398.65,1,0.280808,3.37712,0.319902,0.487675,0.487675,0.487675,-0.998984,0.487675
30,2121.34,1,0.282252,3.37076,0.324418,0.475327,0.475327,0.475327,-0.998984,0.475327
31,1812.12,1,0.293209,3.25065,0.309203,0.463291,0.463291,0.463291,-0.998984,0.463291
32,1477.54,1,0.310772,3.06528,0.319977,0.45156,0.45156,0.45156,-0.998984,0.45156
33,1171.78,1,0.280236,3.40663,0.350981,0.440127,0.440127,0.440127,-0.998984,0.440127
34,872.754,1,0.270813,3.51775,0.35791,0.428982,0.428982,0.428982,-0.998984,0.428982
35,536.368,1,0.268857,3.54257,0.364083,0.41812,0.41812,0.41812,-0.998984,0.41812
36,220.177,1,0.266583,3.58266,0.374428,0.407533,0.407533,0.407533,-0.998984,0.407533
37,-111.339,1,0.273866,3.48601,0.364324,0.397214,0.397214,0.397214,-0.998984,0.397214
38,-379.415,1,0.280334,3.40166,0.354934,0.387157,0.387157,0.387157,-0.998984,0.387157
39,-670.039,1,0.291112,3.27959,0.352814,0.377354,0.377354,0.377354,-0.998984,0.377354
40,-956.919,1,0.291154,3.2846,0.339438,0.367799,0.367799,0.367799,-0.998984,0.367799
41,-1262.1,1,0.277058,3.45266,0.36421,0.358486,0.358486,0.358486,-0.998984,0.358486
42,-1574.45,1,0.278065,3.43771,0.3586,0.35894,0.357319,0.349409,-0.998984,0.349409
43,-1875.67,1,0.277248,3.45335,0.360513,0.349852,0.348271,0.340562,-0.998984,0.340562
44,-2217.8,1,0.264761,3.6222,0.378498,0.340993,0.339453,0.331938,-0.998984,0.331938
45,-2473.43,1,0.270253,3.55858,0.368675,0.332359,0.330858,0.323534,-0.998984,0.323534
46,-2797.74,1,0.265029,3.63197,0.379457,0.323944,0.32248,0.315341,-0.998984,0.315341
47,-3101.6,1,0.262622,3.65626,0.382175,0.315741,0.314315,0.307357,-0.998984,0.307357
48,-3387.63,1,0.262815,3.65887,0.377802,0.307746,0.306356,0.299574,-0.998984,0.299574
49,-3687.81,1,0.272898,3.523,0.371263,0.299954,0.298599,0.291989,-0.998984,0.291989
50,-4027.32,1,0.272594,3.52159,0.370086,0.292359,0.291039,0.284596,-0.998984,0.284596
51,-4338.43,1,0.271896,3.53979,0.369368,0.284956,0.283669,0.27739,-0.998984,0.27739
52,-4589.92,1,0.26507,3.62317,0.380752,0.277741,0.276487,0.270366,-0.998984,0.270366
53,-4884.92,1,0.259103,3.70891,0.388128,0.271337,0.269486,0.26352,-0.998984,0.26352
54,-5175.92,1,0.254794,3.77314,0.3918,0.264467,0.262662,0.256848,-0.998984,0.256848
55,-5480.13,1,0.254929,3.77125,0.391194,0.25777,0.256012,0.250344,-0.998984,0.250344
56,-5801.35,1,0.241249,3.98313,0.406201,0.251243,0.249529,0.244005,-0.998984,0.244005
57,-6063.58,1,0.245951,3.90497,0.405044,0.244882,0.243211,0.237827,-0.998984,0.237827
58,-6359.9,1,0.254268,3.77669,0.395656,0.238681,0.237053,0.231805,-0.998984,0.231805
59,-6614.02,1,0.258387,3.71108,0.39171,0.232638,0.23105,0.225936,-0.998984,0.225936
60,-6870.8,1,0.263564,3.63919,0.381079,0.226747,0.2252,0.220215,-0.998984,0.220215
61,-7197.88,1,0.260396,3.68737,0.391771,0.221006,0.219498,0.214639,-0.998984,0.214639
62,-7481.42,1,0.259444,3.69442,0.388502,0.21541,0.21394,0.209204,-0.998984,0.209204
63,-7765.82,1,0.26053,3.68415,0.393379,0.209955,0.208523,0.203907,-0.998984,0.203907
64,-8009.27,1,0.252695,3.80027,0.397631,0.204639,0.203243,0.198744,-0.998984,0.198744
65,-8332.89,1,0.259367,3.70388,0.394246,0.209186,0.206554,0.193711,-0.998984,0.193711
66,-8558.68,1,0.257539,3.72674,0.391297,0.218122,0.214806,0.188807,-0.998984,0.188807
67,-8823.52,1,0.259031,3.70397,0.386655,0.212599,0.209409,0.184026,-0.998984,0.184026
68,-9093.17,1,0.254991,3.75713,0.39762,0.207215,0.204107,0.179366,-0.998984,0.179366
69,-9377.75,1,0.256177,3.73595,0.395731,0.201969,0.198939,0.174825,-0.998984,0.174825
70,-9651.35,1,0.257215,3.72539,0.396538,0.196855,0.193902,0.170398,-0.998984,0.170398
71,-9943.98,1,0.258892,3.70775,0.395789,0.19187,0.188992,0.166083,-0.998984,0.166083
72,-10179.9,1,0.263979,3.64277,0.387656,0.187012,0.184207,0.161878,-0.998984,0.161878
73,-10454.7,1,0.255098,3.76213,0.397822,0.182277,0.179542,0.157779,-0.998984,0.157779
74,-10725.3,1,0.252038,3.80467,0.405816,0.177661,0.174996,0.153784,-0.998984,0.153784
75,-10959.1,1,0.248247,3.86408,0.40576,0.173163,0.170565,0.14989,-0.998984,0.14989
76,-11204.8,1,0.245287,3.91307,0.407328,0.168778,0.166499,0.146095,-0.998984,0.146095
77,-11463.3,1,0.241648,3.96386,0.414136,0.164505,0.162283,0.142396,-0.998984,0.142396
78,-11700.2,1,0.24053,3.98337,0.414686,0.161302,0.159547,0.146365,-0.999,0.13879
79,-11916.7,1,0.238511,4.02283,0.411782,0.163388,0.161649,0.146114,-0.999,0.135276
80,-12155.9,1,0.236529,4.05989,0.414522,0.159251,0.157556,0.142414,-0.999,0.131851
81,-12385.3,1,0.23006,4.17457,0.424994,0.155219,0.153566,0.138808,-0.998883,0.128512
82,-12582.4,1,0.229838,4.17196,0.42576,0.151289,0.149678,0.150074,-0.998479,0.125258
83,-12826.2,1,0.233128,4.10549,0.423385,0.151187,0.150232,0.146274,-0.998854,0.122087
84,-13051.7,1,0.230638,4.151,0.423134,0.149182,0.146605,0.142571,-0.999,0.118995
85,-13286,1,0.232785,4.12203,0.423284,0.147126,0.145255,0.138961,-0.999,0.115982
86,-13469.4,1,0.230624,4.15785,0.423513,0.143401,0.141577,0.135442,-0.998619,0.113045
87,-13708.9,1,0.233376,4.1049,0.424715,0.13977,0.137993,0.132013,-0.998729,0.110183
88,-13875.5,1,0.232423,4.11657,0.425757,0.143009,0.14161,0.131197,-0.998933,0.107393
89,-14078.6,1,0.233943,4.09165,0.423753,0.140877,0.140705,0.127875,-0.999,0.104674
90,-14235.7,1,0.236343,4.05036,0.419973,0.13731,0.137142,0.131674,-0.99887,0.102024
91,-14415.3,1,0.234545,4.08373,0.423812,0.148494,0.148867,0.12834,-0.999,0.0994403
92,-14546,1,0.236206,4.05154,0.421609,0.145661,0.145097,0.12509,-0.9989,0.0969224
93,-14707,1,0.235703,4.06742,0.419592,0.148682,0.147436,0.127799,-0.999,0.0944682
94,-14878.2,1,0.236975,4.04579,0.417421,0.144917,0.143703,0.130921,-0.999,0.0920763
95,-15004,1,0.23649,4.052,0.419779,0.142589,0.140639,0.131799,-0.998885,0.0897448
96,-15156.9,1,0.234015,4.09273,0.422637,0.140516,0.137747,0.132885,-0.998967,0.0874724
97,-15287.9,1,0.229705,4.16657,0.427104,0.139566,0.136542,0.133647,-0.999,0.0852576
98,-15442.6,1,0.22694,4.21545,0.430342,0.136032,0.133085,0.130878,-0.999,0.0830988
99,-15522.9,1,0.229443,4.16983,0.428727,0.132588,0.129715,0.127564,-0.998753,0.0809947
100,-15600.2,1,0.230456,4.14633,0.426699,0.131442,0.128373,0.128354,-0.998268,0.0789439
101,-15651.4,1,0.22919,4.17579,0.427694,0.13179,0.128842,0.135181,-0.997999,0.076945
102,-15745.1,1,0.229044,4.17804,0.42797,0.130797,0.127769,0.134216,-0.998103,0.0749967
103,-15789.3,1,0.226785,4.21454,0.430544,0.139249,0.135406,0.138564,-0.998465,0.0730977
104,-15840.9,1,0.22599,4.22609,0.429549,0.139811,0.13674,0.138304,-0.998733,0.0712469
105,-15881.9,1,0.225534,4.23114,0.430031,0.137285,0.133514,0.13713,-0.998623,0.0694428
106,-15880,1,0.223773,4.26492,0.432083,0.137308,0.133336,0.135111,-0.998561,0.0676845
107,-15898,1,0.222576,4.28861,0.433774,0.135613,0.13177,0.13169,-0.998414,0.0668565
108,-15968.6,1,0.22061,4.32566,0.435926,0.132179,0.128434,0.134164,-0.998938,0.0666532
109,-15937.8,1,0.220941,4.3275,0.43435,0.139648,0.135798,0.136954,-0.999,0.0667456
110,-15925.7,1,0.218829,4.37198,0.435159,0.138242,0.13527,0.133486,-0.998954,0.0668096
111,-15934.8,1,0.218688,4.37279,0.436935,0.139595,0.136256,0.131554,-0.999,0.066774
112,-15925.6,1,0.219275,4.35804,0.436933,0.141796,0.139063,0.132478,-0.999,0.0668348
113,-15923.6,1,0.220256,4.33804,0.436069,0.138206,0.135542,0.133552,-0.998916,0.0668233
114,-15950.2,1,0.218514,4.37093,0.438698,0.134706,0.13211,0.134735,-0.998933,0.0667663
115,-15954.2,1,0.215911,4.42107,0.440132,0.131295,0.128764,0.134993,-0.998934,0.0667139
116,-15955.8,1,0.215681,4.42458,0.440657,0.128512,0.126458,0.131575,-0.998969,0.0667632
117,-15966.1,1,0.213141,4.47999,0.441057,0.129857,0.127923,0.132227,-0.999,0.0667503
118,-15959,1,0.213143,4.4817,0.44138,0.128974,0.126046,0.135187,-0.998995,0.0667314
119,-15930.1,1,0.213226,4.47631,0.442287,0.134569,0.131172,0.136888,-0.999,0.0668879
120,-15967.6,1,0.210423,4.53632,0.445498,0.131162,0.127851,0.135186,-0.999,0.0667244
121,-15969.2,1,0.210968,4.52685,0.444975,0.127841,0.124613,0.134128,-0.999,0.0667257
122,-15986.2,1,0.212525,4.49601,0.443194,0.124842,0.121458,0.135766,-0.999,0.0666959
123,-15971.7,1,0.213242,4.48512,0.443635,0.1263,0.122635,0.135644,-0.999,0.0666974
124,-15956.7,1,0.214135,4.47021,0.44111,0.126335,0.122847,0.136089,-0.998841,0.0667205
125,-15970.3,1,0.2125,4.50623,0.4428,0.126694,0.123013,0.135113,-0.999,0.0667413
126,-15986.9,1,0.211055,4.53509,0.4463,0.123486,0.119982,0.134426,-0.998971,0.0666389
127,-15979.7,1,0.208516,4.59107,0.449218,0.125171,0.120799,0.138447,-0.998876,0.0666097
128,-15971.3,1,0.207408,4.61513,0.449616,0.127094,0.123207,0.141915,-0.999,0.0666721
129,-15956.8,1,0.206958,4.62683,0.450113,0.129141,0.124675,0.13845,-0.999,0.0668401
130,-15975.4,1,0.205493,4.65588,0.452135,0.132603,0.12712,0.14283,-0.999,0.0666277
131,-15969.6,1,0.208331,4.58846,0.447211,0.132937,0.127043,0.14386,-0.998881,0.0665579
132,-15958.5,1,0.209513,4.56271,0.447494,0.129571,0.123826,0.14024,-0.998883,0.0666887
133,-15987.1,1,0.210336,4.54168,0.44571,0.12629,0.120691,0.13989,-0.999,0.0666871
134,-15970.7,1,0.21153,4.52367,0.444482,0.130658,0.124829,0.140942,-0.999,0.0666785
135,-15970.6,1,0.212697,4.50011,0.442222,0.134008,0.127694,0.138025,-0.999,0.0666673
136,-15979.9,1,0.209168,4.57171,0.445579,0.130614,0.124461,0.135996,-0.999,0.0666891
137,-15992.3,1,0.210475,4.54234,0.445757,0.127307,0.121309,0.135425,-0.999,0.0666928
138,-15978.4,1,0.21159,4.5224,0.444362,0.124084,0.118238,0.138001,-0.999,0.0667432
139,-15974,1,0.210857,4.53702,0.446081,0.120942,0.115244,0.135354,-0.998626,0.0666615
140,-15961,1,0.211518,4.52557,0.444799,0.118817,0.113518,0.137558,-0.99863,0.066731
141,-15965.8,1,0.209891,4.56445,0.446066,0.125427,0.118518,0.136617,-0.998875,0.0667096
142,-15963.7,1,0.207972,4.59829,0.448237,0.126468,0.118969,0.137227,-0.998786,0.0666813
143,-15972.8,1,0.206981,4.62006,0.448181,0.123711,0.116741,0.137254,-0.998752,0.06665
144,-16001.7,1,0.207578,4.61305,0.447352,0.121512,0.115004,0.141048,-0.999,0.0665833
145,-15988.1,1,0.205916,4.64586,0.448777,0.122588,0.115701,0.142829,-0.999,0.0666865
146,-15990.7,1,0.204235,4.68528,0.451047,0.12869,0.121141,0.141079,-0.999,0.0666513
147,-15986.9,1,0.205341,4.66071,0.450575,0.126903,0.119142,0.142431,-0.999,0.0666797
148,-16000.3,1,0.20489,4.67286,0.44966,0.131238,0.122641,0.141921,-0.999,0.0665885
149,-15992.2,1,0.205031,4.66727,0.451921,0.136775,0.127418,0.142007,-0.999,0.0665286
150,-15986,1,0.204519,4.67878,0.451798,0.134948,0.12583,0.143533,-0.999,0.0665858
151,-15965.1,1,0.206828,4.63018,0.447533,0.13662,0.126813,0.145921,-0.999,0.0666323
152,-15965.5,1,0.204674,4.67609,0.449301,0.145073,0.135528,0.142226,-0.999,0.0666333
153,-15933.9,1,0.206473,4.63807,0.449546,0.149317,0.138643,0.138625,-0.998701,0.0665944
154,-15926.8,1,0.202233,4.72268,0.452932,0.151771,0.140702,0.135115,-0.998999,0.0667291
155,-15954.7,1,0.201685,4.73632,0.453387,0.14852,0.137174,0.132177,-0.998932,0.0665825
156,-15932,1,0.200765,4.75699,0.4542,0.14476,0.1337,0.133455,-0.998988,0.066805
157,-15957.3,1,0.200934,4.75505,0.455969,0.141104,0.1307,0.131414,-0.999,0.0666702
158,-15939.2,1,0.200158,4.77306,0.456769,0.146791,0.136277,0.130754,-0.99891,0.0666833
159,-15936.2,1,0.197447,4.83684,0.458457,0.152174,0.139932,0.127443,-0.998778,0.0666595
160,-15960,1,0.196819,4.85217,0.459091,0.148321,0.136389,0.124216,-0.998691,0.0666036
161,-15940.1,1,0.197634,4.83298,0.457658,0.144565,0.132935,0.12253,-0.998814,0.0667521
162,-15978.4,1,0.198491,4.81269,0.456493,0.142863,0.130339,0.12691,-0.998888,0.0665312
163,-15969.5,1,0.198979,4.80352,0.457623,0.139246,0.127039,0.123697,-0.998745,0.0666295
164,-15987.7,1,0.199053,4.79971,0.457431,0.143678,0.131899,0.120565,-0.999,0.0666146
165,-15991.9,1,0.198649,4.80987,0.456139,0.14575,0.133662,0.122957,-0.999,0.0666003
166,-15944.7,1,0.199485,4.79489,0.454618,0.156613,0.144455,0.123483,-0.999,0.0666752
167,-15969.9,1,0.19855,4.82116,0.456538,0.153309,0.141213,0.120356,-0.999,0.0665917
168,-15960,1,0.198862,4.81776,0.456695,0.149427,0.137637,0.119791,-0.998563,0.0665188
169,-15963.1,1,0.198366,4.82919,0.456552,0.145643,0.134152,0.122065,-0.998622,0.0665884
170,-15957.3,1,0.197371,4.8537,0.456879,0.147434,0.135564,0.123175,-0.998925,0.0666315
171,-15951.6,1,0.196241,4.88045,0.45871,0.148014,0.137405,0.124618,-0.998904,0.0666346
172,-15921.8,1,0.195409,4.89972,0.459926,0.147587,0.137175,0.126596,-0.998551,0.0666905
173,-15947.1,1,0.196842,4.87688,0.458294,0.146419,0.136122,0.123391,-0.998424,0.0665538
174,-15950,1,0.199159,4.82864,0.456252,0.148212,0.138937,0.120267,-0.998272,0.0665052
175,-15957.7,1,0.196392,4.89247,0.459635,0.147018,0.138153,0.117221,-0.998576,0.0665524
176,-15915.4,1,0.196318,4.88885,0.457972,0.156267,0.146323,0.123541,-0.998515,0.0666453
177,-15905.3,1,0.195437,4.91005,0.460726,0.157534,0.146742,0.120413,-0.998719,0.0667693
178,-15949.2,1,0.194225,4.93582,0.461862,0.176376,0.164593,0.121326,-0.999,0.0665859
179,-15951.3,1,0.195571,4.90991,0.462301,0.17191,0.160425,0.118254,-0.999,0.0665919
180,-15916,1,0.194105,4.93504,0.46351,0.170352,0.159182,0.120931,-0.998854,0.0666276
181,-15937.2,1,0.193817,4.93864,0.462113,0.175043,0.165258,0.121129,-0.999,0.0665798
182,-15931.1,1,0.193888,4.93838,0.4615,0.177871,0.166691,0.125651,-0.999,0.0665307
183,-15882.7,1,0.189824,5.04085,0.464881,0.173367,0.16247,0.129156,-0.998569,0.0666843
184,-15899.6,1,0.190176,5.03073,0.465267,0.168977,0.158356,0.126449,-0.99846,0.0665894
185,-15917.5,1,0.190938,5.00336,0.463116,0.164699,0.154347,0.125627,-0.998791,0.0666398
186,-15929.4,1,0.191138,4.99564,0.467104,0.160528,0.150439,0.122446,-0.998696,0.0666727
187,-15888.3,1,0.191546,4.98787,0.464187,0.156464,0.146901,0.126227,-0.998216,0.0667109
188,-15912,1,0.192275,4.96868,0.464916,0.165788,0.156462,0.125062,-0.99865,0.0665971
189,-15899.7,1,0.192328,4.96679,0.464217,0.166323,0.158582,0.130071,-0.998664,0.0666284
190,-15910.9,1,0.195428,4.88427,0.459825,0.171552,0.161285,0.126777,-0.998733,0.0665704
191,-15912.5,1,0.195028,4.88688,0.460563,0.171084,0.162229,0.12592,-0.998894,0.0666131
192,-15905.3,1,0.192994,4.93493,0.461421,0.171343,0.162559,0.128068,-0.998612,0.0665541
193,-15913.5,1,0.191602,4.9717,0.46251,0.169974,0.161425,0.124825,-0.998618,0.0665485
194,-15939.8,1,0.192192,4.96204,0.461394,0.167017,0.159924,0.12799,-0.999,0.066527
195,-15924.1,1,0.190346,5.00879,0.464668,0.168377,0.162106,0.128103,-0.998965,0.0665721
196,-15932.4,1,0.193083,4.94255,0.461275,0.180792,0.172417,0.125509,-0.999,0.0664949
197,-15870,1,0.189917,5.01664,0.464471,0.212811,0.202102,0.122331,-0.999,0.0666383
198,-15895.8,1,0.194718,4.90888,0.459103,0.212232,0.202182,0.119233,-0.999,0.0665642
199,-15889.6,1,0.195888,4.87674,0.457098,0.21785,0.208237,0.116214,-0.999,0.0665883
200,-15885.6,1,0.19398,4.92751,0.459313,0.227627,0.217009,0.113271,-0.999,0.066502
201,-15848.4,1,0.193127,4.95157,0.458918,0.22571,0.214728,0.11501,-0.998679,0.0665611
202,-15860.5,1,0.196091,4.87786,0.457406,0.22167,0.212675,0.112098,-0.998445,0.0664977
203,-15833.4,1,0.201628,4.75206,0.452996,0.221954,0.212381,0.110958,-0.998694,0.0666967
204,-15842,1,0.2021,4.74112,0.451866,0.223693,0.214527,0.108149,-0.998747,0.0666838
205,-15847.9,1,0.198353,4.82601,0.45581,0.226426,0.216348,0.10541,-0.998928,0.0667389
206,-15865.4,1,0.198485,4.81954,0.456469,0.226003,0.215209,0.102741,-0.998758,0.06658
207,-15837.6,1,0.194853,4.89976,0.458454,0.228252,0.21617,0.102783,-0.998646,0.0666828
208,-15856.3,1,0.196364,4.86869,0.456952,0.222472,0.210696,0.104984,-0.998091,0.0665264
209,-15829.5,1,0.199683,4.7821,0.454609,0.219475,0.210011,0.105117,-0.997443,0.0665267
210,-15834.7,1,0.201497,4.72577,0.452446,0.223899,0.213989,0.10309,-0.997074,0.0664339
211,-15849.7,1,0.19915,4.77061,0.455395,0.222858,0.217035,0.104563,-0.997829,0.0664428
212,-15823,1,0.199671,4.77823,0.453542,0.232204,0.226602,0.103545,-0.997682,0.0665126
213,-15821.8,1,0.198071,4.80589,0.456771,0.226325,0.220864,0.106816,-0.996919,0.066472
214,-15805.3,1,0.196925,4.84773,0.457095,0.220594,0.215272,0.110182,-0.996206,0.0665531
215,-15797.4,1,0.195812,4.86771,0.458052,0.215008,0.209821,0.110858,-0.995853,0.0665636
216,-15784.5,1,0.195437,4.86925,0.458473,0.216426,0.208544,0.111466,-0.99582,0.0665695
217,-15801,1,0.19269,4.93902,0.461944,0.214578,0.208706,0.110206,-0.996103,0.0665171
218,-15780.2,1,0.193555,4.91068,0.460489,0.21234,0.204383,0.115991,-0.995728,0.0665854
219,-15774,1,0.194893,4.88674,0.459459,0.216111,0.2052,0.114933,-0.994551,0.0665209
220,-15789.4,1,0.19626,4.84521,0.45684,0.215853,0.20283,0.113269,-0.994339,0.066441
221,-15796.3,1,0.194101,4.90401,0.460598,0.210387,0.197695,0.116911,-0.995204,0.0664872
222,-15783.6,1,0.197539,4.82696,0.45804,0.20506,0.192689,0.119189,-0.995304,0.0666193
223,-15806.2,1,0.195809,4.87074,0.459691,0.199868,0.18781,0.116171,-0.994199,0.0665222
224,-15811.2,1,0.195381,4.89206,0.460739,0.194807,0.183054,0.11323,-0.992671,0.0664691
225,-15814.1,1,0.195588,4.88707,0.459861,0.189875,0.178419,0.110363,-0.991469,0.0663691
226,-15788.9,1,0.195039,4.88328,0.459889,0.185067,0.176485,0.11004,-0.99223,0.0665682
227,-15793.6,1,0.195328,4.86684,0.459023,0.194477,0.183903,0.110357,-0.992127,0.066465
228,-15780.8,1,0.190348,4.99336,0.46412,0.193621,0.183689,0.109072,-0.990922,0.0664969
229,-15753.3,1,0.191404,4.98619,0.464832,0.188718,0.179038,0.113491,-0.990199,0.066664
230,-15768.3,1,0.192702,4.95896,0.464211,0.18394,0.174505,0.110617,-0.989608,0.0666355
231,-15783.1,1,0.19024,5.03168,0.464507,0.18744,0.171714,0.113984,-0.991142,0.0665341
232,-15772.6,1,0.188495,5.05714,0.466417,0.185884,0.171865,0.113425,-0.9886,0.0665094
233,-15770.4,1,0.18839,5.06069,0.466728,0.187692,0.175818,0.112801,-0.987738,0.0664749
234,-15763.4,1,0.191764,4.98836,0.464103,0.188757,0.177647,0.111793,-0.990139,0.0665891
235,-15764.1,1,0.188925,5.0598,0.464958,0.197182,0.184298,0.108962,-0.989534,0.0665702
236,-15788.7,1,0.190804,5.01252,0.464387,0.196798,0.188227,0.106203,-0.991844,0.0664854
237,-15799,1,0.191358,4.9932,0.46305,0.202466,0.194407,0.104781,-0.992476,0.0664191
238,-15781.1,1,0.191368,4.98593,0.462785,0.205485,0.200024,0.107433,-0.993486,0.0665219
239,-15813.2,1,0.191023,4.99744,0.463741,0.200282,0.194959,0.10739,-0.995089,0.0664933
240,-15790.3,1,0.192411,4.94426,0.461866,0.198331,0.192813,0.109281,-0.995009,0.0666093
241,-15801.1,1,0.192558,4.93883,0.461836,0.199966,0.196528,0.106514,-0.994888,0.0665433
242,-15774,1,0.193568,4.90343,0.460181,0.196316,0.196963,0.105432,-0.99384,0.066641
243,-15832.3,1,0.191613,4.97003,0.463104,0.197389,0.201883,0.107818,-0.996319,0.0664658
244,-15836.9,1,0.191296,4.97317,0.461628,0.202978,0.207503,0.110818,-0.996567,0.0664046
245,-15808.5,1,0.192589,4.94467,0.462003,0.207035,0.210962,0.110621,-0.995436,0.0664329
246,-15802.2,1,0.194224,4.90339,0.460313,0.205945,0.211582,0.114218,-0.996427,0.0665366
247,-15844.3,1,0.19652,4.85409,0.457121,0.201481,0.208988,0.111642,-0.997345,0.0664522
248,-15828.5,1,0.197143,4.8378,0.456349,0.200181,0.204352,0.110693,-0.99684,0.0665045
249,-15824.1,1,0.197992,4.8081,0.45732,0.195332,0.199178,0.10789,-0.996118,0.0665224
250,-15817.4,2,0.197178,4.83022,0.4575,0.193163,0.195069,0.108763,-0.995683,0.0665249
251,-15813.8,2,0.198018,4.81182,0.458623,0.196728,0.198377,0.10697,-0.996009,0.0665609
252,-15838,2,0.194653,4.88208,0.460721,0.203328,0.204101,0.110528,-0.997231,0.0664901
253,-15828.2,2,0.196091,4.8406,0.457667,0.204878,0.206743,0.112427,-0.997266,0.0665213
254,-15821.8,2,0.196165,4.84525,0.458252,0.204104,0.204699,0.111086,-0.997353,0.0665876
255,-15838.8,2,0.193794,4.90055,0.461543,0.199297,0.201021,0.113902,-0.997752,0.0665747
256,-15840.7,2,0.193246,4.92804,0.461768,0.194401,0.193071,0.114225,-0.997537,0.0665725
257,-15831.2,2,0.191556,4.96923,0.463284,0.186383,0.184519,0.111151,-0.996708,0.0665941
258,-15851.5,2,0.18984,5.0226,0.466549,0.190675,0.189044,0.110635,-0.997225,0.0665368
259,-15842.5,2,0.190539,5.00654,0.464823,0.196,0.195062,0.109138,-0.997177,0.0665221
260,-15843.5,2,0.188937,5.04536,0.465434,0.195018,0.192168,0.109253,-0.997306,0.0665553
261,-15864,2,0.188022,5.07269,0.467844,0.197752,0.195395,0.108884,-0.997971,0.0665594
262,-15861.1,2,0.187786,5.07358,0.46815,0.199781,0.196457,0.105676,-0.997721,0.0665151
263,-15858.6,2,0.186579,5.10488,0.468759,0.198555,0.193891,0.109501,-0.997844,0.06653
264,-15832.2,2,0.18629,5.10484,0.467941,0.198937,0.194395,0.109254,-0.997443,0.0665598
265,-15855.7,2,0.186781,5.09199,0.467366,0.202723,0.199382,0.110783,-0.997797,0.0665276
266,-15878.2,2,0.188523,5.0481,0.465332,0.204256,0.199998,0.111251,-0.998134,0.0664901
267,-15867.4,2,0.187359,5.07727,0.467236,0.199656,0.195671,0.108505,-0.998044,0.0665185
268,-15865,2,0.18853,5.04764,0.466299,0.198307,0.193788,0.108448,-0.997993,0.0665255
269,-15829.7,2,0.188219,5.05748,0.466226,0.200368,0.196669,0.108169,-0.998103,0.0666278
270,-15863.1,2,0.188161,5.05454,0.466863,0.201552,0.197674,0.10699,-0.998077,0.0665845
271,-15886.3,2,0.188723,5.03617,0.466119,0.199763,0.197308,0.108859,-0.998132,0.0665175
272,-15856.6,2,0.189519,5.00976,0.465132,0.202873,0.200897,0.110644,-0.998205,0.0665221
273,-15867.5,2,0.190049,4.99684,0.464649,0.200901,0.198913,0.111308,-0.997994,0.0664828
274,-15856.6,2,0.189765,5.0041,0.46428,0.203407,0.201076,0.111178,-0.99789,0.0664651
275,-15879.2,2,0.189786,5.00593,0.464352,0.208473,0.205369,0.110885,-0.998066,0.0664327
276,-15856.5,2,0.190052,5.00287,0.46435,0.211066,0.207865,0.110181,-0.99809,0.0664439
277,-15859.3,2,0.190093,5.00091,0.464413,0.212096,0.207768,0.108515,-0.998055,0.066455
278,-15850.7,2,0.19033,4.99219,0.464217,0.215595,0.21146,0.108238,-0.998002,0.0664411
279,-15875.9,2,0.189511,5.01705,0.464912,0.217153,0.213854,0.10731,-0.998159,0.0664398
280,-15900.5,2,0.189709,5.0129,0.464604,0.218513,0.215536,0.105691,-0.998253,0.066407
281,-15878.2,2,0.190222,4.99997,0.463908,0.2193,0.216983,0.105843,-0.99826,0.0663931
282,-15835,2,0.190878,4.98496,0.463417,0.22007,0.217639,0.106035,-0.998105,0.0664053
283,-15854,2,0.191913,4.96049,0.462493,0.217742,0.215639,0.106734,-0.998053,0.0664182
284,-15858.8,2,0.192387,4.94848,0.461836,0.215315,0.213376,0.107962,-0.997971,0.0664147
285,-15846.8,2,0.192295,4.94918,0.461956,0.214973,0.212962,0.108648,-0.997945,0.0664236
286,-15830.1,2,0.192279,4.94854,0.462274,0.213377,0.211173,0.109048,-0.997826,0.0664404
287,-15853.5,2,0.192192,4.94805,0.462293,0.211584,0.209372,0.110152,-0.997772,0.0664369
288,-15848.9,2,0.192592,4.93811,0.461757,0.211702,0.209269,0.110819,-0.997812,0.0664434
289,-15844,2,0.192829,4.92938,0.461587,0.210129,0.207999,0.110782,-0.997761,0.0664525
290,-15855,2,0.192705,4.93229,0.461773,0.208988,0.206705,0.110553,-0.997751,0.0664586
291,-15855.4,2,0.192617,4.93319,0.461981,0.207231,0.204865,0.109931,-0.997698,0.0664647
292,-15849.8,2,0.192223,4.94324,0.462323,0.207789,0.205242,0.109222,-0.997725,0.0664724
293,-15843.9,2,0.191829,4.95383,0.462744,0.206941,0.204725,0.10905,-0.997729,0.0664844
294,-15866.4,2,0.191242,4.96806,0.463337,0.206066,0.203838,0.108245,-0.997714,0.066485
295,-15844,2,0.19137,4.96422,0.463227,0.205787,0.203721,0.107599,-0.997724,0.0664973
296,-15829,2,0.191563,4.95892,0.462979,0.206577,0.204475,0.107298,-0.997729,0.0665062
297,-15808.9,2,0.191706,4.95665,0.462911,0.206165,0.204106,0.107013,-0.997679,0.0665226
298,-15821,2,0.19173,4.9561,0.462978,0.206059,0.204217,0.106751,-0.997647,0.0665307
299,-15870.8,2,0.191935,4.95125,0.462872,0.205264,0.20333,0.106392,-0.997637,0.0665267
300,-15845.9,2,0.192125,4.94677,0.462688,0.204642,0.202837,0.106671,-0.997642,0.0665297
301,-15835,2,0.192088,4.94763,0.462737,0.204475,0.202675,0.106592,-0.997636,0.0665317
302,-15836.4,2,0.192054,4.94839,0.462797,0.204321,0.202552,0.106518,-0.997635,0.0665343
303,-15843.1,2,0.19198,4.95021,0.462897,0.204241,0.20245,0.106469,-0.997641,0.0665365
304,-15831,2,0.191953,4.95058,0.462926,0.204151,0.202399,0.10644,-0.99763,0.066537
305,-15840.5,2,0.191956,4.95063,0.462956,0.204018,0.202294,0.106439,-0.997619,0.0665368
306,-15877.5,2,0.191964,4.95033,0.462932,0.203656,0.20197,0.106436,-0.997622,0.0665364
307,-15846,2,0.19192,4.95147,0.462983,0.203374,0.201673,0.106485,-0.997607,0.0665358
308,-15860.2,2,0.191868,4.95258,0.463047,0.202985,0.201281,0.106473,-0.997594,0.0665354
309,-15834.6,2,0.19183,4.95322,0.463136,0.202476,0.200805,0.10636,-0.997559,0.0665357
310,-15832,2,0.191809,4.95367,0.463179,0.202028,0.20038,0.106384,-0.99754,0.0665372
311,-15867,2,0.191787,4.95389,0.46322,0.201635,0.199996,0.106348,-0.997534,0.0665373
312,-15837.2,2,0.191777,4.95404,0.463225,0.201284,0.199624,0.106381,-0.99752,0.0665385
313,-15869.9,2,0.19184,4.95254,0.463176,0.200937,0.199295,0.106412,-0.997522,0.066539
314,-15838.8,2,0.191891,4.95118,0.463131,0.200584,0.199007,0.106401,-0.99751,0.0665402
315,-15842.9,2,0.191921,4.95045,0.463078,0.200471,0.198872,0.106406,-0.997497,0.0665396
316,-15863,2,0.191909,4.95056,0.463076,0.200409,0.198844,0.106415,-0.9975,0.0665388
317,-15842.2,2,0.191978,4.94904,0.463003,0.200319,0.198764,0.106425,-0.997498,0.0665394
318,-15825.9,2,0.192073,4.94684,0.462889,0.200218,0.198693,0.10652,-0.997487,0.0665396
319,-15847.6,2,0.192158,4.94466,0.462796,0.200131,0.198617,0.106605,-0.997476,0.0665377
320,-15871.1,2,0.192219,4.94314,0.462742,0.200054,0.198543,0.106729,-0.997483,0.0665365
321,-15829.1,2,0.192279,4.94163,0.462678,0.200028,0.198452,0.106848,-0.997479,0.066537
322,-15837.6,2,0.192311,4.94093,0.462651,0.199887,0.198305,0.106898,-0.997474,0.0665375
323,-15856.5,2,0.192332,4.94031,0.462645,0.199668,0.198138,0.10692,-0.99747,0.0665375
324,-15867.7,2,0.192343,4.9401,0.462638,0.199441,0.197926,0.106979,-0.997472,0.0665373
325,-15845.2,2,0.192311,4.941,0.462669,0.199203,0.197682,0.107062,-0.997465,0.0665377
326,-15837.5,2,0.1923,4.94137,0.462666,0.199184,0.197611,0.107142,-0.997463,0.0665378
327,-15814.1,2,0.192283,4.9419,0.462686,0.199145,0.19757,0.107224,-0.997451,0.0665383
328,-15800.1,2,0.19226,4.94267,0.462714,0.199132,0.197565,0.107331,-0.997437,0.0665388
329,-15835.3,2,0.192261,4.94275,0.462719,0.198868,0.197288,0.10738,-0.997424,0.0665394
330,-15858.6,2,0.192264,4.94268,0.462743,0.198616,0.197051,0.107416,-0.997416,0.0665388
331,-15862.7,2,0.19226,4.94281,0.46275,0.198418,0.196857,0.107423,-0.997417,0.0665392
332,-15860.4,2,0.192229,4.94351,0.462806,0.198302,0.196767,0.107417,-0.997421,0.0665396
333,-15831.1,2,0.192255,4.9428,0.462769,0.198203,0.196673,0.107377,-0.997412,0.0665404
334,-15836.4,2,0.192251,4.94278,0.462802,0.198151,0.196614,0.107294,-0.997405,0.0665409
335,-15859.6,2,0.192247,4.94276,0.46281,0.198034,0.196459,0.107289,-0.997399,0.0665402
336,-15853,2,0.192261,4.9424,0.462794,0.198027,0.196421,0.107321,-0.997399,0.0665396
337,-15864.4,2,0.192255,4.94273,0.462781,0.197964,0.196355,0.107393,-0.997395,0.0665379
338,-15868.9,2,0.192246,4.94299,0.462791,0.198041,0.1964,0.107453,-0.997401,0.0665363
339,-15853.5,2,0.192262,4.94256,0.462771,0.198097,0.196469,0.10747,-0.997398,0.0665349
340,-15876.9,2,0.192303,4.94152,0.462728,0.198182,0.196547,0.107477,-0.997409,0.0665339
341,-15823,2,0.192379,4.93947,0.462654,0.198287,0.196664,0.107494,-0.997403,0.0665335
342,-15832.8,2,0.192417,4.93852,0.462617,0.198419,0.196784,0.107504,-0.997407,0.0665339
343,-15843.8,2,0.192474,4.93709,0.462556,0.198408,0.196785,0.107482,-0.997402,0.0665335
344,-15870.8,2,0.192534,4.93551,0.462503,0.198361,0.196744,0.107429,-0.997409,0.0665337
345,-15870.1,2,0.192597,4.9339,0.46245,0.198393,0.196764,0.107422,-0.997414,0.0665329
346,-15879,2,0.192668,4.93209,0.462394,0.19841,0.196783,0.107383,-0.997417,0.0665317
347,-15845.8,2,0.19273,4.93059,0.462331,0.198423,0.19679,0.107337,-0.997419,0.0665322
348,-15863.2,2,0.192757,4.92999,0.462308,0.198485,0.19683,0.107399,-0.997425,0.0665314
349,-15837.6,2,0.192782,4.92934,0.462276,0.198655,0.19702,0.107472,-0.997431,0.0665309
350,-15835.8,2,0.192816,4.92854,0.462226,0.198841,0.197225,0.107565,-0.997432,0.0665296
351,-15836,2,0.192834,4.92817,0.462215,0.198995,0.197365,0.107641,-0.997435,0.0665291
352,-15836.5,2,0.192845,4.92799,0.462191,0.199199,0.197581,0.107759,-0.997438,0.0665276
353,-15859.4,2,0.192844,4.92794,0.462205,0.199216,0.197601,0.107816,-0.997442,0.066527
354,-15854.1,2,0.19285,4.92762,0.462193,0.1992,0.197619,0.1079,-0.997442,0.0665261
355,-15862.4,2,0.192834,4.92799,0.462195,0.199227,0.19764,0.108016,-0.997447,0.066525
356,-15835.8,2,0.192796,4.9291,0.462237,0.199278,0.197685,0.108094,-0.99744,0.0665236
357,-15855.8,2,0.192766,4.92985,0.462248,0.199332,0.197749,0.108188,-0.997445,0.0665228
358,-15839,2,0.192739,4.93053,0.462279,0.199361,0.197789,0.108193,-0.997444,0.0665228
359,-15877.1,2,0.192708,4.93118,0.462296,0.199522,0.197974,0.1082,-0.997453,0.0665213
360,-15850.2,2,0.192701,4.93153,0.462285,0.199751,0.198214,0.108231,-0.997456,0.0665195
361,-15878.2,2,0.192684,4.93192,0.462309,0.199867,0.198347,0.10826,-0.997458,0.0665172
362,-15840.7,2,0.19268,4.93194,0.462306,0.200055,0.198543,0.108287,-0.997459,0.066516
363,-15840.6,2,0.192697,4.93147,0.462281,0.200185,0.198689,0.108322,-0.997458,0.0665151
364,-15838.4,2,0.192711,4.93123,0.462259,0.200252,0.198777,0.108362,-0.997461,0.066515
365,-15853.6,2,0.192705,4.93125,0.46226,0.200331,0.198833,0.108406,-0.997461,0.0665139
366,-15836,2,0.1927,4.93133,0.462259,0.20028,0.198778,0.108488,-0.997452,0.066513
367,-15871.8,2,0.192695,4.93137,0.462261,0.200212,0.198692,0.108521,-0.997449,0.0665118
368,-15853.4,2,0.192675,4.93189,0.462276,0.200126,0.198601,0.108568,-0.997444,0.0665112
369,-15836.3,2,0.192682,4.93166,0.462265,0.200187,0.198662,0.108591,-0.997446,0.0665113
370,-15816.7,2,0.19269,4.93151,0.462253,0.200237,0.198706,0.108603,-0.997448,0.0665126
371,-15802,2,0.192678,4.93177,0.462256,0.20041,0.198844,0.108673,-0.99745,0.0665135
372,-15837.2,2,0.19268,4.93175,0.46224,0.20051,0.198947,0.108717,-0.997455,0.0665135
373,-15826.7,2,0.19266,4.93226,0.462247,0.2006,0.199038,0.108766,-0.997451,0.0665129
374,-15856.2,2,0.192641,4.93278,0.462265,0.200758,0.199205,0.108795,-0.99746,0.0665123
375,-15870.6,2,0.192615,4.93351,0.462285,0.200906,0.199331,0.108804,-0.997468,0.0665113
376,-15822.5,2,0.192574,4.93465,0.462315,0.201057,0.199476,0.108844,-0.997467,0.0665109
377,-15847.7,2,0.192544,4.93533,0.462331,0.201252,0.19966,0.108832,-0.997473,0.0665105
378,-15817.2,2,0.192519,4.9359,0.462355,0.201429,0.199859,0.108821,-0.997474,0.0665106
379,-15840.1,2,0.192499,4.93643,0.462375,0.201595,0.200003,0.108814,-0.997477,0.0665103
380,-15854.5,2,0.192484,4.93679,0.46239,0.20171,0.200126,0.108783,-0.997481,0.0665098
381,-15821.6,2,0.192436,4.93803,0.462435,0.20193,0.200317,0.10881,-0.997489,0.0665104
382,-15837.7,2,0.192394,4.93907,0.462465,0.202188,0.200568,0.108844,-0.9975,0.0665103
383,-15822.3,2,0.192385,4.93932,0.462465,0.202429,0.200788,0.108852,-0.997504,0.0665102
384,-15805.1,2,0.192377,4.93964,0.462477,0.202622,0.200966,0.108856,-0.997504,0.0665104
385,-15812.8,2,0.19235,4.94026,0.462487,0.202835,0.201172,0.108844,-0.997512,0.0665115
386,-15821.6,2,0.192337,4.94061,0.462485,0.203008,0.201354,0.108837,-0.997516,0.066512
387,-15859.4,2,0.192317,4.94108,0.462495,0.203113,0.201483,0.10885,-0.997522,0.0665113
388,-15853.2,2,0.192305,4.9413,0.462504,0.20321,0.201581,0.108852,-0.997529,0.0665113
389,-15814.3,2,0.192287,4.94173,0.462518,0.20329,0.201675,0.108884,-0.997529,0.0665117
390,-15806.1,2,0.192274,4.94195,0.462529,0.203389,0.201755,0.108887,-0.997528,0.0665124
391,-15833.1,2,0.192246,4.9426,0.46255,0.203539,0.201892,0.108855,-0.99753,0.0665124
392,-15841.4,2,0.192213,4.94336,0.46258,0.203679,0.202019,0.108818,-0.997536,0.0665127
393,-15827.3,2,0.192165,4.94449,0.462619,0.203781,0.202138,0.108811,-0.997539,0.066513
394,-15826.6,2,0.192103,4.946,0.462667,0.203928,0.202272,0.10883,-0.997542,0.0665131
395,-15855.8,2,0.192083,4.94647,0.462683,0.203992,0.202305,0.108826,-0.997543,0.0665125
396,-15861.9,2,0.192063,4.94692,0.462699,0.20407,0.202378,0.108798,-0.997548,0.0665122
397,-15834,2,0.192052,4.94715,0.462699,0.204201,0.202508,0.10876,-0.99755,0.0665122
398,-15833.6,2,0.192019,4.94807,0.462726,0.204278,0.202572,0.108684,-0.997551,0.0665129
399,-15850.4,2,0.19199,4.94878,0.462744,0.204379,0.202674,0.108643,-0.997555,0.0665128
400,-15879.4,2,0.191975,4.94913,0.462761,0.204473,0.202782,0.108583,-0.997563,0.0665124
401,-15816.5,2,0.191935,4.9501,0.462794,0.20462,0.20292,0.108537,-0.997564,0.0665128
402,-15840.4,2,0.1919,4.95104,0.462837,0.204706,0.203017,0.10847,-0.997565,0.0665129
403,-15865,2,0.191869,4.95189,0.46287,0.204755,0.203056,0.108469,-0.997568,0.0665124
404,-15845.5,2,0.191838,4.95285,0.462904,0.204797,0.203089,0.108453,-0.997568,0.0665121
405,-15864.8,2,0.191814,4.95338,0.462923,0.204789,0.203081,0.108421,-0.997569,0.0665118
406,-15829.8,2,0.191802,4.95375,0.462936,0.204819,0.20311,0.108393,-0.99757,0.0665125
407,-15809.2,2,0.191783,4.95417,0.46295,0.204963,0.203259,0.108401,-0.99757,0.0665126
408,-15794.1,2,0.191762,4.95469,0.462976,0.205067,0.203373,0.108399,-0.99757,0.0665137
409,-15815.6,2,0.191747,4.95512,0.46299,0.205109,0.203403,0.108373,-0.997569,0.0665145
410,-15804.2,2,0.191721,4.95576,0.463016,0.205226,0.203526,0.108328,-0.997573,0.066516
411,-15842.7,2,0.191716,4.95583,0.463022,0.20532,0.203636,0.108258,-0.997574,0.0665159
412,-15880.4,2,0.191698,4.95624,0.463044,0.20543,0.203744,0.108175,-0.99758,0.0665153
413,-15856.5,2,0.191693,4.95624,0.463049,0.205542,0.203847,0.108133,-0.997586,0.0665153
414,-15854.2,2,0.191689,4.95634,0.463054,0.2057,0.203995,0.108072,-0.99759,0.0665149
415,-15814.8,2,0.19168,4.9566,0.463063,0.205957,0.204239,0.108053,-0.997594,0.0665149
416,-15821.2,2,0.19165,4.95731,0.463082,0.206198,0.204452,0.108014,-0.997597,0.0665147
417,-15821.3,2,0.191633,4.95769,0.463098,0.206335,0.204592,0.107975,-0.997596,0.0665147
418,-15808.1,2,0.191601,4.95843,0.463116,0.206479,0.204734,0.107961,-0.997597,0.0665151
419,-15802.5,2,0.191584,4.95886,0.463136,0.20653,0.204783,0.107948,-0.997593,0.0665155
420,-15850,2,0.191568,4.95922,0.463162,0.206505,0.204752,0.107938,-0.997593,0.0665155
421,-15846.3,2,0.191575,4.95896,0.463158,0.206504,0.204753,0.107882,-0.997596,0.0665162
422,-15808,2,0.191579,4.9588,0.463152,0.206526,0.204779,0.10786,-0.997593,0.0665171
423,-15834.3,2,0.191592,4.95846,0.463141,0.206578,0.204827,0.107807,-0.997594,0.0665175
424,-15832.4,2,0.191614,4.9579,0.463119,0.206631,0.20489,0.107767,-0.997593,0.0665174
425,-15829.6,2,0.191619,4.95771,0.46311,0.206646,0.204899,0.107749,-0.997591,0.0665177
426,-15854.2,2,0.191614,4.95787,0.463121,0.206626,0.204865,0.107707,-0.997591,0.0665177
427,-15866.8,2,0.191605,4.95811,0.463131,0.206652,0.204888,0.10768,-0.997593,0.0665173
428,-15840,2,0.191594,4.95829,0.463138,0.206678,0.204925,0.107657,-0.997592,0.0665172
429,-15846.1,2,0.191581,4.95865,0.463146,0.206803,0.205043,0.107657,-0.997596,0.0665169
430,-15828.5,2,0.191558,4.9593,0.463166,0.206927,0.205159,0.107664,-0.997596,0.0665164
431,-15823.8,2,0.191519,4.96037,0.463197,0.207105,0.205338,0.107681,-0.997601,0.0665163
432,-15809.5,2,0.191468,4.96176,0.463237,0.20727,0.205513,0.107692,-0.997602,0.0665163
433,-15846.5,2,0.191421,4.96296,0.463286,0.207385,0.205613,0.107653,-0.997606,0.0665163
434,-15844.5,2,0.191373,4.96423,0.463329,0.207535,0.205745,0.107611,-0.997607,0.0665157
435,-15838.2,2,0.191332,4.96532,0.46336,0.207693,0.205907,0.107641,-0.997608,0.0665146
436,-15831.5,2,0.191291,4.96636,0.463391,0.207847,0.20607,0.107675,-0.997608,0.0665136
437,-15834.4,2,0.191259,4.96722,0.463423,0.207985,0.206221,0.107702,-0.99761,0.0665129
438,-15832.8,2,0.191218,4.96828,0.463459,0.208083,0.20631,0.107711,-0.997609,0.0665124
439,-15830.7,2,0.191178,4.96938,0.463498,0.208192,0.206422,0.10773,-0.99761,0.0665119
440,-15842.4,2,0.191141,4.97025,0.463525,0.208325,0.206555,0.10772,-0.997612,0.0665114
441,-15804,2,0.191109,4.97107,0.463551,0.208419,0.206656,0.107724,-0.997611,0.0665117
442,-15836.1,2,0.191087,4.97171,0.463569,0.208508,0.206749,0.107723,-0.997614,0.0665117
443,-15856.9,2,0.191065,4.97228,0.46358,0.208561,0.206798,0.107718,-0.997619,0.0665116
444,-15861.6,2,0.191037,4.97301,0.463608,0.208654,0.206872,0.107707,-0.997624,0.0665114
445,-15841.4,2,0.190998,4.97404,0.463644,0.208716,0.206918,0.107713,-0.997627,0.0665115
446,-15846,2,0.190963,4.9749,0.463677,0.208757,0.206962,0.10774,-0.997629,0.0665112
447,-15837.1,2,0.190932,4.97566,0.463702,0.208827,0.207036,0.107763,-0.99763,0.0665108
448,-15818.2,2,0.190909,4.97628,0.463722,0.208875,0.207091,0.107772,-0.997629,0.0665109
449,-15824.9,2,0.190894,4.97661,0.463735,0.208894,0.207096,0.107782,-0.997625,0.0665106
450,-15838.4,2,0.190879,4.97697,0.463747,0.208923,0.207124,0.1078,-0.997625,0.0665105
451,-15867.9,2,0.190882,4.97692,0.463749,0.208906,0.2071,0.107766,-0.997627,0.0665104
