A1_abscissa,A1_cdf,tau1_abscissa,tau1_cdf,I0_abscissa,I0_cdf,split
0.0779316,0,2.03983,0,0.243699,0,All
0.103614,0.00189394,2.34973,0.00189394,0.331294,0.00189394,All
0.104799,0.00378788,2.40829,0.00378788,0.331858,0.00378788,All
0.10528,0.00568182,2.41321,0.00568182,0.332253,0.00568182,All
0.109515,0.00757576,2.53573,0.00757576,0.336673,0.00757576,All
0.113908,0.0094697,2.54649,0.0094697,0.337311,0.0094697,All
0.11692,0.0113636,2.55573,0.0113636,0.344748,0.0113636,All
0.11824,0.0132576,2.55765,0.0132576,0.348705,0.0132576,All
0.119346,0.0151515,2.58958,0.0151515,0.356533,0.0151515,All
0.12,0.0170455,2.98059,0.0170455,0.370444,0.0170455,All
0.120625,0.0189394,3.12314,0.0189394,0.371297,0.0189394,All
0.120726,0.0208333,3.21025,0.0208333,0.371616,0.0208333,All
0.120789,0.0227273,3.27648,0.0227273,0.374686,0.0227273,All
0.121033,0.0246212,3.31337,0.0246212,0.3753,0.0246212,All
0.121276,0.0265152,3.3453,0.0265152,0.377667,0.0265152,All
0.121976,0.0284091,3.42153,0.0284091,0.380702,0.0284091,All
0.122195,0.030303,3.4237,0.030303,0.384914,0.030303,All
0.122978,0.032197,3.44705,0.032197,0.385403,0.032197,All
0.12404,0.0340909,3.48185,0.0340909,0.386538,0.0340909,All
0.124825,0.0359848,3.49475,0.0359848,0.387862,0.0359848,All
0.126421,0.0378788,3.49883,0.0378788,0.387945,0.0378788,All
0.127294,0.0397727,3.50397,0.0397727,0.392989,0.0397727,All
0.127529,0.0416667,3.51796,0.0416667,0.393109,0.0416667,All
0.127641,0.0435606,3.52447,0.0435606,0.393208,0.0435606,All
0.128534,0.0454545,3.52553,0.0454545,0.394452,0.0454545,All
0.129702,0.0473485,3.53468,0.0473485,0.394525,0.0473485,All
0.12998,0.0492424,3.53775,0.0492424,0.395417,0.0492424,All
0.130613,0.0511364,3.55134,0.0511364,0.395694,0.0511364,All
0.131177,0.0530303,3.55739,0.0530303,0.396498,0.0530303,All
0.131566,0.0549242,3.58376,0.0549242,0.396779,0.0549242,All
0.132359,0.0568182,3.59392,0.0568182,0.396943,0.0568182,All
0.132383,0.0587121,3.61049,0.0587121,0.397055,0.0587121,All
0.132643,0.0606061,3.6325,0.0606061,0.397141,0.0606061,All
0.132756,0.0625,3.64702,0.0625,0.398873,0.0625,All
0.132793,0.0643939,3.65981,0.0643939,0.399634,0.0643939,All
0.133116,0.0662879,3.6669,0.0662879,0.400177,0.0662879,All
0.133313,0.0681818,3.69499,0.0681818,0.400903,0.0681818,All
0.13355,0.0700758,3.69876,0.0700758,0.402154,0.0700758,All
0.133776,0.0719697,3.73476,0.0719697,0.402177,0.0719697,All
0.135312,0.0738636,3.742,0.0738636,0.403628,0.0738636,All
0.136731,0.0757576,3.74509,0.0757576,0.404476,0.0757576,All
0.137169,0.0776515,3.75229,0.0776515,0.405068,0.0776515,All
0.137878,0.0795455,3.75502,0.0795455,0.406517,0.0795455,All
0.138135,0.0814394,3.76063,0.0814394,0.406667,0.0814394,All
0.138501,0.0833333,3.76379,0.0833333,0.408299,0.0833333,All
0.138544,0.0852273,3.79054,0.0852273,0.408717,0.0852273,All
0.139352,0.0871212,3.82624,0.0871212,0.40889,0.0871212,All
0.139467,0.0890152,3.85018,0.0890152,0.409169,0.0890152,All
0.140025,0.0909091,3.85236,0.0909091,0.409998,0.0909091,All
0.140315,0.092803,3.86037,0.092803,0.410019,0.092803,All
0.140345,0.094697,3.87213,0.094697,0.410055,0.094697,All
0.140556,0.0965909,3.88782,0.0965909,0.410199,0.0965909,All
0.140647,0.0984848,3.89137,0.0984848,0.4103,0.0984848,All
0.140703,0.100379,3.89432,0.100379,0.410826,0.100379,All
0.140985,0.102273,3.90183,0.102273,0.412801,0.102273,All
0.141122,0.104167,3.91255,0.104167,0.41285,0.104167,All
0.142177,0.106061,3.92102,0.106061,0.412856,0.106061,All
0.142543,0.107955,3.92433,0.107955,0.413648,0.107955,All
0.142678,0.109848,3.9355,0.109848,0.413883,0.109848,All
0.142697,0.111742,3.9656,0.111742,0.414004,0.111742,All
0.143405,0.113636,3.96625,0.113636,0.414199,0.113636,All
0.143904,0.11553,3.97423,0.11553,0.414321,0.11553,All
0.144558,0.117424,3.98799,0.117424,0.414821,0.117424,All
0.144705,0.119318,4.00217,0.119318,0.415079,0.119318,All
0.145085,0.121212,4.00297,0.121212,0.415867,0.121212,All
0.145445,0.123106,4.00308,0.123106,0.41627,0.123106,All
0.145706,0.125,4.00594,0.125,0.41634,0.125,All
0.146581,0.126894,4.00918,0.126894,0.416515,0.126894,All
0.146987,0.128788,4.01438,0.128788,0.4166,0.128788,All
0.147497,0.130682,4.0181,0.130682,0.416672,0.130682,All
0.148558,0.132576,4.02741,0.132576,0.416854,0.132576,All
0.148747,0.13447,4.02784,0.13447,0.417102,0.13447,All
0.148801,0.136364,4.03177,0.136364,0.41756,0.136364,All
0.149213,0.138258,4.04116,0.138258,0.417745,0.138258,All
0.149502,0.140152,4.05345,0.140152,0.418069,0.140152,All
0.149552,0.142045,4.05538,0.142045,0.418105,0.142045,All
0.149589,0.143939,4.0667,0.143939,0.418402,0.143939,All
0.150143,0.145833,4.09725,0.145833,0.418662,0.145833,All
0.151051,0.147727,4.09946,0.147727,0.418682,0.147727,All
0.151356,0.149621,4.101,0.149621,0.42008,0.149621,All
0.151439,0.151515,4.10483,0.151515,0.420437,0.151515,All
0.151606,0.153409,4.10914,0.153409,0.420808,0.153409,All
0.151702,0.155303,4.11029,0.155303,0.420971,0.155303,All
0.15248,0.157197,4.12611,0.157197,0.421001,0.157197,All
0.152852,0.159091,4.1353,0.159091,0.421405,0.159091,All
0.153028,0.160985,4.15729,0.160985,0.421645,0.160985,All
0.153264,0.162879,4.15835,0.162879,0.421659,0.162879,All
0.154012,0.164773,4.1627,0.164773,0.422112,0.164773,All
0.154101,0.166667,4.17281,0.166667,0.422355,0.166667,All
0.154153,0.168561,4.18469,0.168561,0.424078,0.168561,All
0.154187,0.170455,4.19451,0.170455,0.424183,0.170455,All
0.154501,0.172348,4.19811,0.172348,0.424889,0.172348,All
0.154807,0.174242,4.21032,0.174242,0.425245,0.174242,All
0.154812,0.176136,4.21428,0.176136,0.425512,0.176136,All
0.15489,0.17803,4.21551,0.17803,0.425626,0.17803,All
0.155392,0.179924,4.21716,0.179924,0.426383,0.179924,All
0.156088,0.181818,4.24756,0.181818,0.426439,0.181818,All
0.156811,0.183712,4.25936,0.183712,0.427314,0.183712,All
0.157638,0.185606,4.26558,0.185606,0.427856,0.185606,All
0.159335,0.1875,4.27246,0.1875,0.4281,0.1875,All
0.159345,0.189394,4.27304,0.189394,0.428233,0.189394,All
0.159958,0.191288,4.27612,0.191288,0.428299,0.191288,All
0.160636,0.193182,4.27638,0.193182,0.428824,0.193182,All
0.160725,0.195076,4.28182,0.195076,0.428864,0.195076,All
0.160987,0.19697,4.28582,0.19697,0.42908,0.19697,All
0.1612,0.198864,4.29102,0.198864,0.429299,0.198864,All
0.161211,0.200758,4.29148,0.200758,0.429311,0.200758,All
0.161355,0.202652,4.30607,0.202652,0.429632,0.202652,All
0.161549,0.204545,4.30707,0.204545,0.429884,0.204545,All
0.161717,0.206439,4.31571,0.206439,0.43034,0.206439,All
0.161776,0.208333,4.31837,0.208333,0.430941,0.208333,All
0.162452,0.210227,4.32074,0.210227,0.431853,0.210227,All
0.162486,0.212121,4.33454,0.212121,0.432089,0.212121,All
0.162581,0.214015,4.34019,0.214015,0.432743,0.214015,All
0.162589,0.215909,4.34747,0.215909,0.432984,0.215909,All
0.162968,0.217803,4.35329,0.217803,0.433089,0.217803,All
0.163449,0.219697,4.35351,0.219697,0.433208,0.219697,All
0.16392,0.221591,4.36066,0.221591,0.434678,0.221591,All
0.163987,0.223485,4.36336,0.223485,0.43533,0.223485,All
0.163987,0.225379,4.36681,0.225379,0.435473,0.225379,All
0.164342,0.227273,4.37122,0.227273,0.435602,0.227273,All
0.164489,0.229167,4.37205,0.229167,0.435905,0.229167,All
0.165112,0.231061,4.37435,0.231061,0.436064,0.231061,All
0.165374,0.232955,4.377,0.232955,0.436415,0.232955,All
0.165467,0.234848,4.37971,0.234848,0.436802,0.234848,All
0.16549,0.236742,4.38362,0.236742,0.437266,0.236742,All
0.165525,0.238636,4.38447,0.238636,0.438182,0.238636,All
0.165733,0.24053,4.38627,0.24053,0.438242,0.24053,All
0.165871,0.242424,4.3864,0.242424,0.438673,0.242424,All
0.166239,0.244318,4.39022,0.244318,0.439046,0.244318,All
0.167113,0.246212,4.39507,0.246212,0.439104,0.246212,All
0.167201,0.248106,4.39748,0.248106,0.439292,0.248106,All
0.167387,0.25,4.39777,0.25,0.440393,0.25,All
0.167731,0.251894,4.40064,0.251894,0.440777,0.251894,All
0.167847,0.253788,4.40759,0.253788,0.44093,0.253788,All
0.168076,0.255682,4.41012,0.255682,0.441202,0.255682,All
0.168097,0.257576,4.41993,0.257576,0.441581,0.257576,All
0.168265,0.25947,4.42065,0.25947,0.441963,0.25947,All
0.168377,0.261364,4.42435,0.261364,0.44211,0.261364,All
0.169606,0.263258,4.43056,0.263258,0.442684,0.263258,All
0.16964,0.265152,4.43394,0.265152,0.442716,0.265152,All
0.169876,0.267045,4.43751,0.267045,0.442929,0.267045,All
0.169987,0.268939,4.43898,0.268939,0.442948,0.268939,All
0.170257,0.270833,4.44589,0.270833,0.443991,0.270833,All
0.170312,0.272727,4.44647,0.272727,0.444034,0.272727,All
0.170461,0.274621,4.45058,0.274621,0.444334,0.274621,All
0.170528,0.276515,4.45771,0.276515,0.44434,0.276515,All
0.170532,0.278409,4.45897,0.278409,0.444693,0.278409,All
0.170557,0.280303,4.46689,0.280303,0.444733,0.280303,All
0.170709,0.282197,4.47476,0.282197,0.445088,0.282197,All
0.170744,0.284091,4.48081,0.284091,0.44563,0.284091,All
0.170942,0.285985,4.48194,0.285985,0.446068,0.285985,All
0.171189,0.287879,4.48313,0.287879,0.446156,0.287879,All
0.171241,0.289773,4.48482,0.289773,0.446555,0.289773,All
0.171316,0.291667,4.48492,0.291667,0.446756,0.291667,All
0.171382,0.293561,4.49194,0.293561,0.447219,0.293561,All
0.171628,0.295455,4.49955,0.295455,0.447291,0.295455,All
0.171705,0.297348,4.50195,0.297348,0.447409,0.297348,All
0.171732,0.299242,4.50367,0.299242,0.447533,0.299242,All
0.172543,0.301136,4.51053,0.301136,0.447843,0.301136,All
0.17255,0.30303,4.51064,0.30303,0.448033,0.30303,All
0.17259,0.304924,4.51199,0.304924,0.448226,0.304924,All
0.17268,0.306818,4.53607,0.306818,0.448307,0.306818,All
0.173106,0.308712,4.53774,0.308712,0.448639,0.308712,All
0.173479,0.310606,4.55634,0.310606,0.448889,0.310606,All
0.173656,0.3125,4.55672,0.3125,0.449018,0.3125,All
0.173944,0.314394,4.56213,0.314394,0.449092,0.314394,All
0.17403,0.316288,4.56579,0.316288,0.449314,0.316288,All
0.174085,0.318182,4.57404,0.318182,0.449442,0.318182,All
0.174233,0.320076,4.57657,0.320076,0.449702,0.320076,All
0.174325,0.32197,4.57845,0.32197,0.450209,0.32197,All
0.174608,0.323864,4.57997,0.323864,0.451131,0.323864,All
0.174691,0.325758,4.58463,0.325758,0.451316,0.325758,All
0.174692,0.327652,4.58973,0.327652,0.451373,0.327652,All
0.174756,0.329545,4.59445,0.329545,0.451521,0.329545,All
0.17478,0.331439,4.59877,0.331439,0.45231,0.331439,All
0.175327,0.333333,4.60123,0.333333,0.452338,0.333333,All
0.175331,0.335227,4.60265,0.335227,0.452432,0.335227,All
0.175466,0.337121,4.60375,0.337121,0.452868,0.337121,All
0.175663,0.339015,4.60826,0.339015,0.453259,0.339015,All
0.175721,0.340909,4.61004,0.340909,0.45372,0.340909,All
0.176044,0.342803,4.61045,0.342803,0.45402,0.342803,All
0.176126,0.344697,4.61291,0.344697,0.454076,0.344697,All
0.176344,0.346591,4.61392,0.346591,0.454184,0.346591,All
0.176553,0.348485,4.614,0.348485,0.454425,0.348485,All
0.176567,0.350379,4.61892,0.350379,0.454786,0.350379,All
0.176662,0.352273,4.62535,0.352273,0.454911,0.352273,All
0.176804,0.354167,4.637,0.354167,0.454988,0.354167,All
0.176826,0.356061,4.639,0.356061,0.455044,0.356061,All
0.177244,0.357955,4.64275,0.357955,0.455288,0.357955,All
0.177245,0.359848,4.64864,0.359848,0.455372,0.359848,All
0.177286,0.361742,4.65012,0.361742,0.455418,0.361742,All
0.177331,0.363636,4.65127,0.363636,0.455724,0.363636,All
0.177348,0.36553,4.65323,0.36553,0.455945,0.36553,All
0.177707,0.367424,4.65462,0.367424,0.456062,0.367424,All
0.178417,0.369318,4.65563,0.369318,0.456378,0.369318,All
0.178517,0.371212,4.66738,0.371212,0.456574,0.371212,All
0.178527,0.373106,4.66917,0.373106,0.456667,0.373106,All
0.178586,0.375,4.6692,0.375,0.45667,0.375,All
0.178658,0.376894,4.67029,0.376894,0.456798,0.376894,All
0.178763,0.378788,4.67465,0.378788,0.456912,0.378788,All
0.178781,0.380682,4.67772,0.380682,0.457044,0.380682,All
0.179123,0.382576,4.6792,0.382576,0.457077,0.382576,All
0.17917,0.38447,4.68395,0.38447,0.457091,0.38447,All
0.179191,0.386364,4.69207,0.386364,0.457174,0.386364,All
0.179193,0.388258,4.6928,0.388258,0.457268,0.388258,All
0.179318,0.390152,4.70074,0.390152,0.457331,0.390152,All
0.179371,0.392045,4.70424,0.392045,0.457506,0.392045,All
0.179511,0.393939,4.70803,0.393939,0.457521,0.393939,All
0.179673,0.395833,4.71871,0.395833,0.457617,0.395833,All
0.179846,0.397727,4.72233,0.397727,0.457653,0.397727,All
0.180067,0.399621,4.74075,0.399621,0.45766,0.399621,All
0.180431,0.401515,4.74527,0.401515,0.45827,0.401515,All
0.180502,0.403409,4.74544,0.403409,0.45836,0.403409,All
0.180586,0.405303,4.74631,0.405303,0.458505,0.405303,All
0.180654,0.407197,4.75201,0.407197,0.458614,0.407197,All
0.18079,0.409091,4.7583,0.409091,0.458774,0.409091,All
0.180986,0.410985,4.76094,0.410985,0.458974,0.410985,All
0.181744,0.412879,4.76349,0.412879,0.459329,0.412879,All
0.181794,0.414773,4.76718,0.414773,0.459411,0.414773,All
0.181798,0.416667,4.76997,0.416667,0.459612,0.416667,All
0.182008,0.418561,4.78294,0.418561,0.459988,0.418561,All
0.182043,0.420455,4.7902,0.420455,0.459992,0.420455,All
0.182211,0.422348,4.79362,0.422348,0.460097,0.422348,All
0.182413,0.424242,4.79446,0.424242,0.460332,0.424242,All
0.182444,0.426136,4.79618,0.426136,0.460493,0.426136,All
0.182446,0.42803,4.79806,0.42803,0.460676,0.42803,All
0.182493,0.429924,4.80438,0.429924,0.460693,0.429924,All
0.182707,0.431818,4.80623,0.431818,0.460778,0.431818,All
0.18277,0.433712,4.8092,0.433712,0.461372,0.433712,All
0.18277,0.435606,4.81481,0.435606,0.461432,0.435606,All
0.182976,0.4375,4.81982,0.4375,0.46161,0.4375,All
0.183476,0.439394,4.82168,0.439394,0.461655,0.439394,All
0.183553,0.441288,4.82431,0.441288,0.461726,0.441288,All
0.183666,0.443182,4.82447,0.443182,0.46173,0.443182,All
0.183793,0.445076,4.82721,0.445076,0.461792,0.445076,All
0.183818,0.44697,4.83013,0.44697,0.462225,0.44697,All
0.183861,0.448864,4.8379,0.448864,0.462558,0.448864,All
0.184131,0.450758,4.83837,0.450758,0.462827,0.450758,All
0.18451,0.452652,4.84097,0.452652,0.463506,0.452652,All
0.184634,0.454545,4.8423,0.454545,0.463532,0.454545,All
0.185209,0.456439,4.84515,0.456439,0.46361,0.456439,All
0.185437,0.458333,4.84515,0.458333,0.463613,0.458333,All
0.185659,0.460227,4.85055,0.460227,0.463935,0.460227,All
0.185851,0.462121,4.85459,0.462121,0.464275,0.462121,All
0.186131,0.464015,4.87972,0.464015,0.464332,0.464015,All
0.186141,0.465909,4.88743,0.465909,0.464362,0.465909,All
0.186225,0.467803,4.89085,0.467803,0.4646,0.467803,All
0.186304,0.469697,4.90559,0.469697,0.465154,0.469697,All
0.18633,0.471591,4.91074,0.471591,0.465456,0.471591,All
0.18633,0.473485,4.91813,0.473485,0.466367,0.473485,All
0.186472,0.475379,4.92694,0.475379,0.466437,0.475379,All
0.186523,0.477273,4.92709,0.477273,0.466441,0.477273,All
0.187502,0.479167,4.93292,0.479167,0.46648,0.479167,All
0.187521,0.481061,4.94018,0.481061,0.466533,0.481061,All
0.187546,0.482955,4.94374,0.482955,0.466671,0.482955,All
0.187562,0.484848,4.95449,0.484848,0.466742,0.484848,All
0.187566,0.486742,4.95723,0.486742,0.467281,0.486742,All
0.187701,0.488636,4.96689,0.488636,0.467342,0.488636,All
0.187819,0.49053,4.971,0.49053,0.467403,0.49053,All
0.187896,0.492424,4.97541,0.492424,0.467856,0.492424,All
0.188186,0.494318,4.98691,0.494318,0.467869,0.494318,All
0.189111,0.496212,4.99303,0.496212,0.468027,0.496212,All
0.189696,0.498106,4.99463,0.498106,0.468249,0.498106,All
0.189885,0.5,4.99601,0.5,0.468463,0.5,All
0.191653,0.501894,4.99616,0.501894,0.46854,0.501894,All
0.191711,0.503788,5.00706,0.503788,0.468567,0.503788,All
0.191898,0.505682,5.01261,0.505682,0.469048,0.505682,All
0.192121,0.507576,5.01782,0.507576,0.469049,0.507576,All
0.19215,0.50947,5.0245,0.50947,0.469151,0.50947,All
0.192401,0.511364,5.02975,0.511364,0.469396,0.511364,All
0.192582,0.513258,5.03783,0.513258,0.469551,0.513258,All
0.192713,0.515152,5.04888,0.515152,0.469763,0.515152,All
0.192761,0.517045,5.06268,0.517045,0.469966,0.517045,All
0.192796,0.518939,5.06944,0.518939,0.469997,0.518939,All
0.192939,0.520833,5.07535,0.520833,0.470042,0.520833,All
0.193093,0.522727,5.07581,0.522727,0.47023,0.522727,All
0.193095,0.524621,5.07651,0.524621,0.470418,0.524621,All
0.193205,0.526515,5.07898,0.526515,0.470891,0.526515,All
0.193586,0.528409,5.08037,0.528409,0.470909,0.528409,All
0.193742,0.530303,5.08977,0.530303,0.47093,0.530303,All
0.193919,0.532197,5.09178,0.532197,0.471248,0.532197,All
0.19414,0.534091,5.10397,0.534091,0.471276,0.534091,All
0.194176,0.535985,5.10844,0.535985,0.471361,0.535985,All
0.194415,0.537879,5.10918,0.537879,0.471578,0.537879,All
0.194582,0.539773,5.11212,0.539773,0.471972,0.539773,All
0.194684,0.541667,5.12329,0.541667,0.472203,0.541667,All
0.194965,0.543561,5.12491,0.543561,0.472261,0.543561,All
0.195226,0.545455,5.12954,0.545455,0.472682,0.545455,All
0.195742,0.547348,5.13673,0.547348,0.472814,0.547348,All
0.196083,0.549242,5.1443,0.549242,0.472869,0.549242,All
0.19615,0.551136,5.14708,0.551136,0.472946,0.551136,All
0.196521,0.55303,5.1489,0.55303,0.473263,0.55303,All
0.196704,0.554924,5.15422,0.554924,0.473273,0.554924,All
0.196848,0.556818,5.16049,0.556818,0.473307,0.556818,All
0.196851,0.558712,5.16499,0.558712,0.473382,0.558712,All
0.197069,0.560606,5.16616,0.560606,0.473571,0.560606,All
0.197371,0.5625,5.17806,0.5625,0.473575,0.5625,All
0.197387,0.564394,5.18579,0.564394,0.473579,0.564394,All
0.19779,0.566288,5.18845,0.566288,0.473872,0.566288,All
0.197943,0.568182,5.19074,0.568182,0.474345,0.568182,All
0.198005,0.570076,5.19696,0.570076,0.474502,0.570076,All
0.198104,0.57197,5.19902,0.57197,0.474698,0.57197,All
0.198108,0.573864,5.20703,0.573864,0.474875,0.573864,All
0.198349,0.575758,5.22359,0.575758,0.474877,0.575758,All
0.198803,0.577652,5.23077,0.577652,0.474946,0.577652,All
0.198889,0.579545,5.23959,0.579545,0.475024,0.579545,All
0.198928,0.581439,5.2424,0.581439,0.475433,0.581439,All
0.199161,0.583333,5.2514,0.583333,0.475565,0.583333,All
0.199192,0.585227,5.25166,0.585227,0.475695,0.585227,All
0.199496,0.587121,5.25177,0.587121,0.475838,0.587121,All
0.199571,0.589015,5.25395,0.589015,0.475911,0.589015,All
0.199778,0.590909,5.25498,0.590909,0.476185,0.590909,All
0.200358,0.592803,5.25873,0.592803,0.476652,0.592803,All
0.200711,0.594697,5.26057,0.594697,0.477059,0.594697,All
0.200952,0.596591,5.26171,0.596591,0.477103,0.596591,All
0.201002,0.598485,5.26196,0.598485,0.477437,0.598485,All
0.201362,0.600379,5.27377,0.600379,0.477571,0.600379,All
0.201413,0.602273,5.27396,0.602273,0.477749,0.602273,All
0.201419,0.604167,5.27407,0.604167,0.47775,0.604167,All
0.201434,0.606061,5.28358,0.606061,0.4778,0.606061,All
0.201563,0.607955,5.28544,0.607955,0.47814,0.607955,All
0.201732,0.609848,5.29199,0.609848,0.47834,0.609848,All
0.201766,0.611742,5.29652,0.611742,0.478365,0.611742,All
0.202565,0.613636,5.29656,0.613636,0.478388,0.613636,All
0.202613,0.61553,5.29694,0.61553,0.478467,0.61553,All
0.202665,0.617424,5.30769,0.617424,0.478864,0.617424,All
0.203034,0.619318,5.32085,0.619318,0.479023,0.619318,All
0.203086,0.621212,5.326,0.621212,0.479083,0.621212,All
0.203194,0.623106,5.32988,0.623106,0.47924,0.623106,All
0.203215,0.625,5.33259,0.625,0.479572,0.625,All
0.203366,0.626894,5.34877,0.626894,0.479811,0.626894,All
0.203602,0.628788,5.35313,0.628788,0.479922,0.628788,All
0.203911,0.630682,5.35405,0.630682,0.480114,0.630682,All
0.203978,0.632576,5.35725,0.632576,0.480415,0.632576,All
0.204179,0.63447,5.3588,0.63447,0.480904,0.63447,All
0.204261,0.636364,5.35942,0.636364,0.481208,0.636364,All
0.204273,0.638258,5.36181,0.638258,0.481372,0.638258,All
0.204559,0.640152,5.36201,0.640152,0.481763,0.640152,All
0.20484,0.642045,5.36236,0.642045,0.48197,0.642045,All
0.204936,0.643939,5.36584,0.643939,0.482161,0.643939,All
0.20503,0.645833,5.36904,0.645833,0.48237,0.645833,All
0.205277,0.647727,5.372,0.647727,0.482536,0.647727,All
0.205298,0.649621,5.37421,0.649621,0.483712,0.649621,All
0.205391,0.651515,5.38562,0.651515,0.484022,0.651515,All
0.205571,0.653409,5.39019,0.653409,0.484166,0.653409,All
0.205747,0.655303,5.39287,0.655303,0.484336,0.655303,All
0.205771,0.657197,5.39317,0.657197,0.484549,0.657197,All
0.205808,0.659091,5.39388,0.659091,0.485148,0.659091,All
0.205866,0.660985,5.3983,0.660985,0.485524,0.660985,All
0.206147,0.662879,5.40417,0.662879,0.48556,0.662879,All
0.206435,0.664773,5.41819,0.664773,0.485611,0.664773,All
0.206534,0.666667,5.42118,0.666667,0.485626,0.666667,All
0.20654,0.668561,5.42296,0.668561,0.485642,0.668561,All
0.206574,0.670455,5.43164,0.670455,0.485749,0.670455,All
0.206873,0.672348,5.43346,0.672348,0.485829,0.672348,All
0.207025,0.674242,5.4394,0.674242,0.486033,0.674242,All
0.20731,0.676136,5.44797,0.676136,0.486296,0.676136,All
0.207751,0.67803,5.45094,0.67803,0.486922,0.67803,All
0.208187,0.679924,5.453,0.679924,0.487198,0.679924,All
0.208313,0.681818,5.45904,0.681818,0.487388,0.681818,All
0.208363,0.683712,5.46182,0.683712,0.487427,0.683712,All
0.209854,0.685606,5.46253,0.685606,0.487698,0.685606,All
0.209875,0.6875,5.46552,0.6875,0.488062,0.6875,All
0.210507,0.689394,5.47893,0.689394,0.488463,0.689394,All
0.210589,0.691288,5.48255,0.691288,0.489002,0.691288,All
0.210782,0.693182,5.48779,0.693182,0.489393,0.693182,All
0.210788,0.695076,5.4915,0.695076,0.48941,0.695076,All
0.210868,0.69697,5.5061,0.69697,0.489557,0.69697,All
0.210872,0.698864,5.51542,0.698864,0.489985,0.698864,All
0.211118,0.700758,5.51985,0.700758,0.490238,0.700758,All
0.211503,0.702652,5.53445,0.702652,0.490279,0.702652,All
0.211528,0.704545,5.53627,0.704545,0.490361,0.704545,All
0.211674,0.706439,5.53717,0.706439,0.49093,0.706439,All
0.211681,0.708333,5.53931,0.708333,0.491028,0.708333,All
0.211718,0.710227,5.54186,0.710227,0.491218,0.710227,All
0.211854,0.712121,5.55982,0.712121,0.49133,0.712121,All
0.212092,0.714015,5.56048,0.714015,0.491354,0.714015,All
0.212285,0.715909,5.57388,0.715909,0.491521,0.715909,All
0.212409,0.717803,5.57896,0.717803,0.491528,0.717803,All
0.212434,0.719697,5.58062,0.719697,0.491731,0.719697,All
0.21248,0.721591,5.58508,0.721591,0.492116,0.721591,All
0.212696,0.723485,5.59114,0.723485,0.492395,0.723485,All
0.212771,0.725379,5.59217,0.725379,0.492619,0.725379,All
0.21286,0.727273,5.598,0.727273,0.492658,0.727273,All
0.213057,0.729167,5.60079,0.729167,0.492832,0.729167,All
0.213097,0.731061,5.60925,0.731061,0.492928,0.731061,All
0.213569,0.732955,5.61058,0.732955,0.493564,0.732955,All
0.213713,0.734848,5.6144,0.734848,0.493921,0.734848,All
0.214048,0.736742,5.62497,0.736742,0.493972,0.736742,All
0.214223,0.738636,5.62528,0.738636,0.49421,0.738636,All
0.214288,0.74053,5.62609,0.74053,0.495052,0.74053,All
0.214454,0.742424,5.62775,0.742424,0.495823,0.742424,All
0.214463,0.744318,5.63511,0.744318,0.495917,0.744318,All
0.214681,0.746212,5.64226,0.746212,0.495989,0.746212,All
0.216057,0.748106,5.65194,0.748106,0.496071,0.748106,All
0.21616,0.75,5.65325,0.75,0.496845,0.75,All
0.216195,0.751894,5.66757,0.751894,0.496884,0.751894,All
0.216607,0.753788,5.66818,0.753788,0.496917,0.753788,All
0.216795,0.755682,5.67433,0.755682,0.497068,0.755682,All
0.216961,0.757576,5.68132,0.757576,0.497307,0.757576,All
0.217058,0.75947,5.68799,0.75947,0.497309,0.75947,All
0.217077,0.761364,5.69297,0.761364,0.497711,0.761364,All
0.217141,0.763258,5.71342,0.763258,0.498013,0.763258,All
0.217523,0.765152,5.72364,0.765152,0.49806,0.765152,All
0.217894,0.767045,5.72385,0.767045,0.49842,0.767045,All
0.218557,0.768939,5.73295,0.768939,0.498551,0.768939,All
0.21857,0.770833,5.73734,0.770833,0.498904,0.770833,All
0.218588,0.772727,5.73963,0.772727,0.498919,0.772727,All
0.218771,0.774621,5.74242,0.774621,0.49895,0.774621,All
0.218821,0.776515,5.76122,0.776515,0.49902,0.776515,All
0.21901,0.778409,5.76572,0.778409,0.499106,0.778409,All
0.219094,0.780303,5.76599,0.780303,0.499389,0.780303,All
0.219291,0.782197,5.78056,0.782197,0.499701,0.782197,All
0.219584,0.784091,5.79448,0.784091,0.500234,0.784091,All
0.219733,0.785985,5.7955,0.785985,0.500787,0.785985,All
0.220325,0.787879,5.80028,0.787879,0.500831,0.787879,All
0.220571,0.789773,5.80687,0.789773,0.500902,0.789773,All
0.221147,0.791667,5.81251,0.791667,0.500965,0.791667,All
0.221446,0.793561,5.84203,0.793561,0.501034,0.793561,All
0.221458,0.795455,5.84288,0.795455,0.501528,0.795455,All
0.221871,0.797348,5.85913,0.797348,0.501651,0.797348,All
0.221934,0.799242,5.86105,0.799242,0.502483,0.799242,All
0.222233,0.801136,5.87872,0.801136,0.503121,0.801136,All
0.222263,0.80303,5.88137,0.80303,0.503396,0.80303,All
0.222793,0.804924,5.88209,0.804924,0.503593,0.804924,All
0.223186,0.806818,5.89184,0.806818,0.504002,0.806818,All
0.223406,0.808712,5.91077,0.808712,0.504785,0.808712,All
0.223838,0.810606,5.9266,0.810606,0.504961,0.810606,All
0.223979,0.8125,5.92794,0.8125,0.505039,0.8125,All
0.224096,0.814394,5.95273,0.814394,0.505131,0.814394,All
0.224316,0.816288,5.95339,0.816288,0.505278,0.816288,All
0.224507,0.818182,5.95788,0.818182,0.505319,0.818182,All
0.224848,0.820076,6.09641,0.820076,0.505455,0.820076,All
0.224886,0.82197,6.1014,0.82197,0.505699,0.82197,All
0.225383,0.823864,6.1082,0.823864,0.506037,0.823864,All
0.225578,0.825758,6.12057,0.825758,0.506521,0.825758,All
0.225675,0.827652,6.13551,0.827652,0.50658,0.827652,All
0.225804,0.829545,6.13782,0.829545,0.506708,0.829545,All
0.226058,0.831439,6.14955,0.831439,0.507794,0.831439,All
0.226118,0.833333,6.15295,0.833333,0.508295,0.833333,All
0.226363,0.835227,6.17868,0.835227,0.508451,0.835227,All
0.226489,0.837121,6.18614,0.837121,0.508793,0.837121,All
0.227453,0.839015,6.18623,0.839015,0.508994,0.839015,All
0.227524,0.840909,6.18781,0.840909,0.509036,0.840909,All
0.227851,0.842803,6.19041,0.842803,0.509161,0.842803,All
0.229085,0.844697,6.20312,0.844697,0.509982,0.844697,All
0.230856,0.846591,6.21387,0.846591,0.510069,0.846591,All
0.232102,0.848485,6.23582,0.848485,0.510073,0.848485,All
0.232703,0.850379,6.26375,0.850379,0.510401,0.850379,All
0.232746,0.852273,6.30868,0.852273,0.510985,0.852273,All
0.23321,0.854167,6.32644,0.854167,0.511474,0.854167,All
0.233765,0.856061,6.33269,0.856061,0.511485,0.856061,All
0.23419,0.857955,6.34065,0.857955,0.51156,0.857955,All
0.234303,0.859848,6.35893,0.859848,0.511688,0.859848,All
0.234463,0.861742,6.37773,0.861742,0.51173,0.861742,All
0.235463,0.863636,6.38883,0.863636,0.51186,0.863636,All
0.235517,0.86553,6.40013,0.86553,0.512755,0.86553,All
0.235937,0.867424,6.40503,0.867424,0.513176,0.867424,All
0.235986,0.869318,6.42507,0.869318,0.5133,0.869318,All
0.236597,0.871212,6.44007,0.871212,0.513981,0.871212,All
0.237682,0.873106,6.45517,0.873106,0.514183,0.873106,All
0.238008,0.875,6.47055,0.875,0.514892,0.875,All
0.238196,0.876894,6.48238,0.876894,0.515235,0.876894,All
0.238956,0.878788,6.51478,0.878788,0.516228,0.878788,All
0.238958,0.880682,6.52949,0.880682,0.516501,0.880682,All
0.23902,0.882576,6.5305,0.882576,0.516803,0.882576,All
0.240185,0.88447,6.54379,0.88447,0.516984,0.88447,All
0.240718,0.886364,6.56365,0.886364,0.517034,0.886364,All
0.240972,0.888258,6.57713,0.888258,0.517282,0.888258,All
0.241501,0.890152,6.5831,0.890152,0.517385,0.890152,All
0.242227,0.892045,6.6358,0.892045,0.517391,0.892045,All
0.243009,0.893939,6.63846,0.893939,0.518036,0.893939,All
0.243225,0.895833,6.64725,0.895833,0.518685,0.895833,All
0.243607,0.897727,6.66767,0.897727,0.519928,0.897727,All
0.24387,0.899621,6.67324,0.899621,0.520184,0.899621,All
0.244702,0.901515,6.7075,0.901515,0.520294,0.901515,All
0.244868,0.903409,6.70862,0.903409,0.521037,0.903409,All
0.245549,0.905303,6.73451,0.905303,0.522446,0.905303,All
0.245984,0.907197,6.77302,0.907197,0.52262,0.907197,All
0.24714,0.909091,6.81237,0.909091,0.523437,0.909091,All
0.248715,0.910985,6.8249,0.910985,0.523566,0.910985,All
0.24897,0.912879,6.84081,0.912879,0.523643,0.912879,All
0.250258,0.914773,6.84343,0.914773,0.524646,0.914773,All
0.250483,0.916667,6.84983,0.916667,0.525072,0.916667,All
0.251155,0.918561,6.85978,0.918561,0.526145,0.918561,All
0.251358,0.920455,6.87696,0.920455,0.526957,0.920455,All
0.251375,0.922348,6.92037,0.922348,0.527787,0.922348,All
0.252119,0.924242,6.93774,0.924242,0.529409,0.924242,All
0.252398,0.926136,6.98236,0.926136,0.530901,0.926136,All
0.255054,0.92803,6.99441,0.92803,0.531459,0.92803,All
0.255674,0.929924,7.05254,0.929924,0.533822,0.929924,All
0.255931,0.931818,7.05943,0.931818,0.533921,0.931818,All
0.257528,0.933712,7.09817,0.933712,0.534354,0.933712,All
0.259425,0.935606,7.10345,0.935606,0.534844,0.935606,All
0.262768,0.9375,7.11084,0.9375,0.535018,0.9375,All
0.262942,0.939394,7.11413,0.939394,0.535349,0.939394,All
0.263627,0.941288,7.14745,0.941288,0.535386,0.941288,All
0.263651,0.943182,7.16481,0.943182,0.535769,0.943182,All
0.26394,0.945076,7.17429,0.945076,0.536277,0.945076,All
0.264876,0.94697,7.20244,0.94697,0.537691,0.94697,All
0.268468,0.948864,7.21583,0.948864,0.538376,0.948864,All
0.269288,0.950758,7.23881,0.950758,0.542264,0.950758,All
0.269627,0.952652,7.29419,0.952652,0.542375,0.952652,All
0.269985,0.954545,7.30336,0.954545,0.545079,0.954545,All
0.271759,0.956439,7.30974,0.956439,0.545475,0.956439,All
0.271951,0.958333,7.38816,0.958333,0.54577,0.958333,All
0.27215,0.960227,7.41964,0.960227,0.547072,0.960227,All
0.272164,0.962121,7.49653,0.962121,0.549072,0.962121,All
0.27229,0.964015,7.52544,0.964015,0.549398,0.964015,All
0.274818,0.965909,7.61584,0.965909,0.551036,0.965909,All
0.276869,0.967803,7.67778,0.967803,0.554135,0.967803,All
0.276956,0.969697,7.68266,0.969697,0.555344,0.969697,All
0.280583,0.971591,7.68758,0.971591,0.555753,0.971591,All
0.280725,0.973485,7.72493,0.973485,0.556741,0.973485,All
0.28198,0.975379,7.74457,0.975379,0.558854,0.975379,All
0.289545,0.977273,7.74487,0.977273,0.559563,0.977273,All
0.291314,0.979167,7.77521,0.979167,0.561022,0.979167,All
0.295069,0.981061,7.78054,0.981061,0.561444,0.981061,All
0.305287,0.982955,7.81111,0.982955,0.56149,0.982955,All
0.312884,0.984848,7.83583,0.984848,0.565277,0.984848,All
0.364902,0.986742,7.92448,0.986742,0.568779,0.986742,All
0.366798,0.988636,8.14863,0.988636,0.57891,0.988636,All
0.371762,0.99053,8.15664,0.99053,0.581426,0.99053,All
0.376432,0.992424,8.19434,0.992424,0.582151,0.992424,All
0.37782,0.994318,8.58575,0.994318,0.582762,0.994318,All
0.391531,0.996212,8.90167,0.996212,0.585004,0.996212,All
0.391634,0.998106,9.03777,0.998106,0.587786,0.998106,All
0.405957,1,9.24747,1,0.587914,1,All
0.467538,1,12.143,1,0.882495,1,All
