ID,time,observation,censored,split,color,filter
1,0,0.542939,0,All,#4682B4,0
1,0.3539,0.656686,0,All,#4682B4,0
1,0.7078,0.607591,0,All,#4682B4,0
1,1.0617,0.606326,0,All,#4682B4,0
1,1.4156,0.619246,0,All,#4682B4,0
1,1.7695,0.578761,0,All,#4682B4,0
1,2.1234,0.630394,0,All,#4682B4,0
1,2.4773,0.681797,0,All,#4682B4,0
1,2.8312,0.678139,0,All,#4682B4,0
1,3.1851,0.664019,0,All,#4682B4,0
1,3.539,0.59888,0,All,#4682B4,0
1,3.8929,0.732306,0,All,#4682B4,0
1,4.2468,0.716425,0,All,#4682B4,0
1,4.6007,0.600515,0,All,#4682B4,0
1,4.9546,0.570086,0,All,#4682B4,0
1,5.3085,0.667584,0,All,#4682B4,0
1,5.6624,0.646151,0,All,#4682B4,0
1,6.0162,0.612864,0,All,#4682B4,0
1,6.3701,0.605217,0,All,#4682B4,0
1,6.724,0.607834,0,All,#4682B4,0
1,7.0779,0.730659,0,All,#4682B4,0
1,7.4318,0.563142,0,All,#4682B4,0
1,7.7857,0.679204,0,All,#4682B4,0
1,8.1396,0.700048,0,All,#4682B4,0
1,8.4935,0.653037,0,All,#4682B4,0
1,8.8474,0.645465,0,All,#4682B4,0
1,9.2013,0.666999,0,All,#4682B4,0
1,9.5552,0.622007,0,All,#4682B4,0
1,9.9091,0.653307,0,All,#4682B4,0
1,10.263,0.603547,0,All,#4682B4,0
1,10.6169,0.601553,0,All,#4682B4,0
1,10.9708,0.769421,0,All,#4682B4,0
1,11.3247,0.678441,0,All,#4682B4,0
1,11.6786,0.611981,0,All,#4682B4,0
1,12.0325,0.634984,0,All,#4682B4,0
1,12.3863,0.636876,0,All,#4682B4,0
1,12.7402,0.673095,0,All,#4682B4,0
1,13.0941,0.696709,0,All,#4682B4,0
1,13.448,0.717034,0,All,#4682B4,0
1,13.8019,0.635899,0,All,#4682B4,0
1,14.1558,0.66906,0,All,#4682B4,0
1,14.5097,0.720028,0,All,#4682B4,0
1,14.8636,0.696567,0,All,#4682B4,0
1,15.2175,0.713575,0,All,#4682B4,0
1,15.5714,0.693018,0,All,#4682B4,0
1,15.9253,0.646286,0,All,#4682B4,0
1,16.2792,0.663207,0,All,#4682B4,0
1,16.6331,0.720574,0,All,#4682B4,0
1,16.987,0.681549,0,All,#4682B4,0
1,17.3409,0.601874,0,All,#4682B4,0
1,17.6948,0.66574,0,All,#4682B4,0
1,18.0487,0.637716,0,All,#4682B4,0
1,18.4026,0.681397,0,All,#4682B4,0
1,18.7564,0.626316,0,All,#4682B4,0
1,19.1103,0.617878,0,All,#4682B4,0
1,19.4642,0.671872,0,All,#4682B4,0
1,19.8181,0.598471,0,All,#4682B4,0
1,20.172,0.588719,0,All,#4682B4,0
1,20.5259,0.477333,0,All,#4682B4,0
1,20.8798,0.659601,0,All,#4682B4,0
1,21.2337,0.617399,0,All,#4682B4,0
1,21.5876,0.60861,0,All,#4682B4,0
1,21.9415,0.658864,0,All,#4682B4,0
1,22.2954,0.680281,0,All,#4682B4,0
1,22.6493,0.689299,0,All,#4682B4,0
1,23.0032,0.645754,0,All,#4682B4,0
1,23.3571,0.642438,0,All,#4682B4,0
1,23.711,0.699023,0,All,#4682B4,0
1,24.0649,0.631912,0,All,#4682B4,0
1,24.4188,0.679203,0,All,#4682B4,0
1,24.7727,0.692438,0,All,#4682B4,0
1,25.1265,0.634616,0,All,#4682B4,0
1,25.4804,0.666139,0,All,#4682B4,0
1,25.8343,0.682253,0,All,#4682B4,0
1,26.1882,0.635581,0,All,#4682B4,0
1,26.5421,0.693447,0,All,#4682B4,0
1,26.896,0.714786,0,All,#4682B4,0
1,27.2499,0.607606,0,All,#4682B4,0
1,27.6038,0.633706,0,All,#4682B4,0
1,27.9577,0.632736,0,All,#4682B4,0
1,28.3116,0.678581,0,All,#4682B4,0
1,28.6655,0.596865,0,All,#4682B4,0
1,29.0194,0.637588,0,All,#4682B4,0
1,29.3733,0.675427,0,All,#4682B4,0
1,29.7272,0.532816,0,All,#4682B4,0
1,30.0811,0.609855,0,All,#4682B4,0
1,30.435,0.67449,0,All,#4682B4,0
1,30.7889,0.618905,0,All,#4682B4,0
1,31.1428,0.595009,0,All,#4682B4,0
1,31.4966,0.63604,0,All,#4682B4,0
2,0,0.478541,0,All,#4682B4,0
2,0.3539,0.64969,0,All,#4682B4,0
2,0.7078,0.863244,0,All,#4682B4,0
2,1.0617,0.627508,0,All,#4682B4,0
2,1.4156,0.685994,0,All,#4682B4,0
2,1.7695,0.694956,0,All,#4682B4,0
2,2.1233,0.699908,0,All,#4682B4,0
2,2.4772,0.666911,0,All,#4682B4,0
2,2.8311,0.768765,0,All,#4682B4,0
2,3.185,0.708894,0,All,#4682B4,0
2,3.5389,0.607427,0,All,#4682B4,0
2,3.8928,0.685623,0,All,#4682B4,0
2,4.2467,0.698985,0,All,#4682B4,0
2,4.6006,0.734401,0,All,#4682B4,0
2,4.9545,0.706,0,All,#4682B4,0
2,5.3084,0.743565,0,All,#4682B4,0
2,5.6623,0.762474,0,All,#4682B4,0
2,6.0162,0.720726,0,All,#4682B4,0
2,6.3701,0.727844,0,All,#4682B4,0
2,6.724,0.772081,0,All,#4682B4,0
2,7.0779,0.669798,0,All,#4682B4,0
2,7.4318,0.701512,0,All,#4682B4,0
2,7.7857,0.675216,0,All,#4682B4,0
2,8.1396,0.790374,0,All,#4682B4,0
2,8.4934,0.684551,0,All,#4682B4,0
2,8.8473,0.701346,0,All,#4682B4,0
2,9.2012,0.712088,0,All,#4682B4,0
2,9.5551,0.651214,0,All,#4682B4,0
2,9.909,0.702277,0,All,#4682B4,0
2,10.2629,0.703846,0,All,#4682B4,0
2,10.6168,0.80065,0,All,#4682B4,0
2,10.9707,0.896069,0,All,#4682B4,0
2,11.3246,0.734696,0,All,#4682B4,0
2,11.6785,0.675167,0,All,#4682B4,0
2,12.0324,0.762867,0,All,#4682B4,0
2,12.3863,0.762974,0,All,#4682B4,0
2,12.7402,0.69593,0,All,#4682B4,0
2,13.0941,0.755946,0,All,#4682B4,0
2,13.448,0.849379,0,All,#4682B4,0
2,13.8019,0.596117,0,All,#4682B4,0
2,14.1558,0.827596,0,All,#4682B4,0
2,14.5096,0.758214,0,All,#4682B4,0
2,14.8635,0.688356,0,All,#4682B4,0
2,15.2174,0.623591,0,All,#4682B4,0
2,15.5713,0.779582,0,All,#4682B4,0
2,15.9252,0.732527,0,All,#4682B4,0
2,16.2791,0.777082,0,All,#4682B4,0
2,16.633,0.673948,0,All,#4682B4,0
2,16.9869,0.799989,0,All,#4682B4,0
2,17.3408,0.726754,0,All,#4682B4,0
2,17.6947,0.692553,0,All,#4682B4,0
2,18.0486,0.838648,0,All,#4682B4,0
2,18.4025,0.736929,0,All,#4682B4,0
2,18.7564,0.73388,0,All,#4682B4,0
2,19.1103,0.778571,0,All,#4682B4,0
2,19.4642,0.628726,0,All,#4682B4,0
2,19.8181,0.693261,0,All,#4682B4,0
2,20.172,0.700455,0,All,#4682B4,0
2,20.5259,0.749312,0,All,#4682B4,0
2,20.8797,0.7172,0,All,#4682B4,0
2,21.2336,0.660948,0,All,#4682B4,0
2,21.5875,0.786907,0,All,#4682B4,0
2,21.9414,0.702954,0,All,#4682B4,0
2,22.2953,0.654457,0,All,#4682B4,0
2,22.6492,0.722492,0,All,#4682B4,0
2,23.0031,0.746891,0,All,#4682B4,0
2,23.357,0.720415,0,All,#4682B4,0
2,23.7109,0.828117,0,All,#4682B4,0
2,24.0648,0.699479,0,All,#4682B4,0
2,24.4187,0.806161,0,All,#4682B4,0
2,24.7726,0.663594,0,All,#4682B4,0
2,25.1265,0.836654,0,All,#4682B4,0
2,25.4804,0.863958,0,All,#4682B4,0
2,25.8343,0.867754,0,All,#4682B4,0
2,26.1882,0.834436,0,All,#4682B4,0
2,26.5421,0.763331,0,All,#4682B4,0
2,26.896,0.708316,0,All,#4682B4,0
2,27.2498,0.728684,0,All,#4682B4,0
2,27.6037,0.729478,0,All,#4682B4,0
2,27.9576,0.755821,0,All,#4682B4,0
2,28.3115,0.83638,0,All,#4682B4,0
2,28.6654,0.810838,0,All,#4682B4,0
2,29.0193,0.724224,0,All,#4682B4,0
2,29.3732,0.739665,0,All,#4682B4,0
2,29.7271,0.666435,0,All,#4682B4,0
2,30.081,0.785395,0,All,#4682B4,0
2,30.4349,0.804982,0,All,#4682B4,0
2,30.7888,0.739868,0,All,#4682B4,0
2,31.1427,0.783857,0,All,#4682B4,0
2,31.4966,0.594289,0,All,#4682B4,0
3,0,0.382444,0,All,#4682B4,0
3,0.3539,0.579369,0,All,#4682B4,0
3,0.7078,0.676726,0,All,#4682B4,0
3,1.0617,0.667225,0,All,#4682B4,0
3,1.4156,0.631705,0,All,#4682B4,0
3,1.7695,0.590308,0,All,#4682B4,0
3,2.1234,0.762838,0,All,#4682B4,0
3,2.4773,0.595974,0,All,#4682B4,0
3,2.8312,0.518692,0,All,#4682B4,0
3,3.1851,0.614877,0,All,#4682B4,0
3,3.539,0.693841,0,All,#4682B4,0
3,3.8929,0.768761,0,All,#4682B4,0
3,4.2468,0.861261,0,All,#4682B4,0
3,4.6007,0.695712,0,All,#4682B4,0
3,4.9546,0.627099,0,All,#4682B4,0
3,5.3085,0.602132,0,All,#4682B4,0
3,5.6624,0.620362,0,All,#4682B4,0
3,6.0162,0.696747,0,All,#4682B4,0
3,6.3701,0.732918,0,All,#4682B4,0
3,6.724,0.707068,0,All,#4682B4,0
3,7.0779,0.74265,0,All,#4682B4,0
3,7.4318,0.727079,0,All,#4682B4,0
3,7.7857,0.552255,0,All,#4682B4,0
3,8.1396,0.681455,0,All,#4682B4,0
3,8.4935,0.70849,0,All,#4682B4,0
3,8.8474,0.710301,0,All,#4682B4,0
3,9.2013,0.746177,0,All,#4682B4,0
3,9.5552,0.579818,0,All,#4682B4,0
3,9.9091,0.68189,0,All,#4682B4,0
3,10.263,0.653982,0,All,#4682B4,0
3,10.6169,0.624012,0,All,#4682B4,0
3,10.9708,0.712884,0,All,#4682B4,0
3,11.3247,0.572627,0,All,#4682B4,0
3,11.6786,0.630586,0,All,#4682B4,0
3,12.0325,0.652806,0,All,#4682B4,0
3,12.3863,0.695459,0,All,#4682B4,0
3,12.7402,0.645491,0,All,#4682B4,0
3,13.0941,0.625615,0,All,#4682B4,0
3,13.448,0.714691,0,All,#4682B4,0
3,13.8019,0.588449,0,All,#4682B4,0
3,14.1558,0.50621,0,All,#4682B4,0
3,14.5097,0.593056,0,All,#4682B4,0
3,14.8636,0.739848,0,All,#4682B4,0
3,15.2175,0.491119,0,All,#4682B4,0
3,15.5714,0.701192,0,All,#4682B4,0
3,15.9253,0.628522,0,All,#4682B4,0
3,16.2792,0.563655,0,All,#4682B4,0
3,16.6331,0.702119,0,All,#4682B4,0
3,16.987,0.74896,0,All,#4682B4,0
3,17.3409,0.671857,0,All,#4682B4,0
3,17.6948,0.677588,0,All,#4682B4,0
3,18.0487,0.679715,0,All,#4682B4,0
3,18.4026,0.755377,0,All,#4682B4,0
3,18.7564,0.611457,0,All,#4682B4,0
3,19.1103,0.576886,0,All,#4682B4,0
3,19.4642,0.590469,0,All,#4682B4,0
3,19.8181,0.720394,0,All,#4682B4,0
3,20.172,0.52591,0,All,#4682B4,0
3,20.5259,0.773051,0,All,#4682B4,0
3,20.8798,0.695987,0,All,#4682B4,0
3,21.2337,0.587599,0,All,#4682B4,0
3,21.5876,0.6554,0,All,#4682B4,0
3,21.9415,0.667507,0,All,#4682B4,0
3,22.2954,0.613826,0,All,#4682B4,0
3,22.6493,0.701236,0,All,#4682B4,0
3,23.0032,0.6285,0,All,#4682B4,0
3,23.3571,0.586361,0,All,#4682B4,0
3,23.711,0.746481,0,All,#4682B4,0
3,24.0649,0.730149,0,All,#4682B4,0
3,24.4188,0.750224,0,All,#4682B4,0
3,24.7727,0.714276,0,All,#4682B4,0
3,25.1265,0.692746,0,All,#4682B4,0
3,25.4804,0.696396,0,All,#4682B4,0
3,25.8343,0.559161,0,All,#4682B4,0
3,26.1882,0.624361,0,All,#4682B4,0
3,26.5421,0.745438,0,All,#4682B4,0
3,26.896,0.704325,0,All,#4682B4,0
3,27.2499,0.669561,0,All,#4682B4,0
3,27.6038,0.576477,0,All,#4682B4,0
3,27.9577,0.62612,0,All,#4682B4,0
3,28.3116,0.5722,0,All,#4682B4,0
3,28.6655,0.623019,0,All,#4682B4,0
3,29.0194,0.629481,0,All,#4682B4,0
3,29.3733,0.676084,0,All,#4682B4,0
3,29.7272,0.610335,0,All,#4682B4,0
3,30.0811,0.659439,0,All,#4682B4,0
3,30.435,0.636857,0,All,#4682B4,0
3,30.7889,0.597256,0,All,#4682B4,0
3,31.1428,0.527196,0,All,#4682B4,0
3,31.4966,0.509377,0,All,#4682B4,0
4,0,0.412549,0,All,#4682B4,0
4,0.3539,0.569529,0,All,#4682B4,0
4,0.7078,0.603669,0,All,#4682B4,0
4,1.0617,0.589172,0,All,#4682B4,0
4,1.4156,0.619089,0,All,#4682B4,0
4,1.7695,0.681903,0,All,#4682B4,0
4,2.1234,0.637851,0,All,#4682B4,0
4,2.4773,0.535104,0,All,#4682B4,0
4,2.8312,0.584306,0,All,#4682B4,0
4,3.1851,0.650872,0,All,#4682B4,0
4,3.539,0.553563,0,All,#4682B4,0
4,3.8929,0.707695,0,All,#4682B4,0
4,4.2468,0.616769,0,All,#4682B4,0
4,4.6007,0.703664,0,All,#4682B4,0
4,4.9546,0.678811,0,All,#4682B4,0
4,5.3085,0.661555,0,All,#4682B4,0
4,5.6624,0.567075,0,All,#4682B4,0
4,6.0162,0.583874,0,All,#4682B4,0
4,6.3701,0.608819,0,All,#4682B4,0
4,6.724,0.629659,0,All,#4682B4,0
4,7.0779,0.68414,0,All,#4682B4,0
4,7.4318,0.633675,0,All,#4682B4,0
4,7.7857,0.547662,0,All,#4682B4,0
4,8.1396,0.547452,0,All,#4682B4,0
4,8.4935,0.663486,0,All,#4682B4,0
4,8.8474,0.55754,0,All,#4682B4,0
4,9.2013,0.564908,0,All,#4682B4,0
4,9.5552,0.704052,0,All,#4682B4,0
4,9.9091,0.562204,0,All,#4682B4,0
4,10.263,0.683994,0,All,#4682B4,0
4,10.6169,0.707033,0,All,#4682B4,0
4,10.9708,0.531949,0,All,#4682B4,0
4,11.3247,0.574303,0,All,#4682B4,0
4,11.6786,0.790242,0,All,#4682B4,0
4,12.0325,0.592892,0,All,#4682B4,0
4,12.3863,0.734443,0,All,#4682B4,0
4,12.7402,0.584164,0,All,#4682B4,0
4,13.0941,0.595513,0,All,#4682B4,0
4,13.448,0.615512,0,All,#4682B4,0
4,13.8019,0.592134,0,All,#4682B4,0
4,14.1558,0.588689,0,All,#4682B4,0
4,14.5097,0.62042,0,All,#4682B4,0
4,14.8636,0.50627,0,All,#4682B4,0
4,15.2175,0.496632,0,All,#4682B4,0
4,15.5714,0.661521,0,All,#4682B4,0
4,15.9253,0.627504,0,All,#4682B4,0
4,16.2792,0.56101,0,All,#4682B4,0
4,16.6331,0.588156,0,All,#4682B4,0
4,16.987,0.614197,0,All,#4682B4,0
4,17.3409,0.591472,0,All,#4682B4,0
4,17.6948,0.578391,0,All,#4682B4,0
4,18.0487,0.576177,0,All,#4682B4,0
4,18.4026,0.602534,0,All,#4682B4,0
4,18.7564,0.687773,0,All,#4682B4,0
4,19.1103,0.673077,0,All,#4682B4,0
4,19.4642,0.622268,0,All,#4682B4,0
4,19.8181,0.650617,0,All,#4682B4,0
4,20.172,0.478583,0,All,#4682B4,0
4,20.5259,0.623673,0,All,#4682B4,0
4,20.8798,0.528636,0,All,#4682B4,0
4,21.2337,0.566636,0,All,#4682B4,0
4,21.5876,0.414007,0,All,#4682B4,0
4,21.9415,0.537937,0,All,#4682B4,0
4,22.2954,0.609018,0,All,#4682B4,0
4,22.6493,0.523115,0,All,#4682B4,0
4,23.0032,0.550982,0,All,#4682B4,0
4,23.3571,0.456194,0,All,#4682B4,0
4,23.711,0.565221,0,All,#4682B4,0
4,24.0649,0.575188,0,All,#4682B4,0
4,24.4188,0.605581,0,All,#4682B4,0
4,24.7727,0.579915,0,All,#4682B4,0
4,25.1265,0.499279,0,All,#4682B4,0
4,25.4804,0.58631,0,All,#4682B4,0
4,25.8343,0.561074,0,All,#4682B4,0
4,26.1882,0.518072,0,All,#4682B4,0
4,26.5421,0.475792,0,All,#4682B4,0
4,26.896,0.562958,0,All,#4682B4,0
4,27.2499,0.552074,0,All,#4682B4,0
4,27.6038,0.558018,0,All,#4682B4,0
4,27.9577,0.601732,0,All,#4682B4,0
4,28.3116,0.576763,0,All,#4682B4,0
4,28.6655,0.560543,0,All,#4682B4,0
4,29.0194,0.514988,0,All,#4682B4,0
4,29.3733,0.554195,0,All,#4682B4,0
4,29.7272,0.578403,0,All,#4682B4,0
4,30.0811,0.611076,0,All,#4682B4,0
4,30.435,0.629497,0,All,#4682B4,0
4,30.7889,0.606334,0,All,#4682B4,0
4,31.1428,0.576861,0,All,#4682B4,0
4,31.4966,0.567071,0,All,#4682B4,0
5,0,0.360825,0,All,#4682B4,0
5,0.3539,0.505732,0,All,#4682B4,0
5,0.7078,0.56757,0,All,#4682B4,0
5,1.0617,0.562959,0,All,#4682B4,0
5,1.4156,0.455582,0,All,#4682B4,0
5,1.7695,0.513957,0,All,#4682B4,0
5,2.1234,0.480397,0,All,#4682B4,0
5,2.4773,0.556462,0,All,#4682B4,0
5,2.8312,0.548693,0,All,#4682B4,0
5,3.1851,0.486553,0,All,#4682B4,0
5,3.539,0.532351,0,All,#4682B4,0
5,3.8929,0.514668,0,All,#4682B4,0
5,4.2468,0.519232,0,All,#4682B4,0
5,4.6007,0.544406,0,All,#4682B4,0
5,4.9546,0.498351,0,All,#4682B4,0
5,5.3085,0.516105,0,All,#4682B4,0
5,5.6624,0.516014,0,All,#4682B4,0
5,6.0162,0.41922,0,All,#4682B4,0
5,6.3701,0.44104,0,All,#4682B4,0
5,6.724,0.472529,0,All,#4682B4,0
5,7.0779,0.46095,0,All,#4682B4,0
5,7.4318,0.452857,0,All,#4682B4,0
5,7.7857,0.438427,0,All,#4682B4,0
5,8.1396,0.467802,0,All,#4682B4,0
5,8.4935,0.431981,0,All,#4682B4,0
5,8.8474,0.470637,0,All,#4682B4,0
5,9.2013,0.572841,0,All,#4682B4,0
5,9.5552,0.573195,0,All,#4682B4,0
5,9.9091,0.467743,0,All,#4682B4,0
5,10.263,0.479235,0,All,#4682B4,0
5,10.6169,0.519512,0,All,#4682B4,0
5,10.9708,0.497226,0,All,#4682B4,0
5,11.3247,0.519281,0,All,#4682B4,0
5,11.6786,0.543197,0,All,#4682B4,0
5,12.0325,0.509298,0,All,#4682B4,0
5,12.3863,0.515226,0,All,#4682B4,0
5,12.7402,0.560209,0,All,#4682B4,0
5,13.0941,0.45652,0,All,#4682B4,0
5,13.448,0.514965,0,All,#4682B4,0
5,13.8019,0.496076,0,All,#4682B4,0
5,14.1558,0.485355,0,All,#4682B4,0
5,14.5097,0.480318,0,All,#4682B4,0
5,14.8636,0.456877,0,All,#4682B4,0
5,15.2175,0.506331,0,All,#4682B4,0
5,15.5714,0.536611,0,All,#4682B4,0
5,15.9253,0.436044,0,All,#4682B4,0
5,16.2792,0.509612,0,All,#4682B4,0
5,16.6331,0.566698,0,All,#4682B4,0
5,16.987,0.514096,0,All,#4682B4,0
5,17.3409,0.429837,0,All,#4682B4,0
5,17.6948,0.508564,0,All,#4682B4,0
5,18.0487,0.552711,0,All,#4682B4,0
5,18.4026,0.494781,0,All,#4682B4,0
5,18.7564,0.482887,0,All,#4682B4,0
5,19.1103,0.440696,0,All,#4682B4,0
5,19.4642,0.478838,0,All,#4682B4,0
5,19.8181,0.444857,0,All,#4682B4,0
5,20.172,0.486196,0,All,#4682B4,0
5,20.5259,0.447613,0,All,#4682B4,0
5,20.8798,0.466669,0,All,#4682B4,0
5,21.2337,0.448563,0,All,#4682B4,0
5,21.5876,0.468863,0,All,#4682B4,0
5,21.9415,0.453649,0,All,#4682B4,0
5,22.2954,0.415032,0,All,#4682B4,0
5,22.6493,0.43798,0,All,#4682B4,0
5,23.0032,0.491294,0,All,#4682B4,0
5,23.3571,0.499249,0,All,#4682B4,0
5,23.711,0.41712,0,All,#4682B4,0
5,24.0649,0.410568,0,All,#4682B4,0
5,24.4188,0.414992,0,All,#4682B4,0
5,24.7727,0.555065,0,All,#4682B4,0
5,25.1265,0.480031,0,All,#4682B4,0
5,25.4804,0.560202,0,All,#4682B4,0
5,25.8343,0.452045,0,All,#4682B4,0
5,26.1882,0.526075,0,All,#4682B4,0
5,26.5421,0.519467,0,All,#4682B4,0
5,26.896,0.4284,0,All,#4682B4,0
5,27.2499,0.502504,0,All,#4682B4,0
5,27.6038,0.541962,0,All,#4682B4,0
5,27.9577,0.520073,0,All,#4682B4,0
5,28.3116,0.561285,0,All,#4682B4,0
5,28.6655,0.457756,0,All,#4682B4,0
5,29.0194,0.444499,0,All,#4682B4,0
5,29.3733,0.519261,0,All,#4682B4,0
5,29.7272,0.475431,0,All,#4682B4,0
5,30.0811,0.441196,0,All,#4682B4,0
5,30.435,0.510983,0,All,#4682B4,0
5,30.7889,0.428595,0,All,#4682B4,0
5,31.1428,0.505733,0,All,#4682B4,0
5,31.4966,0.517795,0,All,#4682B4,0
6,0,0.467235,0,All,#4682B4,0
6,0.3539,0.578716,0,All,#4682B4,0
6,0.7078,0.588536,0,All,#4682B4,0
6,1.0617,0.573263,0,All,#4682B4,0
6,1.4156,0.596115,0,All,#4682B4,0
6,1.7695,0.721931,0,All,#4682B4,0
6,2.1234,0.695276,0,All,#4682B4,0
6,2.4773,0.701414,0,All,#4682B4,0
6,2.8312,0.742641,0,All,#4682B4,0
6,3.1851,0.739687,0,All,#4682B4,0
6,3.539,0.594822,0,All,#4682B4,0
6,3.8929,0.687993,0,All,#4682B4,0
6,4.2468,0.579645,0,All,#4682B4,0
6,4.6007,0.659105,0,All,#4682B4,0
6,4.9546,0.625143,0,All,#4682B4,0
6,5.3085,0.62597,0,All,#4682B4,0
6,5.6624,0.647482,0,All,#4682B4,0
6,6.0162,0.643432,0,All,#4682B4,0
6,6.3701,0.561661,0,All,#4682B4,0
6,6.724,0.689123,0,All,#4682B4,0
6,7.0779,0.604966,0,All,#4682B4,0
6,7.4318,0.631627,0,All,#4682B4,0
6,7.7857,0.718948,0,All,#4682B4,0
6,8.1396,0.771185,0,All,#4682B4,0
6,8.4935,0.586771,0,All,#4682B4,0
6,8.8474,0.54076,0,All,#4682B4,0
6,9.2013,0.675167,0,All,#4682B4,0
6,9.5552,0.644286,0,All,#4682B4,0
6,9.9091,0.622395,0,All,#4682B4,0
6,10.263,0.596679,0,All,#4682B4,0
6,10.6169,0.766359,0,All,#4682B4,0
6,10.9708,0.621361,0,All,#4682B4,0
6,11.3247,0.662689,0,All,#4682B4,0
6,11.6786,0.632611,0,All,#4682B4,0
6,12.0325,0.613768,0,All,#4682B4,0
6,12.3863,0.680376,0,All,#4682B4,0
6,12.7402,0.663031,0,All,#4682B4,0
6,13.0941,0.799991,0,All,#4682B4,0
6,13.448,0.638735,0,All,#4682B4,0
6,13.8019,0.67572,0,All,#4682B4,0
6,14.1558,0.542282,0,All,#4682B4,0
6,14.5097,0.664058,0,All,#4682B4,0
6,14.8636,0.620724,0,All,#4682B4,0
6,15.2175,0.685256,0,All,#4682B4,0
6,15.5714,0.589459,0,All,#4682B4,0
6,15.9253,0.661439,0,All,#4682B4,0
6,16.2792,0.743058,0,All,#4682B4,0
6,16.6331,0.687601,0,All,#4682B4,0
6,16.987,0.628835,0,All,#4682B4,0
6,17.3409,0.654006,0,All,#4682B4,0
6,17.6948,0.542586,0,All,#4682B4,0
6,18.0487,0.583702,0,All,#4682B4,0
6,18.4026,0.575481,0,All,#4682B4,0
6,18.7564,0.670893,0,All,#4682B4,0
6,19.1103,0.602736,0,All,#4682B4,0
6,19.4642,0.619633,0,All,#4682B4,0
6,19.8181,0.668672,0,All,#4682B4,0
6,20.172,0.506326,0,All,#4682B4,0
6,20.5259,0.526417,0,All,#4682B4,0
6,20.8798,0.647731,0,All,#4682B4,0
6,21.2337,0.619885,0,All,#4682B4,0
6,21.5876,0.668381,0,All,#4682B4,0
6,21.9415,0.635227,0,All,#4682B4,0
6,22.2954,0.655238,0,All,#4682B4,0
6,22.6493,0.560275,0,All,#4682B4,0
6,23.0032,0.601973,0,All,#4682B4,0
6,23.3571,0.573644,0,All,#4682B4,0
6,23.711,0.540504,0,All,#4682B4,0
6,24.0649,0.608575,0,All,#4682B4,0
6,24.4188,0.703823,0,All,#4682B4,0
6,24.7727,0.619586,0,All,#4682B4,0
6,25.1265,0.542708,0,All,#4682B4,0
6,25.4804,0.529442,0,All,#4682B4,0
6,25.8343,0.500603,0,All,#4682B4,0
6,26.1882,0.531455,0,All,#4682B4,0
6,26.5421,0.661019,0,All,#4682B4,0
6,26.896,0.577625,0,All,#4682B4,0
6,27.2499,0.570729,0,All,#4682B4,0
6,27.6038,0.533701,0,All,#4682B4,0
6,27.9577,0.550617,0,All,#4682B4,0
6,28.3116,0.551128,0,All,#4682B4,0
6,28.6655,0.585074,0,All,#4682B4,0
6,29.0194,0.553875,0,All,#4682B4,0
6,29.3733,0.506743,0,All,#4682B4,0
6,29.7272,0.615179,0,All,#4682B4,0
6,30.0811,0.584146,0,All,#4682B4,0
6,30.435,0.557092,0,All,#4682B4,0
6,30.7889,0.560281,0,All,#4682B4,0
6,31.1428,0.54373,0,All,#4682B4,0
6,31.4966,0.547399,0,All,#4682B4,0
7,0,0.533462,0,All,#4682B4,0
7,0.3539,0.551418,0,All,#4682B4,0
7,0.7078,0.672273,0,All,#4682B4,0
7,1.0617,0.707236,0,All,#4682B4,0
7,1.4156,0.700764,0,All,#4682B4,0
7,1.7695,0.618984,0,All,#4682B4,0
7,2.1234,0.748593,0,All,#4682B4,0
7,2.4773,0.690723,0,All,#4682B4,0
7,2.8312,0.705205,0,All,#4682B4,0
7,3.1851,0.642724,0,All,#4682B4,0
7,3.539,0.614783,0,All,#4682B4,0
7,3.8929,0.598374,0,All,#4682B4,0
7,4.2468,0.627005,0,All,#4682B4,0
7,4.6007,0.794913,0,All,#4682B4,0
7,4.9546,0.619156,0,All,#4682B4,0
7,5.3085,0.721518,0,All,#4682B4,0
7,5.6624,0.703654,0,All,#4682B4,0
7,6.0162,0.644502,0,All,#4682B4,0
7,6.3701,0.588278,0,All,#4682B4,0
7,6.724,0.687772,0,All,#4682B4,0
7,7.0779,0.534916,0,All,#4682B4,0
7,7.4318,0.662032,0,All,#4682B4,0
7,7.7857,0.586972,0,All,#4682B4,0
7,8.1396,0.620806,0,All,#4682B4,0
7,8.4935,0.685786,0,All,#4682B4,0
7,8.8474,0.653524,0,All,#4682B4,0
7,9.2013,0.809549,0,All,#4682B4,0
7,9.5552,0.611056,0,All,#4682B4,0
7,9.9091,0.66035,0,All,#4682B4,0
7,10.263,0.64683,0,All,#4682B4,0
7,10.6169,0.658124,0,All,#4682B4,0
7,10.9708,0.647871,0,All,#4682B4,0
7,11.3247,0.614078,0,All,#4682B4,0
7,11.6786,0.726128,0,All,#4682B4,0
7,12.0325,0.743024,0,All,#4682B4,0
7,12.3863,0.669407,0,All,#4682B4,0
7,12.7402,0.550799,0,All,#4682B4,0
7,13.0941,0.606664,0,All,#4682B4,0
7,13.448,0.620651,0,All,#4682B4,0
7,13.8019,0.723367,0,All,#4682B4,0
7,14.1558,0.639444,0,All,#4682B4,0
7,14.5097,0.69833,0,All,#4682B4,0
7,14.8636,0.71956,0,All,#4682B4,0
7,15.2175,0.586961,0,All,#4682B4,0
7,15.5714,0.602641,0,All,#4682B4,0
7,15.9253,0.658898,0,All,#4682B4,0
7,16.2792,0.620043,0,All,#4682B4,0
7,16.6331,0.582542,0,All,#4682B4,0
7,16.987,0.491559,0,All,#4682B4,0
7,17.3409,0.581894,0,All,#4682B4,0
7,17.6948,0.593419,0,All,#4682B4,0
7,18.0487,0.596266,0,All,#4682B4,0
7,18.4026,0.68017,0,All,#4682B4,0
7,18.7564,0.74682,0,All,#4682B4,0
7,19.1103,0.596014,0,All,#4682B4,0
7,19.4642,0.635624,0,All,#4682B4,0
7,19.8181,0.645577,0,All,#4682B4,0
7,20.172,0.59341,0,All,#4682B4,0
7,20.5259,0.575146,0,All,#4682B4,0
7,20.8798,0.694546,0,All,#4682B4,0
7,21.2337,0.612631,0,All,#4682B4,0
7,21.5876,0.675328,0,All,#4682B4,0
7,21.9415,0.607279,0,All,#4682B4,0
7,22.2954,0.616236,0,All,#4682B4,0
7,22.6493,0.627963,0,All,#4682B4,0
7,23.0032,0.616183,0,All,#4682B4,0
7,23.3571,0.605849,0,All,#4682B4,0
7,23.711,0.539563,0,All,#4682B4,0
7,24.0649,0.536498,0,All,#4682B4,0
7,24.4188,0.599269,0,All,#4682B4,0
7,24.7727,0.670105,0,All,#4682B4,0
7,25.1265,0.547822,0,All,#4682B4,0
7,25.4804,0.561012,0,All,#4682B4,0
7,25.8343,0.667729,0,All,#4682B4,0
7,26.1882,0.605909,0,All,#4682B4,0
7,26.5421,0.622726,0,All,#4682B4,0
7,26.896,0.560306,0,All,#4682B4,0
7,27.2499,0.557272,0,All,#4682B4,0
7,27.6038,0.560485,0,All,#4682B4,0
7,27.9577,0.630037,0,All,#4682B4,0
7,28.3116,0.600063,0,All,#4682B4,0
7,28.6655,0.584417,0,All,#4682B4,0
7,29.0194,0.615961,0,All,#4682B4,0
7,29.3733,0.626758,0,All,#4682B4,0
7,29.7272,0.577592,0,All,#4682B4,0
7,30.0811,0.648193,0,All,#4682B4,0
7,30.435,0.620444,0,All,#4682B4,0
7,30.7889,0.642958,0,All,#4682B4,0
7,31.1428,0.708163,0,All,#4682B4,0
7,31.4966,0.734218,0,All,#4682B4,0
8,0,0.520966,0,All,#4682B4,0
8,0.3539,0.591396,0,All,#4682B4,0
8,0.7078,0.728648,0,All,#4682B4,0
8,1.0617,0.721704,0,All,#4682B4,0
8,1.4156,0.674581,0,All,#4682B4,0
8,1.7695,0.666387,0,All,#4682B4,0
8,2.1234,0.623153,0,All,#4682B4,0
8,2.4773,0.651585,0,All,#4682B4,0
8,2.8312,0.653034,0,All,#4682B4,0
8,3.1851,0.720588,0,All,#4682B4,0
8,3.539,0.571072,0,All,#4682B4,0
8,3.8929,0.742081,0,All,#4682B4,0
8,4.2468,0.765953,0,All,#4682B4,0
8,4.6007,0.621244,0,All,#4682B4,0
8,4.9546,0.721136,0,All,#4682B4,0
8,5.3085,0.717257,0,All,#4682B4,0
8,5.6624,0.674962,0,All,#4682B4,0
8,6.0162,0.678127,0,All,#4682B4,0
8,6.3701,0.661412,0,All,#4682B4,0
8,6.724,0.669347,0,All,#4682B4,0
8,7.0779,0.736678,0,All,#4682B4,0
8,7.4318,0.799384,0,All,#4682B4,0
8,7.7857,0.802867,0,All,#4682B4,0
8,8.1396,0.721623,0,All,#4682B4,0
8,8.4935,0.884379,0,All,#4682B4,0
8,8.8474,0.867636,0,All,#4682B4,0
8,9.2013,0.699516,0,All,#4682B4,0
8,9.5552,0.759112,0,All,#4682B4,0
8,9.9091,0.649521,0,All,#4682B4,0
8,10.263,0.700632,0,All,#4682B4,0
8,10.6169,0.651167,0,All,#4682B4,0
8,10.9708,0.672822,0,All,#4682B4,0
8,11.3247,0.643219,0,All,#4682B4,0
8,11.6786,0.718121,0,All,#4682B4,0
8,12.0325,0.678357,0,All,#4682B4,0
8,12.3863,0.639841,0,All,#4682B4,0
8,12.7402,0.767224,0,All,#4682B4,0
8,13.0941,0.72598,0,All,#4682B4,0
8,13.448,0.674266,0,All,#4682B4,0
8,13.8019,0.82442,0,All,#4682B4,0
8,14.1558,0.751173,0,All,#4682B4,0
8,14.5097,0.704182,0,All,#4682B4,0
8,14.8636,0.651073,0,All,#4682B4,0
8,15.2175,0.646877,0,All,#4682B4,0
8,15.5714,0.688938,0,All,#4682B4,0
8,15.9253,0.671557,0,All,#4682B4,0
8,16.2792,0.690354,0,All,#4682B4,0
8,16.6331,0.671141,0,All,#4682B4,0
8,16.987,0.749954,0,All,#4682B4,0
8,17.3409,0.706807,0,All,#4682B4,0
8,17.6948,0.663164,0,All,#4682B4,0
8,18.0487,0.724573,0,All,#4682B4,0
8,18.4026,0.642691,0,All,#4682B4,0
8,18.7564,0.61755,0,All,#4682B4,0
8,19.1103,0.75034,0,All,#4682B4,0
8,19.4642,0.744825,0,All,#4682B4,0
8,19.8181,0.676657,0,All,#4682B4,0
8,20.172,0.764635,0,All,#4682B4,0
8,20.5259,0.745815,0,All,#4682B4,0
8,20.8798,0.75131,0,All,#4682B4,0
8,21.2337,0.600987,0,All,#4682B4,0
8,21.5876,0.731012,0,All,#4682B4,0
8,21.9415,0.693135,0,All,#4682B4,0
8,22.2954,0.588462,0,All,#4682B4,0
8,22.6493,0.708666,0,All,#4682B4,0
8,23.0032,0.566597,0,All,#4682B4,0
8,23.3571,0.704921,0,All,#4682B4,0
8,23.711,0.732868,0,All,#4682B4,0
8,24.0649,0.684378,0,All,#4682B4,0
8,24.4188,0.598067,0,All,#4682B4,0
8,24.7727,0.687087,0,All,#4682B4,0
8,25.1265,0.754321,0,All,#4682B4,0
8,25.4804,0.609545,0,All,#4682B4,0
8,25.8343,0.590309,0,All,#4682B4,0
8,26.1882,0.676806,0,All,#4682B4,0
8,26.5421,0.738942,0,All,#4682B4,0
8,26.896,0.718466,0,All,#4682B4,0
8,27.2499,0.722823,0,All,#4682B4,0
8,27.6038,0.684433,0,All,#4682B4,0
8,27.9577,0.599973,0,All,#4682B4,0
8,28.3116,0.761635,0,All,#4682B4,0
8,28.6655,0.617302,0,All,#4682B4,0
8,29.0194,0.546294,0,All,#4682B4,0
8,29.3733,0.667214,0,All,#4682B4,0
8,29.7272,0.791289,0,All,#4682B4,0
8,30.0811,0.654302,0,All,#4682B4,0
8,30.435,0.639496,0,All,#4682B4,0
8,30.7889,0.531149,0,All,#4682B4,0
8,31.1428,0.644134,0,All,#4682B4,0
8,31.4966,0.633857,0,All,#4682B4,0
9,0,0.63071,0,All,#4682B4,0
9,0.3539,0.741052,0,All,#4682B4,0
9,0.7078,0.747548,0,All,#4682B4,0
9,1.0617,0.776502,0,All,#4682B4,0
9,1.4156,0.690092,0,All,#4682B4,0
9,1.7695,0.685387,0,All,#4682B4,0
9,2.1234,0.715021,0,All,#4682B4,0
9,2.4773,0.74425,0,All,#4682B4,0
9,2.8312,0.776142,0,All,#4682B4,0
9,3.1851,0.687235,0,All,#4682B4,0
9,3.539,0.741976,0,All,#4682B4,0
9,3.8929,0.918046,0,All,#4682B4,0
9,4.2468,0.722537,0,All,#4682B4,0
9,4.6007,0.788511,0,All,#4682B4,0
9,4.9546,0.797884,0,All,#4682B4,0
9,5.3085,0.772325,0,All,#4682B4,0
9,5.6624,0.825601,0,All,#4682B4,0
9,6.0162,0.860791,0,All,#4682B4,0
9,6.3701,0.746148,0,All,#4682B4,0
9,6.724,0.720548,0,All,#4682B4,0
9,7.0779,0.591178,0,All,#4682B4,0
9,7.4318,0.685488,0,All,#4682B4,0
9,7.7857,0.704294,0,All,#4682B4,0
9,8.1396,0.721669,0,All,#4682B4,0
9,8.4935,0.741345,0,All,#4682B4,0
9,8.8474,0.621379,0,All,#4682B4,0
9,9.2013,0.736616,0,All,#4682B4,0
9,9.5552,0.777218,0,All,#4682B4,0
9,9.9091,0.738131,0,All,#4682B4,0
9,10.263,0.663872,0,All,#4682B4,0
9,10.6169,0.663025,0,All,#4682B4,0
9,10.9708,0.769597,0,All,#4682B4,0
9,11.3247,0.813595,0,All,#4682B4,0
9,11.6786,0.784536,0,All,#4682B4,0
9,12.0325,0.668993,0,All,#4682B4,0
9,12.3863,0.750547,0,All,#4682B4,0
9,12.7402,0.668532,0,All,#4682B4,0
9,13.0941,0.660042,0,All,#4682B4,0
9,13.448,0.734856,0,All,#4682B4,0
9,13.8019,0.893607,0,All,#4682B4,0
9,14.1558,0.72401,0,All,#4682B4,0
9,14.5097,0.717457,0,All,#4682B4,0
9,14.8636,0.847282,0,All,#4682B4,0
9,15.2175,0.742979,0,All,#4682B4,0
9,15.5714,0.723904,0,All,#4682B4,0
9,15.9253,0.743573,0,All,#4682B4,0
9,16.2792,0.742412,0,All,#4682B4,0
9,16.6331,0.779761,0,All,#4682B4,0
9,16.987,0.616711,0,All,#4682B4,0
9,17.3409,0.554717,0,All,#4682B4,0
9,17.6948,0.745378,0,All,#4682B4,0
9,18.0487,0.752758,0,All,#4682B4,0
9,18.4026,0.780979,0,All,#4682B4,0
9,18.7564,0.739827,0,All,#4682B4,0
9,19.1103,0.68831,0,All,#4682B4,0
9,19.4642,0.749026,0,All,#4682B4,0
9,19.8181,0.690958,0,All,#4682B4,0
9,20.172,0.635072,0,All,#4682B4,0
9,20.5259,0.694321,0,All,#4682B4,0
9,20.8798,0.662191,0,All,#4682B4,0
9,21.2337,0.856021,0,All,#4682B4,0
9,21.5876,0.752736,0,All,#4682B4,0
9,21.9415,0.739232,0,All,#4682B4,0
9,22.2954,0.705586,0,All,#4682B4,0
9,22.6493,0.68527,0,All,#4682B4,0
9,23.0032,0.7359,0,All,#4682B4,0
9,23.3571,0.657798,0,All,#4682B4,0
9,23.711,0.639319,0,All,#4682B4,0
9,24.0649,0.615067,0,All,#4682B4,0
9,24.4188,0.744236,0,All,#4682B4,0
9,24.7727,0.75439,0,All,#4682B4,0
9,25.1265,0.73476,0,All,#4682B4,0
9,25.4804,0.638471,0,All,#4682B4,0
9,25.8343,0.594356,0,All,#4682B4,0
9,26.1882,0.562029,0,All,#4682B4,0
9,26.5421,0.746669,0,All,#4682B4,0
9,26.896,0.625688,0,All,#4682B4,0
9,27.2499,0.65535,0,All,#4682B4,0
9,27.6038,0.623712,0,All,#4682B4,0
9,27.9577,0.704269,0,All,#4682B4,0
9,28.3116,0.651544,0,All,#4682B4,0
9,28.6655,0.697414,0,All,#4682B4,0
9,29.0194,0.722871,0,All,#4682B4,0
9,29.3733,0.595947,0,All,#4682B4,0
9,29.7272,0.708962,0,All,#4682B4,0
9,30.0811,0.616766,0,All,#4682B4,0
9,30.435,0.736095,0,All,#4682B4,0
9,30.7889,0.64595,0,All,#4682B4,0
9,31.1428,0.684061,0,All,#4682B4,0
9,31.4966,0.668354,0,All,#4682B4,0
10,0,0.503403,0,All,#4682B4,0
10,0.3539,0.598404,0,All,#4682B4,0
10,0.7078,0.696121,0,All,#4682B4,0
10,1.0617,0.597516,0,All,#4682B4,0
10,1.4156,0.653795,0,All,#4682B4,0
10,1.7695,0.64871,0,All,#4682B4,0
10,2.1234,0.700737,0,All,#4682B4,0
10,2.4773,0.602088,0,All,#4682B4,0
10,2.8312,0.587053,0,All,#4682B4,0
10,3.1851,0.6421,0,All,#4682B4,0
10,3.539,0.631133,0,All,#4682B4,0
10,3.8929,0.6122,0,All,#4682B4,0
10,4.2468,0.749157,0,All,#4682B4,0
10,4.6007,0.705332,0,All,#4682B4,0
10,4.9546,0.679012,0,All,#4682B4,0
10,5.3085,0.614346,0,All,#4682B4,0
10,5.6624,0.702127,0,All,#4682B4,0
10,6.0162,0.660015,0,All,#4682B4,0
10,6.3701,0.631598,0,All,#4682B4,0
10,6.724,0.69061,0,All,#4682B4,0
10,7.0779,0.700011,0,All,#4682B4,0
10,7.4318,0.638332,0,All,#4682B4,0
10,7.7857,0.630228,0,All,#4682B4,0
10,8.1396,0.625795,0,All,#4682B4,0
10,8.4935,0.617042,0,All,#4682B4,0
10,8.8474,0.663033,0,All,#4682B4,0
10,9.2013,0.608098,0,All,#4682B4,0
10,9.5552,0.591836,0,All,#4682B4,0
10,9.9091,0.563771,0,All,#4682B4,0
10,10.263,0.6082,0,All,#4682B4,0
10,10.6169,0.573253,0,All,#4682B4,0
10,10.9708,0.556084,0,All,#4682B4,0
10,11.3247,0.562936,0,All,#4682B4,0
10,11.6786,0.696802,0,All,#4682B4,0
10,12.0325,0.635371,0,All,#4682B4,0
10,12.3863,0.592826,0,All,#4682B4,0
10,12.7402,0.592369,0,All,#4682B4,0
10,13.0941,0.612859,0,All,#4682B4,0
10,13.448,0.521001,0,All,#4682B4,0
10,13.8019,0.600444,0,All,#4682B4,0
10,14.1558,0.541669,0,All,#4682B4,0
10,14.5097,0.532103,0,All,#4682B4,0
10,14.8636,0.588694,0,All,#4682B4,0
10,15.2175,0.621215,0,All,#4682B4,0
10,15.5714,0.59389,0,All,#4682B4,0
10,15.9253,0.562534,0,All,#4682B4,0
10,16.2792,0.589651,0,All,#4682B4,0
10,16.6331,0.640394,0,All,#4682B4,0
10,16.987,0.638283,0,All,#4682B4,0
10,17.3409,0.598619,0,All,#4682B4,0
10,17.6948,0.662676,0,All,#4682B4,0
10,18.0487,0.537024,0,All,#4682B4,0
10,18.4026,0.798119,0,All,#4682B4,0
10,18.7564,0.552317,0,All,#4682B4,0
10,19.1103,0.763345,0,All,#4682B4,0
10,19.4642,0.659338,0,All,#4682B4,0
10,19.8181,0.628741,0,All,#4682B4,0
10,20.172,0.647728,0,All,#4682B4,0
10,20.5259,0.590213,0,All,#4682B4,0
10,20.8798,0.630819,0,All,#4682B4,0
10,21.2337,0.707819,0,All,#4682B4,0
10,21.5876,0.596125,0,All,#4682B4,0
10,21.9415,0.844427,0,All,#4682B4,0
10,22.2954,0.647149,0,All,#4682B4,0
10,22.6493,0.652803,0,All,#4682B4,0
10,23.0032,0.704524,0,All,#4682B4,0
10,23.3571,0.647088,0,All,#4682B4,0
10,23.711,0.723997,0,All,#4682B4,0
10,24.0649,0.790721,0,All,#4682B4,0
10,24.4188,0.649403,0,All,#4682B4,0
10,24.7727,0.622577,0,All,#4682B4,0
10,25.1265,0.602432,0,All,#4682B4,0
10,25.4804,0.627205,0,All,#4682B4,0
10,25.8343,0.729747,0,All,#4682B4,0
10,26.1882,0.615034,0,All,#4682B4,0
10,26.5421,0.636953,0,All,#4682B4,0
10,26.896,0.578596,0,All,#4682B4,0
10,27.2499,0.58193,0,All,#4682B4,0
10,27.6038,0.624856,0,All,#4682B4,0
10,27.9577,0.658694,0,All,#4682B4,0
10,28.3116,0.622714,0,All,#4682B4,0
10,28.6655,0.673086,0,All,#4682B4,0
10,29.0194,0.677649,0,All,#4682B4,0
10,29.3733,0.586948,0,All,#4682B4,0
10,29.7272,0.593806,0,All,#4682B4,0
10,30.0811,0.586481,0,All,#4682B4,0
10,30.435,0.644222,0,All,#4682B4,0
10,30.7889,0.581273,0,All,#4682B4,0
10,31.1428,0.568339,0,All,#4682B4,0
10,31.4966,0.556222,0,All,#4682B4,0
11,0,0.505676,0,All,#4682B4,0
11,0.3539,0.47604,0,All,#4682B4,0
11,0.7078,0.755079,0,All,#4682B4,0
11,1.0617,0.609077,0,All,#4682B4,0
11,1.4156,0.72013,0,All,#4682B4,0
11,1.7695,0.685886,0,All,#4682B4,0
11,2.1234,0.661959,0,All,#4682B4,0
11,2.4773,0.623853,0,All,#4682B4,0
11,2.8312,0.63089,0,All,#4682B4,0
11,3.1851,0.660648,0,All,#4682B4,0
11,3.539,0.725746,0,All,#4682B4,0
11,3.8929,0.64053,0,All,#4682B4,0
11,4.2468,0.575618,0,All,#4682B4,0
11,4.6007,0.694777,0,All,#4682B4,0
11,4.9546,0.693192,0,All,#4682B4,0
11,5.3085,0.744722,0,All,#4682B4,0
11,5.6624,0.69399,0,All,#4682B4,0
11,6.0162,0.635156,0,All,#4682B4,0
11,6.3701,0.679244,0,All,#4682B4,0
11,6.724,0.639001,0,All,#4682B4,0
11,7.0779,0.586411,0,All,#4682B4,0
11,7.4318,0.751883,0,All,#4682B4,0
11,7.7857,0.648795,0,All,#4682B4,0
11,8.1396,0.704165,0,All,#4682B4,0
11,8.4935,0.681434,0,All,#4682B4,0
11,8.8474,0.614402,0,All,#4682B4,0
11,9.2013,0.76887,0,All,#4682B4,0
11,9.5552,0.703421,0,All,#4682B4,0
11,9.9091,0.522102,0,All,#4682B4,0
11,10.263,0.565922,0,All,#4682B4,0
11,10.6169,0.603973,0,All,#4682B4,0
11,10.9708,0.812492,0,All,#4682B4,0
11,11.3247,0.706343,0,All,#4682B4,0
11,11.6786,0.59856,0,All,#4682B4,0
11,12.0325,0.625515,0,All,#4682B4,0
11,12.3863,0.706193,0,All,#4682B4,0
11,12.7402,0.572513,0,All,#4682B4,0
11,13.0941,0.738945,0,All,#4682B4,0
11,13.448,0.694594,0,All,#4682B4,0
11,13.8019,0.709666,0,All,#4682B4,0
11,14.1558,0.67718,0,All,#4682B4,0
11,14.5097,0.697141,0,All,#4682B4,0
11,14.8636,0.781076,0,All,#4682B4,0
11,15.2175,0.747596,0,All,#4682B4,0
11,15.5714,0.646359,0,All,#4682B4,0
11,15.9253,0.740066,0,All,#4682B4,0
11,16.2792,0.770478,0,All,#4682B4,0
11,16.6331,0.622673,0,All,#4682B4,0
11,16.987,0.763222,0,All,#4682B4,0
11,17.3409,0.601871,0,All,#4682B4,0
11,17.6948,0.63222,0,All,#4682B4,0
11,18.0487,0.590281,0,All,#4682B4,0
11,18.4026,0.591227,0,All,#4682B4,0
11,18.7564,0.63151,0,All,#4682B4,0
11,19.1103,0.62244,0,All,#4682B4,0
11,19.4642,0.650344,0,All,#4682B4,0
11,19.8181,0.687404,0,All,#4682B4,0
11,20.172,0.60294,0,All,#4682B4,0
11,20.5259,0.645688,0,All,#4682B4,0
11,20.8798,0.649218,0,All,#4682B4,0
11,21.2337,0.74933,0,All,#4682B4,0
11,21.5876,0.708103,0,All,#4682B4,0
11,21.9415,0.520452,0,All,#4682B4,0
11,22.2954,0.640179,0,All,#4682B4,0
11,22.6493,0.672364,0,All,#4682B4,0
11,23.0032,0.530238,0,All,#4682B4,0
11,23.3571,0.576403,0,All,#4682B4,0
11,23.711,0.633805,0,All,#4682B4,0
11,24.0649,0.713456,0,All,#4682B4,0
11,24.4188,0.614355,0,All,#4682B4,0
11,24.7727,0.614011,0,All,#4682B4,0
11,25.1265,0.644191,0,All,#4682B4,0
11,25.4804,0.743762,0,All,#4682B4,0
11,25.8343,0.64779,0,All,#4682B4,0
11,26.1882,0.629456,0,All,#4682B4,0
11,26.5421,0.601646,0,All,#4682B4,0
11,26.896,0.576582,0,All,#4682B4,0
11,27.2499,0.647539,0,All,#4682B4,0
11,27.6038,0.573012,0,All,#4682B4,0
11,27.9577,0.618079,0,All,#4682B4,0
11,28.3116,0.639903,0,All,#4682B4,0
11,28.6655,0.68428,0,All,#4682B4,0
11,29.0194,0.599151,0,All,#4682B4,0
11,29.3733,0.696226,0,All,#4682B4,0
11,29.7272,0.649627,0,All,#4682B4,0
11,30.0811,0.708652,0,All,#4682B4,0
11,30.435,0.641268,0,All,#4682B4,0
11,30.7889,0.729043,0,All,#4682B4,0
11,31.1428,0.503317,0,All,#4682B4,0
11,31.4966,0.608631,0,All,#4682B4,0
12,0,0.541693,0,All,#4682B4,0
12,0.3539,0.495546,0,All,#4682B4,0
12,0.7078,0.533671,0,All,#4682B4,0
12,1.0617,0.598236,0,All,#4682B4,0
12,1.4156,0.58908,0,All,#4682B4,0
12,1.7695,0.592376,0,All,#4682B4,0
12,2.1234,0.688925,0,All,#4682B4,0
12,2.4773,0.575658,0,All,#4682B4,0
12,2.8312,0.66185,0,All,#4682B4,0
12,3.1851,0.622738,0,All,#4682B4,0
12,3.539,0.834082,0,All,#4682B4,0
12,3.8929,0.671887,0,All,#4682B4,0
12,4.2468,0.748557,0,All,#4682B4,0
12,4.6007,0.807666,0,All,#4682B4,0
12,4.9546,0.729427,0,All,#4682B4,0
12,5.3085,0.655318,0,All,#4682B4,0
12,5.6624,0.619278,0,All,#4682B4,0
12,6.0162,0.666874,0,All,#4682B4,0
12,6.3701,0.570422,0,All,#4682B4,0
12,6.724,0.543476,0,All,#4682B4,0
12,7.0779,0.630774,0,All,#4682B4,0
12,7.4318,0.591517,0,All,#4682B4,0
12,7.7857,0.631987,0,All,#4682B4,0
12,8.1396,0.684269,0,All,#4682B4,0
12,8.4935,0.555034,0,All,#4682B4,0
12,8.8474,0.641437,0,All,#4682B4,0
12,9.2013,0.746382,0,All,#4682B4,0
12,9.5552,0.627772,0,All,#4682B4,0
12,9.9091,0.647062,0,All,#4682B4,0
12,10.263,0.651249,0,All,#4682B4,0
12,10.6169,0.562842,0,All,#4682B4,0
12,10.9708,0.590821,0,All,#4682B4,0
12,11.3247,0.677601,0,All,#4682B4,0
12,11.6786,0.6438,0,All,#4682B4,0
12,12.0325,0.649486,0,All,#4682B4,0
12,12.3863,0.620486,0,All,#4682B4,0
12,12.7402,0.708712,0,All,#4682B4,0
12,13.0941,0.666953,0,All,#4682B4,0
12,13.448,0.735409,0,All,#4682B4,0
12,13.8019,0.610893,0,All,#4682B4,0
12,14.1558,0.586436,0,All,#4682B4,0
12,14.5097,0.720089,0,All,#4682B4,0
12,14.8636,0.600325,0,All,#4682B4,0
12,15.2175,0.700297,0,All,#4682B4,0
12,15.5714,0.625577,0,All,#4682B4,0
12,15.9253,0.587839,0,All,#4682B4,0
12,16.2792,0.574479,0,All,#4682B4,0
12,16.6331,0.664815,0,All,#4682B4,0
12,16.987,0.625782,0,All,#4682B4,0
12,17.3409,0.647949,0,All,#4682B4,0
12,17.6948,0.569951,0,All,#4682B4,0
12,18.0487,0.651959,0,All,#4682B4,0
12,18.4026,0.686164,0,All,#4682B4,0
12,18.7564,0.704993,0,All,#4682B4,0
12,19.1103,0.608068,0,All,#4682B4,0
12,19.4642,0.698934,0,All,#4682B4,0
12,19.8181,0.678626,0,All,#4682B4,0
12,20.172,0.514627,0,All,#4682B4,0
12,20.5259,0.652656,0,All,#4682B4,0
12,20.8798,0.592562,0,All,#4682B4,0
12,21.2337,0.733567,0,All,#4682B4,0
12,21.5876,0.651599,0,All,#4682B4,0
12,21.9415,0.709481,0,All,#4682B4,0
12,22.2954,0.779376,0,All,#4682B4,0
12,22.6493,0.643562,0,All,#4682B4,0
12,23.0032,0.675272,0,All,#4682B4,0
12,23.3571,0.56465,0,All,#4682B4,0
12,23.711,0.691131,0,All,#4682B4,0
12,24.0649,0.658286,0,All,#4682B4,0
12,24.4188,0.592257,0,All,#4682B4,0
12,24.7727,0.510671,0,All,#4682B4,0
12,25.1265,0.654557,0,All,#4682B4,0
12,25.4804,0.619187,0,All,#4682B4,0
12,25.8343,0.634812,0,All,#4682B4,0
12,26.1882,0.552159,0,All,#4682B4,0
12,26.5421,0.677928,0,All,#4682B4,0
12,26.896,0.572424,0,All,#4682B4,0
12,27.2499,0.647215,0,All,#4682B4,0
12,27.6038,0.622497,0,All,#4682B4,0
12,27.9577,0.619266,0,All,#4682B4,0
12,28.3116,0.691372,0,All,#4682B4,0
12,28.6655,0.794772,0,All,#4682B4,0
12,29.0194,0.638284,0,All,#4682B4,0
12,29.3733,0.733746,0,All,#4682B4,0
12,29.7272,0.69787,0,All,#4682B4,0
12,30.0811,0.637003,0,All,#4682B4,0
12,30.435,0.703903,0,All,#4682B4,0
12,30.7889,0.712704,0,All,#4682B4,0
12,31.1428,0.779337,0,All,#4682B4,0
12,31.4966,0.62774,0,All,#4682B4,0
13,0,0.4546,0,All,#4682B4,0
13,0.3539,0.630588,0,All,#4682B4,0
13,0.7078,0.70001,0,All,#4682B4,0
13,1.0617,0.667097,0,All,#4682B4,0
13,1.4156,0.795782,0,All,#4682B4,0
13,1.7695,0.717374,0,All,#4682B4,0
13,2.1234,0.717488,0,All,#4682B4,0
13,2.4773,0.75129,0,All,#4682B4,0
13,2.8312,0.758111,0,All,#4682B4,0
13,3.1851,0.629582,0,All,#4682B4,0
13,3.539,0.746374,0,All,#4682B4,0
13,3.8929,0.758732,0,All,#4682B4,0
13,4.2468,0.716432,0,All,#4682B4,0
13,4.6007,0.738704,0,All,#4682B4,0
13,4.9546,0.660161,0,All,#4682B4,0
13,5.3085,0.715598,0,All,#4682B4,0
13,5.6624,0.708874,0,All,#4682B4,0
13,6.0162,0.785996,0,All,#4682B4,0
13,6.3701,0.760095,0,All,#4682B4,0
13,6.724,0.711531,0,All,#4682B4,0
13,7.0779,0.741388,0,All,#4682B4,0
13,7.4318,0.760321,0,All,#4682B4,0
13,7.7857,0.656796,0,All,#4682B4,0
13,8.1396,0.699508,0,All,#4682B4,0
13,8.4935,0.667501,0,All,#4682B4,0
13,8.8474,0.821111,0,All,#4682B4,0
13,9.2013,0.750961,0,All,#4682B4,0
13,9.5552,0.615196,0,All,#4682B4,0
13,9.9091,0.729853,0,All,#4682B4,0
13,10.263,0.697643,0,All,#4682B4,0
13,10.6169,0.799385,0,All,#4682B4,0
13,10.9708,0.625029,0,All,#4682B4,0
13,11.3247,0.645133,0,All,#4682B4,0
13,11.6786,0.700565,0,All,#4682B4,0
13,12.0325,0.865817,0,All,#4682B4,0
13,12.3863,0.809191,0,All,#4682B4,0
13,12.7402,0.829474,0,All,#4682B4,0
13,13.0941,0.81238,0,All,#4682B4,0
13,13.448,0.725954,0,All,#4682B4,0
13,13.8019,0.758935,0,All,#4682B4,0
13,14.1558,0.701849,0,All,#4682B4,0
13,14.5097,0.75511,0,All,#4682B4,0
13,14.8636,0.730346,0,All,#4682B4,0
13,15.2175,0.63048,0,All,#4682B4,0
13,15.5714,0.774484,0,All,#4682B4,0
13,15.9253,0.650455,0,All,#4682B4,0
13,16.2792,0.805151,0,All,#4682B4,0
13,16.6331,0.740797,0,All,#4682B4,0
13,16.987,0.757352,0,All,#4682B4,0
13,17.3409,0.714267,0,All,#4682B4,0
13,17.6948,0.736869,0,All,#4682B4,0
13,18.0487,0.712332,0,All,#4682B4,0
13,18.4026,0.698126,0,All,#4682B4,0
13,18.7564,0.739592,0,All,#4682B4,0
13,19.1103,0.735689,0,All,#4682B4,0
13,19.4642,0.688472,0,All,#4682B4,0
13,19.8181,0.673049,0,All,#4682B4,0
13,20.172,0.684392,0,All,#4682B4,0
13,20.5259,0.692707,0,All,#4682B4,0
13,20.8798,0.707484,0,All,#4682B4,0
13,21.2337,0.719529,0,All,#4682B4,0
13,21.5876,0.616079,0,All,#4682B4,0
13,21.9415,0.626132,0,All,#4682B4,0
13,22.2954,0.719583,0,All,#4682B4,0
13,22.6493,0.55178,0,All,#4682B4,0
13,23.0032,0.67156,0,All,#4682B4,0
13,23.3571,0.639172,0,All,#4682B4,0
13,23.711,0.743202,0,All,#4682B4,0
13,24.0649,0.78469,0,All,#4682B4,0
13,24.4188,0.70925,0,All,#4682B4,0
13,24.7727,0.599998,0,All,#4682B4,0
13,25.1265,0.579454,0,All,#4682B4,0
13,25.4804,0.629604,0,All,#4682B4,0
13,25.8343,0.686049,0,All,#4682B4,0
13,26.1882,0.668425,0,All,#4682B4,0
13,26.5421,0.698365,0,All,#4682B4,0
13,26.896,0.714644,0,All,#4682B4,0
13,27.2499,0.569293,0,All,#4682B4,0
13,27.6038,0.634677,0,All,#4682B4,0
13,27.9577,0.663587,0,All,#4682B4,0
13,28.3116,0.616262,0,All,#4682B4,0
13,28.6655,0.601244,0,All,#4682B4,0
13,29.0194,0.681835,0,All,#4682B4,0
13,29.3733,0.670234,0,All,#4682B4,0
13,29.7272,0.553598,0,All,#4682B4,0
13,30.0811,0.678025,0,All,#4682B4,0
13,30.435,0.54359,0,All,#4682B4,0
13,30.7889,0.637921,0,All,#4682B4,0
13,31.1428,0.689363,0,All,#4682B4,0
13,31.4966,0.631289,0,All,#4682B4,0
14,0,0.479982,0,All,#4682B4,0
14,0.3539,0.535414,0,All,#4682B4,0
14,0.7078,0.518584,0,All,#4682B4,0
14,1.0617,0.601737,0,All,#4682B4,0
14,1.4156,0.541205,0,All,#4682B4,0
14,1.7695,0.618035,0,All,#4682B4,0
14,2.1234,0.678614,0,All,#4682B4,0
14,2.4773,0.684945,0,All,#4682B4,0
14,2.8312,0.533071,0,All,#4682B4,0
14,3.1851,0.619393,0,All,#4682B4,0
14,3.539,0.692011,0,All,#4682B4,0
14,3.8929,0.550811,0,All,#4682B4,0
14,4.2468,0.546416,0,All,#4682B4,0
14,4.6007,0.514039,0,All,#4682B4,0
14,4.9546,0.582859,0,All,#4682B4,0
14,5.3085,0.524976,0,All,#4682B4,0
14,5.6624,0.624193,0,All,#4682B4,0
14,6.0162,0.557648,0,All,#4682B4,0
14,6.3701,0.616765,0,All,#4682B4,0
14,6.724,0.586695,0,All,#4682B4,0
14,7.0779,0.740505,0,All,#4682B4,0
14,7.4318,0.620651,0,All,#4682B4,0
14,7.7857,0.672714,0,All,#4682B4,0
14,8.1396,0.576908,0,All,#4682B4,0
14,8.4935,0.577014,0,All,#4682B4,0
14,8.8474,0.55355,0,All,#4682B4,0
14,9.2013,0.587266,0,All,#4682B4,0
14,9.5552,0.536645,0,All,#4682B4,0
14,9.9091,0.586097,0,All,#4682B4,0
14,10.263,0.57783,0,All,#4682B4,0
14,10.6169,0.599262,0,All,#4682B4,0
14,10.9708,0.644358,0,All,#4682B4,0
14,11.3247,0.512856,0,All,#4682B4,0
14,11.6786,0.60974,0,All,#4682B4,0
14,12.0325,0.683664,0,All,#4682B4,0
14,12.3863,0.566219,0,All,#4682B4,0
14,12.7402,0.587109,0,All,#4682B4,0
14,13.0941,0.609354,0,All,#4682B4,0
14,13.448,0.635614,0,All,#4682B4,0
14,13.8019,0.563626,0,All,#4682B4,0
14,14.1558,0.631182,0,All,#4682B4,0
14,14.5097,0.599729,0,All,#4682B4,0
14,14.8636,0.604323,0,All,#4682B4,0
14,15.2175,0.568938,0,All,#4682B4,0
14,15.5714,0.557706,0,All,#4682B4,0
14,15.9253,0.65313,0,All,#4682B4,0
14,16.2792,0.592717,0,All,#4682B4,0
14,16.6331,0.482887,0,All,#4682B4,0
14,16.987,0.574791,0,All,#4682B4,0
14,17.3409,0.616888,0,All,#4682B4,0
14,17.6948,0.641293,0,All,#4682B4,0
14,18.0487,0.493037,0,All,#4682B4,0
14,18.4026,0.650085,0,All,#4682B4,0
14,18.7564,0.631319,0,All,#4682B4,0
14,19.1103,0.58274,0,All,#4682B4,0
14,19.4642,0.561084,0,All,#4682B4,0
14,19.8181,0.645272,0,All,#4682B4,0
14,20.172,0.608657,0,All,#4682B4,0
14,20.5259,0.573741,0,All,#4682B4,0
14,20.8798,0.583165,0,All,#4682B4,0
14,21.2337,0.544841,0,All,#4682B4,0
14,21.5876,0.617545,0,All,#4682B4,0
14,21.9415,0.490673,0,All,#4682B4,0
14,22.2954,0.555595,0,All,#4682B4,0
14,22.6493,0.575676,0,All,#4682B4,0
14,23.0032,0.541802,0,All,#4682B4,0
14,23.3571,0.491823,0,All,#4682B4,0
14,23.711,0.598228,0,All,#4682B4,0
14,24.0649,0.564513,0,All,#4682B4,0
14,24.4188,0.567476,0,All,#4682B4,0
14,24.7727,0.549447,0,All,#4682B4,0
14,25.1265,0.610307,0,All,#4682B4,0
14,25.4804,0.60409,0,All,#4682B4,0
14,25.8343,0.54581,0,All,#4682B4,0
14,26.1882,0.623151,0,All,#4682B4,0
14,26.5421,0.49791,0,All,#4682B4,0
14,26.896,0.613829,0,All,#4682B4,0
14,27.2499,0.634666,0,All,#4682B4,0
14,27.6038,0.600704,0,All,#4682B4,0
14,27.9577,0.494104,0,All,#4682B4,0
14,28.3116,0.538272,0,All,#4682B4,0
14,28.6655,0.613745,0,All,#4682B4,0
14,29.0194,0.508391,0,All,#4682B4,0
14,29.3733,0.580032,0,All,#4682B4,0
14,29.7272,0.484972,0,All,#4682B4,0
14,30.0811,0.505043,0,All,#4682B4,0
14,30.435,0.572286,0,All,#4682B4,0
14,30.7889,0.545102,0,All,#4682B4,0
14,31.1428,0.557366,0,All,#4682B4,0
14,31.4966,0.616025,0,All,#4682B4,0
15,0,0.612601,0,All,#4682B4,0
15,0.3539,0.598405,0,All,#4682B4,0
15,0.7078,0.613682,0,All,#4682B4,0
15,1.0617,0.740283,0,All,#4682B4,0
15,1.4156,0.678136,0,All,#4682B4,0
15,1.7695,0.691881,0,All,#4682B4,0
15,2.1234,0.695762,0,All,#4682B4,0
15,2.4773,0.770631,0,All,#4682B4,0
15,2.8312,0.722525,0,All,#4682B4,0
15,3.1851,0.769867,0,All,#4682B4,0
15,3.539,0.754353,0,All,#4682B4,0
15,3.8928,0.510419,0,All,#4682B4,0
15,4.2467,0.688366,0,All,#4682B4,0
15,4.6006,0.770472,0,All,#4682B4,0
15,4.9545,0.781405,0,All,#4682B4,0
15,5.3084,0.806964,0,All,#4682B4,0
15,5.6623,0.698881,0,All,#4682B4,0
15,6.0162,0.783541,0,All,#4682B4,0
15,6.3701,0.779003,0,All,#4682B4,0
15,6.724,0.764652,0,All,#4682B4,0
15,7.0779,0.629211,0,All,#4682B4,0
15,7.4318,0.738611,0,All,#4682B4,0
15,7.7857,0.704686,0,All,#4682B4,0
15,8.1396,0.678693,0,All,#4682B4,0
15,8.4935,0.647642,0,All,#4682B4,0
15,8.8474,0.776118,0,All,#4682B4,0
15,9.2013,0.760445,0,All,#4682B4,0
15,9.5552,0.709404,0,All,#4682B4,0
15,9.9091,0.627878,0,All,#4682B4,0
15,10.2629,0.77075,0,All,#4682B4,0
15,10.6168,0.607112,0,All,#4682B4,0
15,10.9707,0.869341,0,All,#4682B4,0
15,11.3246,0.843407,0,All,#4682B4,0
15,11.6785,0.746219,0,All,#4682B4,0
15,12.0324,0.726045,0,All,#4682B4,0
15,12.3863,0.752547,0,All,#4682B4,0
15,12.7402,0.768041,0,All,#4682B4,0
15,13.0941,0.838592,0,All,#4682B4,0
15,13.448,0.697951,0,All,#4682B4,0
15,13.8019,0.790505,0,All,#4682B4,0
15,14.1558,0.768732,0,All,#4682B4,0
15,14.5097,0.687982,0,All,#4682B4,0
15,14.8636,0.599947,0,All,#4682B4,0
15,15.2175,0.718898,0,All,#4682B4,0
15,15.5714,0.722849,0,All,#4682B4,0
15,15.9253,0.666385,0,All,#4682B4,0
15,16.2791,0.768489,0,All,#4682B4,0
15,16.633,0.687187,0,All,#4682B4,0
15,16.9869,0.742572,0,All,#4682B4,0
15,17.3408,0.662854,0,All,#4682B4,0
15,17.6947,0.77781,0,All,#4682B4,0
15,18.0486,0.76004,0,All,#4682B4,0
15,18.4025,0.769707,0,All,#4682B4,0
15,18.7564,0.711011,0,All,#4682B4,0
15,19.1103,0.67453,0,All,#4682B4,0
15,19.4642,0.738216,0,All,#4682B4,0
15,19.8181,0.668372,0,All,#4682B4,0
15,20.172,0.651072,0,All,#4682B4,0
15,20.5259,0.709464,0,All,#4682B4,0
15,20.8798,0.717326,0,All,#4682B4,0
15,21.2337,0.648339,0,All,#4682B4,0
15,21.5876,0.769786,0,All,#4682B4,0
15,21.9415,0.615213,0,All,#4682B4,0
15,22.2954,0.71797,0,All,#4682B4,0
15,22.6492,0.685904,0,All,#4682B4,0
15,23.0031,0.677019,0,All,#4682B4,0
15,23.357,0.712953,0,All,#4682B4,0
15,23.7109,0.704983,0,All,#4682B4,0
15,24.0648,0.641468,0,All,#4682B4,0
15,24.4187,0.66721,0,All,#4682B4,0
15,24.7726,0.628537,0,All,#4682B4,0
15,25.1265,0.59615,0,All,#4682B4,0
15,25.4804,0.617544,0,All,#4682B4,0
15,25.8343,0.789302,0,All,#4682B4,0
15,26.1882,0.781663,0,All,#4682B4,0
15,26.5421,0.704177,0,All,#4682B4,0
15,26.896,0.755178,0,All,#4682B4,0
15,27.2499,0.708432,0,All,#4682B4,0
15,27.6038,0.709831,0,All,#4682B4,0
15,27.9577,0.734938,0,All,#4682B4,0
15,28.3116,0.75941,0,All,#4682B4,0
15,28.6655,0.643767,0,All,#4682B4,0
15,29.0193,0.689804,0,All,#4682B4,0
15,29.3732,0.646498,0,All,#4682B4,0
15,29.7271,0.646558,0,All,#4682B4,0
15,30.081,0.728679,0,All,#4682B4,0
15,30.4349,0.632818,0,All,#4682B4,0
15,30.7888,0.787781,0,All,#4682B4,0
15,31.1427,0.809877,0,All,#4682B4,0
15,31.4966,0.640594,0,All,#4682B4,0
16,0,0.619947,0,All,#4682B4,0
16,0.3539,0.593129,0,All,#4682B4,0
16,0.7078,0.752741,0,All,#4682B4,0
16,1.0617,0.947693,0,All,#4682B4,0
16,1.4156,0.803494,0,All,#4682B4,0
16,1.7695,0.694111,0,All,#4682B4,0
16,2.1234,0.751104,0,All,#4682B4,0
16,2.4773,0.771488,0,All,#4682B4,0
16,2.8312,0.873049,0,All,#4682B4,0
16,3.1851,0.761109,0,All,#4682B4,0
16,3.539,0.714249,0,All,#4682B4,0
16,3.8929,0.855402,0,All,#4682B4,0
16,4.2468,0.675297,0,All,#4682B4,0
16,4.6007,0.698092,0,All,#4682B4,0
16,4.9546,0.781815,0,All,#4682B4,0
16,5.3085,0.685754,0,All,#4682B4,0
16,5.6624,0.650044,0,All,#4682B4,0
16,6.0162,0.759942,0,All,#4682B4,0
16,6.3701,0.819429,0,All,#4682B4,0
16,6.724,0.700416,0,All,#4682B4,0
16,7.0779,0.769454,0,All,#4682B4,0
16,7.4318,0.789172,0,All,#4682B4,0
16,7.7857,0.741394,0,All,#4682B4,0
16,8.1396,0.77333,0,All,#4682B4,0
16,8.4935,0.797784,0,All,#4682B4,0
16,8.8474,0.808834,0,All,#4682B4,0
16,9.2013,0.817146,0,All,#4682B4,0
16,9.5552,0.908244,0,All,#4682B4,0
16,9.9091,0.705024,0,All,#4682B4,0
16,10.263,0.805855,0,All,#4682B4,0
16,10.6169,0.712825,0,All,#4682B4,0
16,10.9708,0.714745,0,All,#4682B4,0
16,11.3247,0.872509,0,All,#4682B4,0
16,11.6786,0.840845,0,All,#4682B4,0
16,12.0325,0.801151,0,All,#4682B4,0
16,12.3863,0.733269,0,All,#4682B4,0
16,12.7402,0.683642,0,All,#4682B4,0
16,13.0941,0.745582,0,All,#4682B4,0
16,13.448,0.916041,0,All,#4682B4,0
16,13.8019,0.851761,0,All,#4682B4,0
16,14.1558,0.90141,0,All,#4682B4,0
16,14.5097,0.7046,0,All,#4682B4,0
16,14.8636,0.86363,0,All,#4682B4,0
16,15.2175,0.86948,0,All,#4682B4,0
16,15.5714,0.801515,0,All,#4682B4,0
16,15.9253,0.614732,0,All,#4682B4,0
16,16.2792,0.797182,0,All,#4682B4,0
16,16.6331,0.780704,0,All,#4682B4,0
16,16.987,0.755702,0,All,#4682B4,0
16,17.3409,0.749593,0,All,#4682B4,0
16,17.6948,0.675667,0,All,#4682B4,0
16,18.0487,0.728413,0,All,#4682B4,0
16,18.4026,0.829233,0,All,#4682B4,0
16,18.7564,0.771367,0,All,#4682B4,0
16,19.1103,0.794,0,All,#4682B4,0
16,19.4642,0.83124,0,All,#4682B4,0
16,19.8181,0.844936,0,All,#4682B4,0
16,20.172,0.652553,0,All,#4682B4,0
16,20.5259,0.742301,0,All,#4682B4,0
16,20.8798,0.826222,0,All,#4682B4,0
16,21.2337,0.746301,0,All,#4682B4,0
16,21.5876,0.778126,0,All,#4682B4,0
16,21.9415,0.779513,0,All,#4682B4,0
16,22.2954,0.812954,0,All,#4682B4,0
16,22.6493,0.795802,0,All,#4682B4,0
16,23.0032,0.786493,0,All,#4682B4,0
16,23.3571,0.699462,0,All,#4682B4,0
16,23.711,0.752297,0,All,#4682B4,0
16,24.0649,0.732117,0,All,#4682B4,0
16,24.4188,0.851349,0,All,#4682B4,0
16,24.7727,0.742187,0,All,#4682B4,0
16,25.1265,0.72036,0,All,#4682B4,0
16,25.4804,0.840344,0,All,#4682B4,0
16,25.8343,0.698264,0,All,#4682B4,0
16,26.1882,0.772783,0,All,#4682B4,0
16,26.5421,0.802999,0,All,#4682B4,0
16,26.896,0.713343,0,All,#4682B4,0
16,27.2499,0.809418,0,All,#4682B4,0
16,27.6038,0.667428,0,All,#4682B4,0
16,27.9577,0.87048,0,All,#4682B4,0
16,28.3116,0.793961,0,All,#4682B4,0
16,28.6655,0.74948,0,All,#4682B4,0
16,29.0194,0.830092,0,All,#4682B4,0
16,29.3733,0.708595,0,All,#4682B4,0
16,29.7272,0.791921,0,All,#4682B4,0
16,30.0811,0.894228,0,All,#4682B4,0
16,30.435,0.782032,0,All,#4682B4,0
16,30.7889,0.778073,0,All,#4682B4,0
16,31.1428,0.82775,0,All,#4682B4,0
16,31.4966,0.732871,0,All,#4682B4,0
17,0,0.52659,0,All,#4682B4,0
17,0.3539,0.730102,0,All,#4682B4,0
17,0.7078,0.662068,0,All,#4682B4,0
17,1.0617,0.687598,0,All,#4682B4,0
17,1.4156,0.720403,0,All,#4682B4,0
17,1.7695,0.653486,0,All,#4682B4,0
17,2.1234,0.69524,0,All,#4682B4,0
17,2.4773,0.635932,0,All,#4682B4,0
17,2.8312,0.771145,0,All,#4682B4,0
17,3.1851,0.604169,0,All,#4682B4,0
17,3.539,0.566956,0,All,#4682B4,0
17,3.8929,0.749751,0,All,#4682B4,0
17,4.2468,0.633011,0,All,#4682B4,0
17,4.6007,0.652712,0,All,#4682B4,0
17,4.9546,0.634536,0,All,#4682B4,0
17,5.3085,0.703113,0,All,#4682B4,0
17,5.6624,0.711163,0,All,#4682B4,0
17,6.0162,0.661463,0,All,#4682B4,0
17,6.3701,0.67401,0,All,#4682B4,0
17,6.724,0.609547,0,All,#4682B4,0
17,7.0779,0.698611,0,All,#4682B4,0
17,7.4318,0.758036,0,All,#4682B4,0
17,7.7857,0.730347,0,All,#4682B4,0
17,8.1396,0.62095,0,All,#4682B4,0
17,8.4935,0.678427,0,All,#4682B4,0
17,8.8474,0.657227,0,All,#4682B4,0
17,9.2013,0.616799,0,All,#4682B4,0
17,9.5552,0.626029,0,All,#4682B4,0
17,9.9091,0.663861,0,All,#4682B4,0
17,10.263,0.634374,0,All,#4682B4,0
17,10.6169,0.649718,0,All,#4682B4,0
17,10.9708,0.610448,0,All,#4682B4,0
17,11.3247,0.741318,0,All,#4682B4,0
17,11.6786,0.584773,0,All,#4682B4,0
17,12.0325,0.581362,0,All,#4682B4,0
17,12.3863,0.701617,0,All,#4682B4,0
17,12.7402,0.698117,0,All,#4682B4,0
17,13.0941,0.700408,0,All,#4682B4,0
17,13.448,0.670402,0,All,#4682B4,0
17,13.8019,0.593171,0,All,#4682B4,0
17,14.1558,0.678973,0,All,#4682B4,0
17,14.5097,0.69974,0,All,#4682B4,0
17,14.8636,0.677925,0,All,#4682B4,0
17,15.2175,0.650826,0,All,#4682B4,0
17,15.5714,0.53861,0,All,#4682B4,0
17,15.9253,0.81746,0,All,#4682B4,0
17,16.2792,0.600597,0,All,#4682B4,0
17,16.6331,0.616275,0,All,#4682B4,0
17,16.987,0.557923,0,All,#4682B4,0
17,17.3409,0.633359,0,All,#4682B4,0
17,17.6948,0.618014,0,All,#4682B4,0
17,18.0487,0.676633,0,All,#4682B4,0
17,18.4026,0.568661,0,All,#4682B4,0
17,18.7564,0.54568,0,All,#4682B4,0
17,19.1103,0.629621,0,All,#4682B4,0
17,19.4642,0.543272,0,All,#4682B4,0
17,19.8181,0.663857,0,All,#4682B4,0
17,20.172,0.696979,0,All,#4682B4,0
17,20.5259,0.644362,0,All,#4682B4,0
17,20.8798,0.781383,0,All,#4682B4,0
17,21.2337,0.613501,0,All,#4682B4,0
17,21.5876,0.486632,0,All,#4682B4,0
17,21.9415,0.621179,0,All,#4682B4,0
17,22.2954,0.658554,0,All,#4682B4,0
17,22.6493,0.618024,0,All,#4682B4,0
17,23.0032,0.510939,0,All,#4682B4,0
17,23.3571,0.687512,0,All,#4682B4,0
17,23.711,0.767441,0,All,#4682B4,0
17,24.0649,0.71967,0,All,#4682B4,0
17,24.4188,0.714302,0,All,#4682B4,0
17,24.7727,0.516656,0,All,#4682B4,0
17,25.1265,0.645356,0,All,#4682B4,0
17,25.4804,0.682106,0,All,#4682B4,0
17,25.8343,0.728739,0,All,#4682B4,0
17,26.1882,0.654351,0,All,#4682B4,0
17,26.5421,0.623316,0,All,#4682B4,0
17,26.896,0.743048,0,All,#4682B4,0
17,27.2499,0.738471,0,All,#4682B4,0
17,27.6038,0.715743,0,All,#4682B4,0
17,27.9577,0.692277,0,All,#4682B4,0
17,28.3116,0.551377,0,All,#4682B4,0
17,28.6655,0.583506,0,All,#4682B4,0
17,29.0194,0.717995,0,All,#4682B4,0
17,29.3733,0.786811,0,All,#4682B4,0
17,29.7272,0.603427,0,All,#4682B4,0
17,30.0811,0.643747,0,All,#4682B4,0
17,30.435,0.763924,0,All,#4682B4,0
17,30.7889,0.680053,0,All,#4682B4,0
17,31.1428,0.624667,0,All,#4682B4,0
17,31.4966,0.576014,0,All,#4682B4,0
18,0,0.496101,0,All,#4682B4,0
18,0.3539,0.674131,0,All,#4682B4,0
18,0.7078,0.595431,0,All,#4682B4,0
18,1.0617,0.755225,0,All,#4682B4,0
18,1.4156,0.680116,0,All,#4682B4,0
18,1.7695,0.59971,0,All,#4682B4,0
18,2.1234,0.729382,0,All,#4682B4,0
18,2.4773,0.728288,0,All,#4682B4,0
18,2.8312,0.681328,0,All,#4682B4,0
18,3.1851,0.735777,0,All,#4682B4,0
18,3.539,0.651158,0,All,#4682B4,0
18,3.8929,0.660425,0,All,#4682B4,0
18,4.2468,0.734654,0,All,#4682B4,0
18,4.6007,0.654425,0,All,#4682B4,0
18,4.9546,0.670413,0,All,#4682B4,0
18,5.3085,0.666662,0,All,#4682B4,0
18,5.6624,0.642529,0,All,#4682B4,0
18,6.0162,0.626428,0,All,#4682B4,0
18,6.3701,0.666228,0,All,#4682B4,0
18,6.724,0.663569,0,All,#4682B4,0
18,7.0779,0.749136,0,All,#4682B4,0
18,7.4318,0.638611,0,All,#4682B4,0
18,7.7857,0.674146,0,All,#4682B4,0
18,8.1396,0.664476,0,All,#4682B4,0
18,8.4935,0.68143,0,All,#4682B4,0
18,8.8474,0.736953,0,All,#4682B4,0
18,9.2013,0.641251,0,All,#4682B4,0
18,9.5552,0.701003,0,All,#4682B4,0
18,9.9091,0.748752,0,All,#4682B4,0
18,10.263,0.745231,0,All,#4682B4,0
18,10.6169,0.600857,0,All,#4682B4,0
18,10.9708,0.574895,0,All,#4682B4,0
18,11.3247,0.654314,0,All,#4682B4,0
18,11.6786,0.625548,0,All,#4682B4,0
18,12.0325,0.665932,0,All,#4682B4,0
18,12.3863,0.729384,0,All,#4682B4,0
18,12.7402,0.760236,0,All,#4682B4,0
18,13.0941,0.647336,0,All,#4682B4,0
18,13.448,0.736417,0,All,#4682B4,0
18,13.8019,0.662107,0,All,#4682B4,0
18,14.1558,0.67664,0,All,#4682B4,0
18,14.5097,0.633307,0,All,#4682B4,0
18,14.8636,0.690276,0,All,#4682B4,0
18,15.2175,0.631502,0,All,#4682B4,0
18,15.5714,0.641636,0,All,#4682B4,0
18,15.9253,0.704923,0,All,#4682B4,0
18,16.2792,0.722246,0,All,#4682B4,0
18,16.6331,0.748582,0,All,#4682B4,0
18,16.987,0.67983,0,All,#4682B4,0
18,17.3409,0.7688,0,All,#4682B4,0
18,17.6948,0.728345,0,All,#4682B4,0
18,18.0487,0.67901,0,All,#4682B4,0
18,18.4026,0.632056,0,All,#4682B4,0
18,18.7564,0.669031,0,All,#4682B4,0
18,19.1103,0.712197,0,All,#4682B4,0
18,19.4642,0.636034,0,All,#4682B4,0
18,19.8181,0.655811,0,All,#4682B4,0
18,20.172,0.65296,0,All,#4682B4,0
18,20.5259,0.579893,0,All,#4682B4,0
18,20.8798,0.68559,0,All,#4682B4,0
18,21.2337,0.62497,0,All,#4682B4,0
18,21.5876,0.631924,0,All,#4682B4,0
18,21.9415,0.67815,0,All,#4682B4,0
18,22.2954,0.613257,0,All,#4682B4,0
18,22.6493,0.587928,0,All,#4682B4,0
18,23.0032,0.685271,0,All,#4682B4,0
18,23.3571,0.640299,0,All,#4682B4,0
18,23.711,0.565179,0,All,#4682B4,0
18,24.0649,0.63244,0,All,#4682B4,0
18,24.4188,0.672397,0,All,#4682B4,0
18,24.7727,0.636679,0,All,#4682B4,0
18,25.1265,0.714286,0,All,#4682B4,0
18,25.4804,0.5805,0,All,#4682B4,0
18,25.8343,0.595193,0,All,#4682B4,0
18,26.1882,0.677473,0,All,#4682B4,0
18,26.5421,0.649368,0,All,#4682B4,0
18,26.896,0.713342,0,All,#4682B4,0
18,27.2499,0.539181,0,All,#4682B4,0
18,27.6038,0.707473,0,All,#4682B4,0
18,27.9577,0.614354,0,All,#4682B4,0
18,28.3116,0.715729,0,All,#4682B4,0
18,28.6655,0.578142,0,All,#4682B4,0
18,29.0194,0.653916,0,All,#4682B4,0
18,29.3733,0.666182,0,All,#4682B4,0
18,29.7272,0.633852,0,All,#4682B4,0
18,30.0811,0.599432,0,All,#4682B4,0
18,30.435,0.677371,0,All,#4682B4,0
18,30.7889,0.560809,0,All,#4682B4,0
18,31.1428,0.678761,0,All,#4682B4,0
18,31.4966,0.77597,0,All,#4682B4,0
19,0,0.433319,0,All,#4682B4,0
19,0.3539,0.595544,0,All,#4682B4,0
19,0.7078,0.629812,0,All,#4682B4,0
19,1.0617,0.598278,0,All,#4682B4,0
19,1.4156,0.767226,0,All,#4682B4,0
19,1.7695,0.643231,0,All,#4682B4,0
19,2.1234,0.694887,0,All,#4682B4,0
19,2.4773,0.739427,0,All,#4682B4,0
19,2.8312,0.804368,0,All,#4682B4,0
19,3.1851,0.711326,0,All,#4682B4,0
19,3.539,0.784096,0,All,#4682B4,0
19,3.8929,0.862991,0,All,#4682B4,0
19,4.2468,0.64744,0,All,#4682B4,0
19,4.6007,0.628381,0,All,#4682B4,0
19,4.9546,0.726234,0,All,#4682B4,0
19,5.3085,0.646599,0,All,#4682B4,0
19,5.6624,0.776565,0,All,#4682B4,0
19,6.0162,0.682538,0,All,#4682B4,0
19,6.3701,0.69439,0,All,#4682B4,0
19,6.724,0.626446,0,All,#4682B4,0
19,7.0779,0.711091,0,All,#4682B4,0
19,7.4318,0.726821,0,All,#4682B4,0
19,7.7857,0.656343,0,All,#4682B4,0
19,8.1396,0.740363,0,All,#4682B4,0
19,8.4935,0.778275,0,All,#4682B4,0
19,8.8474,0.770417,0,All,#4682B4,0
19,9.2013,0.827553,0,All,#4682B4,0
19,9.5552,0.694771,0,All,#4682B4,0
19,9.9091,0.825808,0,All,#4682B4,0
19,10.263,0.667187,0,All,#4682B4,0
19,10.6169,0.931304,0,All,#4682B4,0
19,10.9708,0.712516,0,All,#4682B4,0
19,11.3247,0.667439,0,All,#4682B4,0
19,11.6786,0.705363,0,All,#4682B4,0
19,12.0325,0.801409,0,All,#4682B4,0
19,12.3863,0.783942,0,All,#4682B4,0
19,12.7402,0.697642,0,All,#4682B4,0
19,13.0941,0.683994,0,All,#4682B4,0
19,13.448,0.790788,0,All,#4682B4,0
19,13.8019,0.803923,0,All,#4682B4,0
19,14.1558,0.762329,0,All,#4682B4,0
19,14.5097,0.746947,0,All,#4682B4,0
19,14.8636,0.834495,0,All,#4682B4,0
19,15.2175,0.84557,0,All,#4682B4,0
19,15.5714,0.749011,0,All,#4682B4,0
19,15.9253,0.683316,0,All,#4682B4,0
19,16.2792,0.781604,0,All,#4682B4,0
19,16.6331,0.607919,0,All,#4682B4,0
19,16.987,0.749197,0,All,#4682B4,0
19,17.3409,0.559291,0,All,#4682B4,0
19,17.6948,0.757659,0,All,#4682B4,0
19,18.0487,0.77515,0,All,#4682B4,0
19,18.4026,0.773316,0,All,#4682B4,0
19,18.7564,0.667815,0,All,#4682B4,0
19,19.1103,0.617915,0,All,#4682B4,0
19,19.4642,0.718898,0,All,#4682B4,0
19,19.8181,0.685673,0,All,#4682B4,0
19,20.172,0.72447,0,All,#4682B4,0
19,20.5259,0.752548,0,All,#4682B4,0
19,20.8798,0.59085,0,All,#4682B4,0
19,21.2337,0.725034,0,All,#4682B4,0
19,21.5876,0.633186,0,All,#4682B4,0
19,21.9415,0.774238,0,All,#4682B4,0
19,22.2954,0.74561,0,All,#4682B4,0
19,22.6493,0.817637,0,All,#4682B4,0
19,23.0032,0.762689,0,All,#4682B4,0
19,23.3571,0.681075,0,All,#4682B4,0
19,23.711,0.63917,0,All,#4682B4,0
19,24.0649,0.680841,0,All,#4682B4,0
19,24.4188,0.735204,0,All,#4682B4,0
19,24.7727,0.697873,0,All,#4682B4,0
19,25.1265,0.612979,0,All,#4682B4,0
19,25.4804,0.720492,0,All,#4682B4,0
19,25.8343,0.698604,0,All,#4682B4,0
19,26.1882,0.625761,0,All,#4682B4,0
19,26.5421,0.631527,0,All,#4682B4,0
19,26.896,0.730146,0,All,#4682B4,0
19,27.2499,0.783643,0,All,#4682B4,0
19,27.6038,0.657229,0,All,#4682B4,0
19,27.9577,0.703406,0,All,#4682B4,0
19,28.3116,0.625129,0,All,#4682B4,0
19,28.6655,0.559872,0,All,#4682B4,0
19,29.0194,0.615535,0,All,#4682B4,0
19,29.3733,0.670401,0,All,#4682B4,0
19,29.7272,0.785454,0,All,#4682B4,0
19,30.0811,0.654666,0,All,#4682B4,0
19,30.435,0.613706,0,All,#4682B4,0
19,30.7889,0.599166,0,All,#4682B4,0
19,31.1428,0.599474,0,All,#4682B4,0
19,31.4966,0.683949,0,All,#4682B4,0
20,0,0.476445,0,All,#4682B4,0
20,0.3539,0.663895,0,All,#4682B4,0
20,0.7078,0.651671,0,All,#4682B4,0
20,1.0617,0.650219,0,All,#4682B4,0
20,1.4156,0.769396,0,All,#4682B4,0
20,1.7695,0.762583,0,All,#4682B4,0
20,2.1234,0.666993,0,All,#4682B4,0
20,2.4773,0.79684,0,All,#4682B4,0
20,2.8312,0.732051,0,All,#4682B4,0
20,3.1851,0.599847,0,All,#4682B4,0
20,3.539,0.685836,0,All,#4682B4,0
20,3.8929,0.587784,0,All,#4682B4,0
20,4.2468,0.67981,0,All,#4682B4,0
20,4.6007,0.534113,0,All,#4682B4,0
20,4.9546,0.642617,0,All,#4682B4,0
20,5.3085,0.642149,0,All,#4682B4,0
20,5.6624,0.609327,0,All,#4682B4,0
20,6.0162,0.506377,0,All,#4682B4,0
20,6.3701,0.738013,0,All,#4682B4,0
20,6.724,0.698017,0,All,#4682B4,0
20,7.0779,0.576469,0,All,#4682B4,0
20,7.4318,0.802599,0,All,#4682B4,0
20,7.7857,0.743486,0,All,#4682B4,0
20,8.1396,0.562199,0,All,#4682B4,0
20,8.4935,0.745652,0,All,#4682B4,0
20,8.8474,0.82465,0,All,#4682B4,0
20,9.2013,0.610861,0,All,#4682B4,0
20,9.5552,0.610325,0,All,#4682B4,0
20,9.9091,0.597982,0,All,#4682B4,0
20,10.263,0.616401,0,All,#4682B4,0
20,10.6169,0.640297,0,All,#4682B4,0
20,10.9708,0.687969,0,All,#4682B4,0
20,11.3247,0.637431,0,All,#4682B4,0
20,11.6786,0.62003,0,All,#4682B4,0
20,12.0325,0.595396,0,All,#4682B4,0
20,12.3863,0.614488,0,All,#4682B4,0
20,12.7402,0.544602,0,All,#4682B4,0
20,13.0941,0.713258,0,All,#4682B4,0
20,13.448,0.648109,0,All,#4682B4,0
20,13.8019,0.610634,0,All,#4682B4,0
20,14.1558,0.555196,0,All,#4682B4,0
20,14.5097,0.718524,0,All,#4682B4,0
20,14.8636,0.69344,0,All,#4682B4,0
20,15.2175,0.745143,0,All,#4682B4,0
20,15.5714,0.60294,0,All,#4682B4,0
20,15.9253,0.596451,0,All,#4682B4,0
20,16.2792,0.652927,0,All,#4682B4,0
20,16.6331,0.642945,0,All,#4682B4,0
20,16.987,0.624948,0,All,#4682B4,0
20,17.3409,0.577709,0,All,#4682B4,0
20,17.6948,0.742434,0,All,#4682B4,0
20,18.0487,0.646168,0,All,#4682B4,0
20,18.4026,0.57746,0,All,#4682B4,0
20,18.7564,0.667823,0,All,#4682B4,0
20,19.1103,0.611726,0,All,#4682B4,0
20,19.4642,0.62591,0,All,#4682B4,0
20,19.8181,0.597256,0,All,#4682B4,0
20,20.172,0.666421,0,All,#4682B4,0
20,20.5259,0.695355,0,All,#4682B4,0
20,20.8798,0.691644,0,All,#4682B4,0
20,21.2337,0.55808,0,All,#4682B4,0
20,21.5876,0.752845,0,All,#4682B4,0
20,21.9415,0.73576,0,All,#4682B4,0
20,22.2954,0.554287,0,All,#4682B4,0
20,22.6493,0.690048,0,All,#4682B4,0
20,23.0032,0.67976,0,All,#4682B4,0
20,23.3571,0.534325,0,All,#4682B4,0
20,23.711,0.534562,0,All,#4682B4,0
20,24.0649,0.617477,0,All,#4682B4,0
20,24.4188,0.729572,0,All,#4682B4,0
20,24.7727,0.541779,0,All,#4682B4,0
20,25.1265,0.695098,0,All,#4682B4,0
20,25.4804,0.682686,0,All,#4682B4,0
20,25.8343,0.636781,0,All,#4682B4,0
20,26.1882,0.541025,0,All,#4682B4,0
20,26.5421,0.68955,0,All,#4682B4,0
20,26.896,0.659426,0,All,#4682B4,0
20,27.2499,0.67115,0,All,#4682B4,0
20,27.6038,0.6602,0,All,#4682B4,0
20,27.9577,0.566988,0,All,#4682B4,0
20,28.3116,0.628725,0,All,#4682B4,0
20,28.6655,0.7051,0,All,#4682B4,0
20,29.0194,0.61017,0,All,#4682B4,0
20,29.3733,0.590869,0,All,#4682B4,0
20,29.7272,0.596964,0,All,#4682B4,0
20,30.0811,0.580389,0,All,#4682B4,0
20,30.435,0.539131,0,All,#4682B4,0
20,30.7889,0.685869,0,All,#4682B4,0
20,31.1428,0.678606,0,All,#4682B4,0
20,31.4966,0.710966,0,All,#4682B4,0
