A1_abscissa,A1_pdf,A1_cdf,tau1_abscissa,tau1_pdf,tau1_cdf,A2_abscissa,A2_pdf,A2_cdf,tau2_abscissa,tau2_pdf,tau2_cdf,I0_abscissa,I0_pdf,I0_cdf,split
0.020451,0.0491108,6.48727e-05,5.56108,0.000637843,0.00369077,0.0417364,0.00850233,1.84193e-05,13.0293,0.000464018,0.00646136,0.255432,3.6405e-07,1.6824e-09,All
0.0217825,0.11243,0.000167587,371844,2.31066e-07,0.814917,0.044028,0.0208324,5.02192e-05,494092,1.59003e-07,0.847316,0.262313,1.4393e-06,7.10653e-09,All
0.0231139,0.232446,0.00038931,743682,9.22776e-08,0.868475,0.0463196,0.0463057,0.000123852,988171,6.11039e-08,0.895406,0.269194,5.19086e-06,2.73771e-08,All
0.0244454,0.440252,0.00082544,1.11552e+06,5.27095e-08,0.894293,0.0486112,0.094487,0.000279694,1.48225e+06,3.40709e-08,0.91786,0.276075,1.71811e-05,9.67785e-08,All
0.0257768,0.772884,0.00161702,1.48736e+06,3.50628e-08,0.910244,0.0509028,0.178771,0.000584383,1.97633e+06,2.22633e-08,0.931442,0.282957,5.24793e-05,3.15693e-07,All
0.0271083,1.26993,0.00295655,1.8592e+06,2.54073e-08,0.921329,0.0531944,0.316298,0.00113963,2.47041e+06,1.5904e-08,0.940729,0.289838,0.000148678,9.5517e-07,All
0.0284397,1.9689,0.00508843,2.23104e+06,1.94536e-08,0.929589,0.055486,0.527143,0.00209,2.96449e+06,1.20329e-08,0.947559,0.296719,0.000392512,2.69328e-06,All
0.0297712,2.90015,0.0083028,2.60287e+06,1.54807e-08,0.936038,0.0577776,0.832745,0.00362802,3.45857e+06,9.47763e-09,0.952833,0.303601,0.000969757,7.10822e-06,All
0.0311026,4.08223,0.0129228,2.97471e+06,1.26762e-08,0.941245,0.0600692,1.25372,0.00599484,3.95264e+06,7.6908e-09,0.95705,0.310482,0.00225109,1.76307e-05,All
0.0324341,5.51844,0.0192864,3.34655e+06,1.06111e-08,0.945556,0.0623608,1.80734,0.00947552,4.44672e+06,6.38603e-09,0.960512,0.317363,0.0049275,4.12501e-05,All
0.0337655,7.1951,0.0277248,3.71839e+06,9.03953e-09,0.949197,0.0646524,2.5051,0.0143885,4.9408e+06,5.40058e-09,0.963412,0.324244,0.0102054,9.13544e-05,All
0.035097,9.08172,0.0385397,4.09023e+06,7.81165e-09,0.952321,0.066944,3.35069,0.02107,5.43488e+06,4.63588e-09,0.965884,0.331126,0.0200612,0.000192121,All
0.0364284,11.133,0.0519818,4.46207e+06,6.8313e-09,0.955037,0.0692355,4.33865,0.0298544,5.92896e+06,4.02917e-09,0.968019,0.338007,0.0375379,0.000384824,All
0.0377599,13.2922,0.0682338,4.83391e+06,6.03431e-09,0.957424,0.0715271,5.45407,0.0410525,6.42304e+06,3.5388e-09,0.969885,0.344888,0.0670405,0.0007362,All
0.0390913,15.4951,0.0873971,5.20574e+06,5.37638e-09,0.959542,0.0738187,6.67311,0.0549307,6.91712e+06,3.13618e-09,0.971531,0.35177,0.114564,0.00134868,All
0.0404228,17.675,0.109486,5.57758e+06,4.82604e-09,0.961436,0.0761103,7.96447,0.071692,7.4112e+06,2.80109e-09,0.972995,0.358651,0.187766,0.00237168,All
0.0417542,19.7665,0.134425,5.94942e+06,4.36039e-09,0.963141,0.0784019,9.29144,0.0914607,7.90528e+06,2.51892e-09,0.974307,0.365532,0.295795,0.00401263,All
0.0430857,21.7098,0.162056,6.32126e+06,3.96243e-09,0.964687,0.0806935,10.6143,0.114273,8.39935e+06,2.27885e-09,0.975491,0.372413,0.448799,0.00654572,All
0.0444171,23.4533,0.192147,6.6931e+06,3.61929e-09,0.966095,0.0829851,11.8931,0.140074,8.89343e+06,2.07273e-09,0.976565,0.379295,0.657095,0.0103162,All
0.0457486,24.9557,0.224403,7.06494e+06,3.32106e-09,0.967384,0.0852767,13.0898,0.168719,9.38751e+06,1.89431e-09,0.977544,0.386176,0.930021,0.0157375,All
0.04708,26.1872,0.258481,7.43677e+06,3.06003e-09,0.968569,0.0875683,14.1705,0.199979,9.88159e+06,1.73874e-09,0.97844,0.393057,1.27459,0.0232802,All
0.0484115,27.1298,0.294008,7.80861e+06,2.83008e-09,0.969663,0.0898599,15.1069,0.233554,1.03757e+07,1.6022e-09,0.979265,0.399938,1.69411,0.0334514,All
0.0497429,27.7764,0.330593,8.18045e+06,2.62634e-09,0.970677,0.0921515,15.8776,0.26909,1.08697e+07,1.48165e-09,0.980026,0.40682,2.18699,0.0467643,All
0.0510744,28.13,0.367844,8.55229e+06,2.44487e-09,0.971619,0.0944431,16.4684,0.306187,1.13638e+07,1.37463e-09,0.980731,0.413701,2.7459,0.0637019,All
0.0524058,28.2024,0.405376,8.92413e+06,2.28244e-09,0.972498,0.0967347,16.8722,0.344424,1.18579e+07,1.27916e-09,0.981386,0.420582,3.35754,0.0846763,All
0.0537373,28.0125,0.442828,9.29597e+06,2.13642e-09,0.973319,0.0990263,17.0888,0.383372,1.2352e+07,1.19359e-09,0.981997,0.427464,4.00302,0.109988,All
0.0550687,27.5841,0.479865,9.66781e+06,2.0046e-09,0.974088,0.101318,17.1241,0.422607,1.28461e+07,1.11659e-09,0.982567,0.434345,4.65894,0.139792,All
0.0564002,26.9451,0.516188,1.00396e+07,1.88517e-09,0.974811,0.103609,16.9889,0.461725,1.33401e+07,1.04701e-09,0.983102,0.441226,5.29897,0.174071,All
0.0577316,26.1252,0.551536,1.04115e+07,1.77656e-09,0.975492,0.105901,16.6982,0.500351,1.38342e+07,9.83928e-10,0.983603,0.448107,5.89589,0.212621,All
0.0590631,25.1551,0.58569,1.07833e+07,1.67749e-09,0.976133,0.108193,16.2697,0.53815,1.43283e+07,9.26533e-10,0.984075,0.454989,6.42365,0.255054,All
0.0603945,24.065,0.618469,1.11552e+07,1.58683e-09,0.97674,0.110484,15.7231,0.574828,1.48224e+07,8.74152e-10,0.984519,0.46187,6.85944,0.300815,All
0.061726,22.8839,0.649732,1.1527e+07,1.50364e-09,0.977314,0.112776,15.0789,0.610138,1.53165e+07,8.26208e-10,0.984939,0.468751,7.18534,0.349205,All
0.0630574,21.6389,0.679378,1.18988e+07,1.4271e-09,0.977859,0.115067,14.3574,0.643879,1.58105e+07,7.82205e-10,0.985337,0.475633,7.38953,0.399424,All
0.0643889,20.3545,0.707337,1.22707e+07,1.3565e-09,0.978376,0.117359,13.5784,0.675897,1.63046e+07,7.41714e-10,0.985713,0.482514,7.46682,0.450613,All
0.0657203,19.0528,0.733572,1.26425e+07,1.29122e-09,0.978869,0.119651,12.7606,0.706082,1.67987e+07,7.04366e-10,0.98607,0.489395,7.41866,0.501899,All
0.0670518,17.7529,0.758074,1.30144e+07,1.23074e-09,0.979337,0.121942,11.9207,0.734364,1.72928e+07,6.69837e-10,0.986409,0.496276,7.25258,0.552442,All
0.0683832,16.4709,0.780854,1.33862e+07,1.17457e-09,0.979784,0.124234,11.0739,0.760711,1.77869e+07,6.37847e-10,0.986732,0.503158,6.98114,0.601471,All
0.0697147,15.2202,0.801948,1.3758e+07,1.12232e-09,0.980211,0.126525,10.233,0.785122,1.82809e+07,6.08148e-10,0.98704,0.510039,6.62068,0.648316,All
0.0710461,14.0118,0.821403,1.41299e+07,1.07361e-09,0.980619,0.128817,9.40913,0.807624,1.8775e+07,5.80524e-10,0.987334,0.51692,6.18989,0.692427,All
0.0723776,12.8539,0.839282,1.45017e+07,1.02813e-09,0.98101,0.131109,8.61115,0.828266,1.92691e+07,5.54782e-10,0.987614,0.523802,5.70844,0.733388,All
0.0737091,11.7529,0.855657,1.48735e+07,9.85593e-10,0.981384,0.1334,7.84612,0.847116,1.97632e+07,5.30752e-10,0.987882,0.530683,5.19568,0.770918,All
0.0750405,10.7129,0.870606,1.52454e+07,9.45739e-10,0.981743,0.135692,7.11934,0.864256,2.02572e+07,5.08284e-10,0.988139,0.537564,4.66966,0.804864,All
0.076372,9.73665,0.884213,1.56172e+07,9.08344e-10,0.982088,0.137983,6.43455,0.879777,2.07513e+07,4.87243e-10,0.988385,0.544445,4.1463,0.835191,All
0.0777034,8.82523,0.896563,1.59891e+07,8.73205e-10,0.982419,0.140275,5.7941,0.89378,2.12454e+07,4.67508e-10,0.98862,0.551327,3.63893,0.861964,All
0.0790349,7.97865,0.907742,1.63609e+07,8.40141e-10,0.982738,0.142567,5.19915,0.906367,2.17395e+07,4.48973e-10,0.988847,0.558208,3.15806,0.885333,All
0.0803663,7.19594,0.917838,1.67327e+07,8.08988e-10,0.983044,0.144858,4.64987,0.917644,2.22336e+07,4.31541e-10,0.989064,0.565089,2.71137,0.905506,All
0.0816978,6.47536,0.926932,1.71046e+07,7.79598e-10,0.98334,0.14715,4.14565,0.927713,2.27276e+07,4.15124e-10,0.989273,0.571971,2.30386,0.922738,All
0.0830292,5.81458,0.935107,1.74764e+07,7.51837e-10,0.983624,0.149441,3.6852,0.936678,2.32217e+07,3.99644e-10,0.989475,0.578852,1.93818,0.937309,All
0.0843607,5.21082,0.942441,1.78483e+07,7.25585e-10,0.983899,0.151733,3.26675,0.944635,2.37158e+07,3.85031e-10,0.989668,0.585733,1.61497,0.94951,All
0.0856921,4.66099,0.949007,1.82201e+07,7.00732e-10,0.984164,0.154025,2.88817,0.95168,2.42099e+07,3.71219e-10,0.989855,0.592614,1.3333,0.959631,All
0.0870236,4.16184,0.954875,1.85919e+07,6.77177e-10,0.98442,0.156316,2.5471,0.957901,2.4704e+07,3.5815e-10,0.990035,0.599496,1.091,0.96795,All
0.088355,3.70999,0.960111,1.89638e+07,6.54831e-10,0.984668,0.158608,2.241,0.963381,2.5198e+07,3.45771e-10,0.990209,0.606377,0.885132,0.974729,All
0.0896865,3.30205,0.964774,1.93356e+07,6.33611e-10,0.984907,0.160899,1.96728,0.968197,2.56921e+07,3.34035e-10,0.990377,0.613258,0.712209,0.980207,All
0.0910179,2.93467,0.968922,1.97074e+07,6.13439e-10,0.985139,0.163191,1.72335,0.97242,2.61862e+07,3.22896e-10,0.990539,0.620139,0.568535,0.984598,All
0.0923494,2.60458,0.972605,2.00793e+07,5.94247e-10,0.985364,0.165483,1.50664,0.976116,2.66803e+07,3.12314e-10,0.990696,0.627021,0.450382,0.98809,All
0.0936808,2.30863,0.975873,2.04511e+07,5.75971e-10,0.985581,0.167774,1.31469,0.979344,2.71744e+07,3.02252e-10,0.990848,0.633902,0.354161,0.990847,All
0.0950123,2.04383,0.978767,2.0823e+07,5.58553e-10,0.985792,0.170066,1.14515,0.982158,2.76684e+07,2.92677e-10,0.990995,0.640783,0.276523,0.993007,All
0.0963437,1.80734,0.981328,2.11948e+07,5.41938e-10,0.985997,0.172357,0.995773,0.984608,2.81625e+07,2.83556e-10,0.991137,0.647665,0.214429,0.994688,All
0.0976752,1.59651,0.983591,2.15666e+07,5.26077e-10,0.986195,0.174649,0.864497,0.986736,2.86566e+07,2.74862e-10,0.991275,0.654546,0.165183,0.995987,All
0.0990066,1.40886,0.985589,2.19385e+07,5.10924e-10,0.986388,0.176941,0.749388,0.988582,2.91507e+07,2.66567e-10,0.991409,0.661427,0.126437,0.996985,All
0.100338,1.24209,0.987352,2.23103e+07,4.96436e-10,0.986575,0.179232,0.648675,0.990182,2.96447e+07,2.58648e-10,0.991539,0.668308,0.0961864,0.997747,All
0.10167,1.0941,0.988905,2.26822e+07,4.82575e-10,0.986757,0.181524,0.560734,0.991565,3.01388e+07,2.51081e-10,0.991665,0.67519,0.0727402,0.998325,All
0.103001,0.962948,0.990273,2.3054e+07,4.69304e-10,0.986934,0.183815,0.484094,0.99276,3.06329e+07,2.43847e-10,0.991787,0.682071,0.0546951,0.998761,All
0.104332,0.84686,0.991476,2.34258e+07,4.5659e-10,0.987106,0.186107,0.417422,0.993791,3.1127e+07,2.36925e-10,0.991906,0.688952,0.0409,0.999087,All
0.105664,0.744229,0.992534,2.37977e+07,4.44401e-10,0.987274,0.188398,0.359519,0.99468,3.16211e+07,2.30297e-10,0.992021,0.695834,0.0304215,0.999331,All
0.106995,0.653594,0.993463,2.41695e+07,4.32707e-10,0.987437,0.19069,0.309313,0.995445,3.21151e+07,2.23947e-10,0.992133,0.702715,0.0225114,0.999512,All
0.108327,0.573635,0.994279,2.45413e+07,4.21483e-10,0.987596,0.192982,0.265845,0.996103,3.26092e+07,2.1786e-10,0.992242,0.709596,0.0165755,0.999645,All
0.109658,0.503162,0.994995,2.49132e+07,4.10703e-10,0.98775,0.195273,0.228266,0.996668,3.31033e+07,2.1202e-10,0.992349,0.716477,0.0121464,0.999743,All
0.11099,0.441104,0.995623,2.5285e+07,4.00342e-10,0.987901,0.197565,0.19582,0.997153,3.35974e+07,2.06415e-10,0.992452,0.723359,0.00885964,0.999815,All
0.112321,0.386504,0.996173,2.56569e+07,3.9038e-10,0.988048,0.199856,0.167841,0.997569,3.40915e+07,2.01033e-10,0.992553,0.73024,0.00643343,0.999867,All
0.113653,0.338502,0.996655,2.60287e+07,3.80796e-10,0.988191,0.202148,0.143743,0.997925,3.45855e+07,1.9586e-10,0.992651,0.737121,0.0046515,0.999905,All
0.114984,0.296331,0.997077,2.64005e+07,3.7157e-10,0.988331,0.20444,0.123012,0.99823,3.50796e+07,1.90887e-10,0.992746,0.744003,0.00334913,0.999932,All
0.116315,0.259309,0.997446,2.67724e+07,3.62685e-10,0.988468,0.206731,0.105194,0.998491,3.55737e+07,1.86103e-10,0.992839,0.750884,0.00240171,0.999952,All
0.117647,0.226827,0.99777,2.71442e+07,3.54123e-10,0.988601,0.209023,0.0898967,0.998714,3.60678e+07,1.81498e-10,0.99293,0.757765,0.00171562,0.999966,All
0.118978,0.198346,0.998052,2.75161e+07,3.45869e-10,0.988731,0.211314,0.076775,0.998905,3.65619e+07,1.77064e-10,0.993019,0.764646,0.00122092,0.999976,All
0.12031,0.173385,0.998299,2.78879e+07,3.37909e-10,0.988858,0.213606,0.0655295,0.999067,3.70559e+07,1.72793e-10,0.993105,0.771528,0.000865722,0.999983,All
0.121641,0.151522,0.998515,2.82597e+07,3.30227e-10,0.988983,0.215898,0.0558999,0.999206,3.755e+07,1.68675e-10,0.993189,0.778409,0.000611711,0.999988,All
0.122973,0.132381,0.998704,2.86316e+07,3.22811e-10,0.989104,0.218189,0.0476604,0.999325,3.80441e+07,1.64705e-10,0.993272,0.78529,0.000430767,0.999992,All
0.124304,0.11563,0.998869,2.90034e+07,3.15649e-10,0.989223,0.220481,0.0406155,0.999426,3.85382e+07,1.60874e-10,0.993352,0.792171,0.000302356,0.999994,All
0.125636,0.100976,0.999013,2.93752e+07,3.08728e-10,0.989339,0.222772,0.0345961,0.999512,3.90322e+07,1.57177e-10,0.993431,0.799053,0.000211553,0.999996,All
0.126967,0.0881626,0.999139,2.97471e+07,3.02039e-10,0.989452,0.225064,0.0294562,0.999585,3.95263e+07,1.53607e-10,0.993508,0.805934,0.000147569,0.999997,All
0.128299,0.0769615,0.999248,3.01189e+07,2.9557e-10,0.989563,0.227356,0.02507,0.999647,4.00204e+07,1.50158e-10,0.993583,0.812815,0.000102634,0.999998,All
0.12963,0.0671732,0.999344,3.04908e+07,2.89312e-10,0.989672,0.229647,0.021329,0.9997,4.05145e+07,1.46825e-10,0.993656,0.819697,7.11782e-05,0.999999,All
0.130961,0.0586218,0.999428,3.08626e+07,2.83256e-10,0.989779,0.231939,0.0181401,0.999745,4.10086e+07,1.43603e-10,0.993728,0.826578,4.92276e-05,0.999999,All
0.132293,0.0511531,0.999501,3.12344e+07,2.77392e-10,0.989883,0.23423,0.015423,0.999784,4.15026e+07,1.40487e-10,0.993798,0.833459,3.39558e-05,0.999999,All
0.133624,0.0446314,0.999564,3.16063e+07,2.71714e-10,0.989985,0.236522,0.0131091,0.999816,4.19967e+07,1.37472e-10,0.993867,0.84034,2.33617e-05,1,All
0.134956,0.0389379,0.99962,3.19781e+07,2.66212e-10,0.990085,0.238814,0.0111394,0.999844,4.24908e+07,1.34553e-10,0.993934,0.847222,1.60331e-05,1,All
0.136287,0.0339685,0.999668,3.235e+07,2.60879e-10,0.990183,0.241105,0.0094633,0.999868,4.29849e+07,1.31728e-10,0.994,0.854103,1.09771e-05,1,All
0.137619,0.0296316,0.999711,3.27218e+07,2.55709e-10,0.990279,0.243397,0.00803759,0.999888,4.3479e+07,1.28991e-10,0.994064,0.860984,7.49817e-06,1,All
0.13895,0.0258475,0.999747,3.30936e+07,2.50695e-10,0.990373,0.245688,0.00682529,0.999905,4.3973e+07,1.26339e-10,0.994127,0.867866,5.11035e-06,1,All
0.140282,0.0225461,0.99978,3.34655e+07,2.4583e-10,0.990465,0.24798,0.00579478,0.999919,4.44671e+07,1.23768e-10,0.994189,0.874747,3.47543e-06,1,All
0.141613,0.019666,0.999808,3.38373e+07,2.41109e-10,0.990556,0.250272,0.00491905,0.999931,4.49612e+07,1.21276e-10,0.994249,0.881628,2.35864e-06,1,All
0.142944,0.0171539,0.999832,3.42091e+07,2.36526e-10,0.990645,0.252563,0.00417505,0.999942,4.54553e+07,1.18859e-10,0.994309,0.888509,1.5975e-06,1,All
0.144276,0.0149629,0.999854,3.4581e+07,2.32075e-10,0.990732,0.254855,0.00354312,0.999951,4.59493e+07,1.16514e-10,0.994367,0.895391,1.07988e-06,1,All
0.145607,0.013052,0.999872,3.49528e+07,2.27752e-10,0.990817,0.257146,0.0030065,0.999958,4.64434e+07,1.14238e-10,0.994424,0.902272,7.28611e-07,1,All
0.146939,0.0113855,0.999888,3.53247e+07,2.23551e-10,0.990901,0.259438,0.00255091,0.999964,4.69375e+07,1.12028e-10,0.99448,0.909153,4.90716e-07,1,All
0.14827,0.00993229,0.999903,3.56965e+07,2.19467e-10,0.990984,0.26173,0.00216418,0.99997,4.74316e+07,1.09882e-10,0.994535,0.916035,3.29918e-07,1,All
0.149602,0.008665,0.999915,3.60683e+07,2.15497e-10,0.991064,0.264021,0.00183596,0.999974,4.79257e+07,1.07798e-10,0.994588,0.922916,2.21437e-07,1,All
0.150933,0.00755988,0.999926,3.64402e+07,2.11637e-10,0.991144,0.266313,0.00155744,0.999978,4.84197e+07,1.05773e-10,0.994641,0.929797,1.48384e-07,1,All
0.152265,0.00659619,0.999935,3.6812e+07,2.07881e-10,0.991222,0.268604,0.00132111,0.999982,4.89138e+07,1.03804e-10,0.994693,0.936678,9.92763e-08,1,All
