time_pwRes,time_pwRes_spline,time_iwRes,time_iwRes_spline,time_npde,time_npde_spline,prediction_pwRes,prediction_pwRes_spline,prediction_iwRes,prediction_iwRes_spline,prediction_npde,prediction_npde_spline,split
2.22045e-16,0.171383,2.22045e-16,0.225432,2.22045e-16,0.166505,0.489139,0.077249,0.37269,-0.0826028,0.489139,0.0749778,All
4.89189e-16,0.171383,4.89189e-16,0.225432,4.89189e-16,0.166505,0.491941,0.0760104,0.378168,-0.0798623,0.491941,0.0736461,All
1.07774e-15,0.171383,1.07774e-15,0.225432,1.07774e-15,0.166505,0.492373,0.0758195,0.380697,-0.0785972,0.492373,0.0734409,All
2.37438e-15,0.171383,2.37438e-15,0.225432,2.37438e-15,0.166505,0.494759,0.0747646,0.383727,-0.0770816,0.494759,0.0723068,All
5.23102e-15,0.171383,5.23102e-15,0.225432,5.23102e-15,0.166505,0.495607,0.0743899,0.388704,-0.0745916,0.495607,0.071904,All
1.15245e-14,0.171383,1.15245e-14,0.225432,1.15245e-14,0.166505,0.497593,0.0735117,0.389367,-0.07426,0.497593,0.0709598,All
2.53898e-14,0.171383,2.53898e-14,0.225432,2.53898e-14,0.166505,0.49884,0.0729603,0.39509,-0.0713969,0.49884,0.070367,All
5.59365e-14,0.171383,5.59365e-14,0.225432,5.59365e-14,0.166505,0.500443,0.0722516,0.396711,-0.070586,0.500443,0.0696051,All
1.23234e-13,0.171383,1.23234e-13,0.225432,1.23234e-13,0.166505,0.502074,0.0715308,0.400898,-0.0684918,0.502074,0.0688301,All
2.71499e-13,0.171383,2.71499e-13,0.225432,2.71499e-13,0.166505,0.50331,0.0709843,0.404718,-0.0665805,0.50331,0.0682426,All
5.98143e-13,0.171383,5.98143e-13,0.225432,5.98143e-13,0.166505,0.505308,0.0701012,0.40679,-0.0655439,0.505308,0.0672932,All
1.31778e-12,0.171383,1.31778e-12,0.225432,1.31778e-12,0.166505,0.506193,0.0697098,0.412725,-0.0625749,0.506193,0.0668723,All
2.90321e-12,0.171383,2.90321e-12,0.225432,2.90321e-12,0.166505,0.508541,0.0686716,0.41277,-0.0625527,0.508541,0.0657562,All
6.39609e-12,0.171383,6.39609e-12,0.225432,6.39609e-12,0.166505,0.509093,0.0684279,0.418837,-0.0595176,0.509093,0.0654942,All
1.40913e-11,0.171383,1.40913e-11,0.225432,1.40913e-11,0.166505,0.511775,0.067242,0.420732,-0.0585693,0.511775,0.0642193,All
3.10447e-11,0.171383,3.10447e-11,0.225432,3.10447e-11,0.166505,0.512009,0.0671387,0.424993,-0.0564378,0.512009,0.0641082,All
6.83949e-11,0.171383,6.83949e-11,0.225432,6.83949e-11,0.166505,0.514942,0.0658421,0.428739,-0.0545638,0.514942,0.0627142,All
1.50682e-10,0.171383,1.50682e-10,0.225432,1.50682e-10,0.166505,0.515009,0.0658125,0.43124,-0.0533128,0.515009,0.0626824,All
3.31968e-10,0.171383,3.31968e-10,0.225432,3.31968e-10,0.166505,0.517891,0.0645381,0.436746,-0.0505582,0.517891,0.0613123,All
7.31363e-10,0.171383,7.31363e-10,0.225432,7.31363e-10,0.166505,0.518242,0.0643829,0.437578,-0.0501418,0.518242,0.0611454,All
1.61127e-09,0.171383,1.61127e-09,0.225432,1.61127e-09,0.166505,0.520858,0.0632266,0.44401,-0.0471895,0.520858,0.0599023,All
3.54982e-09,0.171383,3.54982e-09,0.225432,3.54982e-09,0.166505,0.521476,0.0629533,0.444753,-0.0469912,0.521476,0.0596085,All
7.82064e-09,0.171383,7.82064e-09,0.225432,7.82064e-09,0.166505,0.523841,0.0619076,0.450537,-0.0453811,0.523841,0.0584843,All
1.72298e-08,0.171383,1.72298e-08,0.225432,1.72298e-08,0.166505,0.52471,0.0615238,0.45276,-0.0447613,0.52471,0.0580716,All
3.79591e-08,0.171383,3.79591e-08,0.225432,3.79591e-08,0.166505,0.526842,0.0605811,0.457159,-0.0435352,0.526842,0.0570581,All
8.3628e-08,0.171383,8.3628e-08,0.225432,8.3628e-08,0.166505,0.527943,0.0600942,0.460767,-0.0425295,0.527943,0.0565346,All
1.84242e-07,0.171383,1.84242e-07,0.225432,1.84242e-07,0.166505,0.52986,0.0592469,0.463878,-0.0416622,0.52986,0.0556237,All
4.05905e-07,0.171383,4.05905e-07,0.225432,4.05905e-07,0.166505,0.531177,0.0586646,0.468774,-0.0402302,0.531177,0.0549977,All
8.94255e-07,0.171383,8.94255e-07,0.225431,8.94255e-07,0.166505,0.532895,0.0579051,0.470697,-0.0396134,0.532895,0.0541812,All
1.97014e-06,0.171382,1.97014e-06,0.225431,1.97014e-06,0.166504,0.534411,0.0572351,0.476781,-0.0374459,0.534411,0.0534608,All
4.34045e-06,0.171381,4.34045e-06,0.225429,4.34045e-06,0.166503,0.535947,0.0565557,0.477615,-0.0371458,0.535947,0.0527304,All
9.56248e-06,0.171378,9.56248e-06,0.225425,9.56248e-06,0.1665,0.537644,0.0558055,0.484636,-0.0343968,0.537644,0.0519239,All
2.10672e-05,0.171372,2.10672e-05,0.225417,2.10672e-05,0.166495,0.539017,0.0551985,0.484788,-0.0343343,0.539017,0.0512712,All
4.64134e-05,0.17136,4.64134e-05,0.2254,4.64134e-05,0.166482,0.540878,0.0543759,0.491759,-0.0310636,0.540878,0.0503869,All
0.000102254,0.171332,0.000102254,0.225361,0.000102254,0.166454,0.542105,0.0538335,0.492795,-0.0305648,0.542105,0.0498037,All
0.000225277,0.171269,0.000225277,0.225275,0.000225277,0.166392,0.544111,0.0529464,0.498987,-0.0272635,0.544111,0.04885,All
0.00049631,0.171133,0.00049631,0.225085,0.00049631,0.166255,0.54521,0.0524607,0.500802,-0.0261885,0.54521,0.0483278,All
0.00109343,0.170831,0.00109343,0.224667,0.00109343,0.165953,0.547345,0.0515168,0.506322,-0.0228712,0.547345,0.0473131,All
0.00240894,0.170167,0.00240894,0.223747,0.00240894,0.165289,0.548333,0.05108,0.508809,-0.0213765,0.548333,0.0468435,All
0.00530716,0.168704,0.00530716,0.22172,0.00530716,0.163826,0.550579,0.0500872,0.513764,-0.018263,0.550579,0.0457761,All
0.0116923,0.165481,0.0116923,0.217254,0.0116923,0.160603,0.551474,0.0496914,0.516816,-0.0163427,0.551474,0.0453506,All
0.0257594,0.15838,0.0257594,0.207415,0.0257594,0.153502,0.553812,0.0486577,0.521315,-0.0136225,0.553812,0.0442392,All
0.0567508,0.142735,0.0567508,0.185738,0.0567508,0.137857,0.554633,0.0482949,0.524823,-0.0115228,0.554633,0.0438492,All
0.125028,0.108268,0.125028,0.137983,0.125028,0.10339,0.557046,0.0472281,0.528978,-0.00903522,0.557046,0.0427023,All
0.275451,0.0323342,0.275451,0.0327711,0.275451,0.0274554,0.55781,0.0468904,0.53283,-0.00693417,0.55781,0.0423392,All
0.60685,0.102134,0.60685,0.132656,0.60685,0.0998329,0.56028,0.0457985,0.536753,-0.00519731,0.56028,0.0411653,All
0.629932,0.112117,0.629932,0.146778,0.629932,0.110051,0.561005,0.0454778,0.540837,-0.00338972,0.561005,0.0408206,All
1.25986,0.159536,1.25986,0.218914,1.25986,0.154165,0.563513,0.0443689,0.544643,-0.00170484,0.563513,0.0396284,All
1.33696,0.155748,1.33696,0.213809,1.33696,0.150878,0.564219,0.0440572,0.548844,0.000100186,0.564219,0.0392932,All
1.8898,0.156279,1.8898,0.214214,1.8898,0.155462,0.566747,0.0429394,0.552648,0.00102314,0.566747,0.0380915,All
2.51973,0.199869,2.51973,0.273727,2.51973,0.195662,0.567451,0.0426284,0.556851,0.000665958,0.567451,0.0377571,All
2.94547,0.174822,2.94547,0.235185,2.94547,0.172006,0.569981,0.0415098,0.560771,-0.000385323,0.569981,0.0365545,All
3.14966,0.159839,3.14966,0.214864,3.14966,0.156201,0.570701,0.0411914,0.564858,-0.00148091,0.570701,0.0362122,All
3.77959,0.16434,3.77959,0.225114,3.77959,0.157732,0.573214,0.0400802,0.569014,-0.00259536,0.573214,0.0350176,All
4.40952,0.17375,4.40952,0.237851,4.40952,0.168636,0.57397,0.0397462,0.572864,-0.00362778,0.57397,0.0346584,All
5.03946,0.138548,5.03946,0.18766,5.03946,0.133644,0.576448,0.0386507,0.577378,-0.00483788,0.576448,0.0334807,All
5.66939,0.132519,5.66939,0.178592,5.66939,0.123684,0.577258,0.0382927,0.580871,-0.00577465,0.577258,0.0330958,All
6.29932,0.0978337,6.29932,0.130591,6.29932,0.0882231,0.579682,0.0372211,0.585864,-0.00824045,0.579682,0.0319437,All
6.48919,0.094874,6.48919,0.125705,6.48919,0.0869541,0.580564,0.0368309,0.588878,-0.0106432,0.580564,0.0315242,All
6.92925,0.111428,6.92925,0.14854,6.92925,0.105921,0.582915,0.0357915,0.594476,-0.0139276,0.582915,0.0304068,All
7.55918,0.122732,7.55918,0.16425,7.55918,0.116078,0.58389,0.0353607,0.596885,-0.0131829,0.58389,0.0299436,All
8.18912,0.097278,8.18912,0.125937,8.18912,0.0865719,0.586149,0.034362,0.603214,-0.011227,0.586149,0.0288699,All
8.81905,0.148736,8.81905,0.201326,8.81905,0.135879,0.587235,0.0338821,0.604892,-0.0107082,0.587235,0.0283539,All
9.44898,0.109034,9.44898,0.144514,9.44898,0.103924,0.589383,0.0329324,0.61208,-0.0084867,0.589383,0.0273329,All
10.0789,0.0357584,10.0789,0.0389348,10.0789,0.0321425,0.590598,0.032395,0.612899,-0.0082335,0.590598,0.0267552,All
10.7088,0.0807373,10.7088,0.105281,10.7088,0.0684566,0.592616,0.0315028,0.620906,-0.00581149,0.592616,0.025796,All
11.3388,0.0828392,11.3388,0.109446,11.3388,0.0707443,0.593981,0.0308994,0.621077,-0.00580366,0.593981,0.0251472,All
11.9687,0.0907355,11.9687,0.117954,11.9687,0.0849491,0.59585,0.0300733,0.628913,-0.00544392,0.59585,0.0242591,All
12.5986,0.0837916,12.5986,0.108302,12.5986,0.0803038,0.597384,0.0293952,0.630206,-0.00538459,0.597384,0.0235301,All
13.2286,0.0989008,13.2286,0.132064,13.2286,0.0916196,0.599084,0.0286437,0.63692,-0.00458386,0.599084,0.0227222,All
13.8585,0.0791761,13.8585,0.101839,13.8585,0.0693944,0.600806,0.0278824,0.639469,-0.00381279,0.600806,0.0219037,All
14.2964,0.0398827,14.2964,0.0459147,14.2964,0.0301054,0.602317,0.0272141,0.644927,-0.00216145,0.602317,0.0211852,All
14.4884,0.0484806,14.4884,0.0571461,14.4884,0.0374615,0.604247,0.026361,0.648868,-0.00252442,0.604247,0.020268,All
15.1184,0.046382,15.1184,0.0571765,15.1184,0.0354873,0.605551,0.0257845,0.652934,0.00197111,0.605551,0.0196483,All
15.7483,0.00278115,15.7483,-0.00381772,15.7483,-0.00667483,0.607708,0.0248308,0.658406,-0.000352956,0.607708,0.0186229,All
16.3782,0.0317698,16.3782,0.0361389,16.3782,0.0244147,0.608785,0.024355,0.660941,0.000379041,0.608785,0.0181114,All
17.0082,-0.0174229,17.0082,-0.0331565,17.0082,-0.0206032,0.611189,0.0232919,0.668083,0.00216116,0.611189,0.0169684,All
17.6381,-0.0319862,17.6381,-0.0561449,17.6381,-0.0388675,0.612018,0.0229254,0.668948,0.00229994,0.612018,0.0165744,All
18.268,0.0121128,18.268,0.00798667,18.268,0.00296325,0.61469,0.0217441,0.676955,0.00358481,0.61469,0.0153044,All
18.898,-0.0139881,18.898,-0.0308467,18.898,-0.022557,0.615252,0.0214958,0.677903,0.00373696,0.615252,0.0150375,All
19.5279,-0.0463158,19.5279,-0.075047,19.5279,-0.0543562,0.618211,0.0201875,0.684962,0.00486969,0.618211,0.0136309,All
20.1578,-0.0855903,20.1578,-0.128766,20.1578,-0.0925958,0.618486,0.0200663,0.687867,0.00533592,0.618486,0.0135006,All
20.7878,-0.068083,20.7878,-0.106232,20.7878,-0.0765534,0.621719,0.0186367,0.692969,0.00691469,0.621719,0.0119636,All
21.4177,-0.0607581,21.4177,-0.092751,21.4177,-0.0667399,0.621753,0.018622,0.697978,0.00870068,0.621753,0.0119478,All
22.0476,-0.0723805,22.0476,-0.112326,22.0476,-0.0844948,0.624953,0.0172071,0.700976,0.00943817,0.624953,0.0104267,All
22.6776,-0.0928135,22.6776,-0.140898,22.6776,-0.103624,0.625314,0.0170475,0.708237,0.0104589,0.625314,0.0102551,All
23.3075,-0.146662,23.3075,-0.216703,23.3075,-0.15428,0.628187,0.0157776,0.708983,0.00979531,0.628187,0.00888977,All
23.9374,-0.073644,23.9374,-0.114416,23.9374,-0.0819942,0.628896,0.015464,0.71699,0.00804515,0.628896,0.00855263,All
24.5673,-0.10574,24.5673,-0.159035,24.5673,-0.113372,0.63142,0.014348,0.718647,0.00872743,0.63142,0.00735284,All
25.1973,-0.121622,25.1973,-0.181727,25.1973,-0.129926,0.632498,0.0138714,0.724997,0.0113409,0.632498,0.00684044,All
25.8272,-0.136597,25.8272,-0.201838,25.8272,-0.147823,0.634654,0.0129184,0.72921,0.0130753,0.634654,0.00581591,All
26.4571,-0.11274,26.4571,-0.168519,26.4571,-0.118679,0.636121,0.0122697,0.733004,0.0143812,0.636121,0.00511845,All
27.0871,-0.138913,27.0871,-0.20367,27.0871,-0.144237,0.637888,0.0114889,0.739929,0.0150311,0.637888,0.00427898,All
27.717,-0.158591,27.717,-0.233464,27.717,-0.165573,0.639765,0.0106588,0.741011,0.0151326,0.639765,0.00338658,All
28.3469,-0.156607,28.3469,-0.230202,28.3469,-0.167892,0.641121,0.0100593,0.749018,0.0158841,0.641121,0.00274205,All
28.9769,-0.173307,28.9769,-0.258525,28.9769,-0.18392,0.64343,0.0090387,0.750805,0.0160518,0.64343,0.0016448,All
29.6068,-0.185414,29.6068,-0.274777,29.6068,-0.191506,0.644355,0.00862972,0.757025,0.0166356,0.644355,0.00120512,All
30.2367,-0.169506,30.2367,-0.252166,30.2367,-0.180645,0.647115,0.00740931,0.761841,0.0170876,0.647115,-0.000106955,All
30.8667,-0.195216,30.8667,-0.285557,30.8667,-0.201467,0.647589,0.00720015,0.765032,0.017387,0.647589,-0.000331816,All
31.4966,-0.223458,31.4966,-0.325907,31.4966,-0.22759,0.650822,0.00577058,0.773039,0.0181385,0.650822,-0.00186875,All
