rep,id,eta_A1,eta_tau1,eta_A2,eta_tau2
1,1,0.00314975440052891,-0.337004032557784,0.0102492294807202,0.00698204693935015
2,1,-0.0015152648178164,-0.208614760936771,-0.000131431083478804,0.0147647400298026
3,1,-0.0130030927521996,0.670388799520713,-0.0312313925152759,0.0064399956555886
4,1,-0.013764151190139,-0.831629114397249,-0.0202599046946722,0.0904736685060846
5,1,-0.00869201306653634,-0.984393157253284,-0.00729694682633723,0.0808146381411304
6,1,-0.00671226348046781,-0.367923517050027,-0.0121972286076162,0.0434242135058665
7,1,-0.0177024258636814,-0.112227978343457,-0.0337243137757786,0.0640418430907205
8,1,0.00195670801124466,-0.0773906350102304,0.00566719209792623,-0.00332918840872951
9,1,-0.0003793401697012,1.25011583245641,-0.00898327721562494,-0.0674875665513481
10,1,-0.00113138202033479,-0.773999600715927,0.000350627640317471,0.048449819550369
1,10,0.0862932363464898,2.10105818059303,0.145770140142664,-0.391967273124011
2,10,0.100719700360095,3.32727685947003,0.171186155890987,-0.511020100362923
3,10,0.0832487402491916,1.25107613145251,0.15036813156485,-0.338870777955636
4,10,0.0674085161175766,1.44894978899876,0.118606583359136,-0.298451476389043
5,10,0.0804020323679357,2.31540960506742,0.137299972997943,-0.38809870068011
6,10,0.0838305443818004,1.29302555333789,0.149690155177369,-0.342941904731512
7,10,0.0731600198833913,-0.483240050560885,0.147808520983854,-0.215105644200309
8,10,0.0808308844639944,2.2933302941395,0.137055769023844,-0.387474823597851
9,10,0.0819179445073598,2.20700001865543,0.138656384574037,-0.385397149858052
10,10,0.077515029570297,1.5227675808389,0.135803518377652,-0.334341243440812
1,11,-0.00142863836818853,-0.409057956966063,-0.0036367643388062,0.0302521050100476
2,11,-0.00950714384173689,0.52123298029781,-0.0223021920727532,0.00288471828420113
3,11,-0.0190960596479178,-0.250523828302528,-0.0337302329911489,0.0756195631119255
4,11,-0.0166848049641476,-1.67384237806278,-0.0145675629908767,0.141707877907697
5,11,-0.0010903745698942,-0.985345282151725,0.0117718153310411,0.0523879058994531
6,11,-0.00181736794079197,0.264526873901681,-0.0065382545991838,-0.007583285999561
7,11,-0.000764929418845463,-0.232359875975093,0.000426326761054826,0.0154315788842137
8,11,0.0122116810352977,0.370142680869801,0.0165389340060094,-0.0565755771067175
9,11,0.00169582368743731,-0.718328357838986,0.0130333954939543,0.0303611871292062
10,11,0.0110107859643794,0.182773287798725,0.0160026105331526,-0.0424672035265526
1,12,-0.0668524332143024,-0.729179127413438,-0.125766766449138,0.259394155575777
2,12,-0.0687082483486649,-2.16322444762986,-0.113742940631019,0.339639026365101
3,12,-0.0662139421176399,-1.91444123313772,-0.119538533412662,0.325355118721755
4,12,-0.0705293082797935,-1.86420779249916,-0.1175405705425,0.328391439366307
5,12,-0.0625777140840304,-1.65551281335302,-0.107801104378179,0.293792849943081
6,12,-0.0626968530479404,-1.13611336355107,-0.110172075067354,0.264473633003291
7,12,-0.081995163150854,-2.61948803795238,-0.139788087569139,0.411141448055628
8,12,-0.0876514765125525,-1.25575363903023,-0.161182303183483,0.355636190028148
9,12,-0.0790010820734676,-2.26173462793838,-0.136069846966313,0.38185953888985
10,12,-0.0803248775548213,-1.96743551704466,-0.139819078973856,0.368998023687067
1,13,-0.211281171407552,-4.6604110196829,-0.37222882497465,0.943284671363006
2,13,-0.219143859735692,-4.31549394930152,-0.396386708360944,0.95471658170552
3,13,-0.223249385162132,-6.50509153108731,-0.382126870359788,1.08297905420932
4,13,-0.209624285940104,-4.68649875666104,-0.372328312350041,0.941872387894139
5,13,-0.219626477119923,-4.30054628297801,-0.397540724577761,0.956017859271136
6,13,-0.224246259819377,-6.43123706781415,-0.382536803321964,1.08075487272668
7,13,-0.204956775277651,-4.83741962478347,-0.35989347894026,0.933189449561625
8,13,-0.219238567689369,-4.35253037101698,-0.396206688386858,0.95702797800029
9,13,-0.225280819232208,-6.48721895443166,-0.384808846580626,1.0878457948524
10,13,-0.204946579857468,-4.76863457862366,-0.361276393844869,0.92983748436698
1,14,-0.0337278551367312,-0.418881067136778,-0.0560919652993326,0.128967743883355
2,14,-0.0403830065939477,-1.07420410248688,-0.0712170208140682,0.191548992525505
3,14,-0.0441492596696072,-0.555411860869815,-0.082139578483703,0.175183065331466
4,14,-0.051818762818219,-0.702895007823083,-0.0935606869543131,0.206741915111399
5,14,-0.0143082966438225,-0.810170010362229,-0.0279089062740288,0.095617390506752
6,14,-0.0270911243336087,-0.0477228386662132,-0.0566831214096929,0.0944404705219849
7,14,-0.0326211399483067,-0.803233573325138,-0.0538979889161192,0.147815017073933
8,14,-0.0419138809716965,-1.41254774457111,-0.0678576081188865,0.211809230914351
9,14,-0.0480226172864333,-1.64303898351183,-0.0809434856864451,0.246384811179837
10,14,-0.0187974291812152,-0.237174973366039,-0.0333193967023809,0.0739266665639328
1,15,-0.0291342862817283,-1.1997662754577,-0.0427429600854196,0.156686972724033
2,15,-0.0275712996866327,-2.37726770968532,-0.0297910210059611,0.214730160534811
3,15,-0.00933535051339514,-0.56504239244896,-0.0138518675227273,0.0611471945638643
4,15,-0.019493792669376,0.646344442151146,-0.0431011279514337,0.0291456287404189
5,15,-0.0187772822617156,0.175169957513738,-0.0413619883863346,0.0549162915957996
6,15,-0.0108768442516855,0.634550514985201,-0.0299880896839683,0.00459398135886285
7,15,-0.0184890174891909,-0.861063577777702,-0.0339810264598916,0.110749131111613
8,15,-0.0307586708764493,-0.685140072778837,-0.0509163020776901,0.135674218985132
9,15,-0.0140575208562526,-0.0290807508964666,-0.0249231180590672,0.0464409389807727
10,15,-0.0444169355168548,-0.220604274850339,-0.0859050372224366,0.158534874238744
1,16,0.0355587544050345,1.01883278256543,0.0593485392354393,-0.170305358886665
2,16,0.0366138017005646,0.120410804871646,0.0744422020368214,-0.129674494667676
3,16,0.039856467671675,2.25222252994889,0.0505558678963422,-0.245658753560098
4,16,0.0371143454577512,0.0855600395537308,0.072275958401408,-0.126839547160395
5,16,0.0367339499038167,1.24093718857268,0.0567142742197907,-0.183688729092973
6,16,0.0429612948555409,0.573555054089482,0.0796846704026473,-0.172507114441453
7,16,0.0442563519186817,0.491103613209297,0.0826705873561161,-0.172164812476894
8,16,0.0390786930360292,0.296772566915977,0.0762890542343629,-0.145419415116879
9,16,0.0505971598957763,0.617087927648055,0.0913225744221147,-0.19788774869115
10,16,0.0452871861555454,1.81753325600138,0.0694812288415949,-0.243124630397714
1,17,0.0788912823499777,1.4299430604277,0.142635500447992,-0.336709545127504
2,17,0.0752102257458518,0.426479640647314,0.14183143157586,-0.268479220759296
3,17,0.0502293510965972,-0.0108328326500728,0.0978771961721023,-0.164053077160938
4,17,0.0781119005777409,1.4433216849485,0.142566111648903,-0.335601690162268
5,17,0.0618696156922405,1.77264293169909,0.101384407013865,-0.294611914635003
6,17,0.0558433783289729,1.61554657769537,0.0929769455693344,-0.268754653076369
7,17,0.0625229908854054,0.927289484319978,0.111602106001103,-0.253364899946011
8,17,0.0790490317532684,1.51387351284653,0.140894738586731,-0.339932687682823
9,17,0.0571887129708865,0.828240504518634,0.109705825049898,-0.236009730074782
10,17,0.0667425479922219,2.21776356962893,0.107768230302506,-0.334909153313255
1,18,-0.0248186838852449,-1.5410134360915,-0.035342091813216,0.163746254273697
2,18,-0.0318896917381811,-2.18722785819477,-0.0433942296353637,0.221648789674996
3,18,-0.0283251752649426,-0.230846068412908,-0.0528645194568729,0.10495422571437
4,18,0.00601267773735246,0.572034104436393,0.00664857696601806,-0.0498700954763144
5,18,-0.0231823300567927,-0.633172126909143,-0.0381510733916489,0.10843075773096
6,18,-0.0172984673781435,-0.55748553510732,-0.0280817595409681,0.0860260720984628
7,18,-0.038318582453675,-1.99396558426206,-0.056078805470551,0.231345912963201
8,18,-0.0104006066194344,-1.34908516444195,-0.00790569741648503,0.106127810123544
9,18,-0.0187472690705457,0.183914498633338,-0.0394785078771171,0.0526470491802291
10,18,-0.022275511621223,-0.734831781110655,-0.0338338079499334,0.109470026473202
1,19,-0.00361844915022297,-0.138265444204835,-0.00752674081508213,0.0204565658884475
2,19,-0.00145545065735354,-0.602332161510319,0.00545214599359237,0.0350733040507367
3,19,-0.00433363093701819,-0.226627103780817,-0.00528322892250449,0.025262004699659
4,19,0.00497440345269399,0.676320280398496,0.00873759392253911,-0.0559695514882013
5,19,0.0118851108324133,1.34866550058847,0.00837132849179358,-0.108403399776004
6,19,0.0110431291026548,0.551840227224993,0.0213061761197928,-0.0689884185491062
7,19,0.0274378089881962,1.79265203751271,0.0325777409447032,-0.181951778486677
8,19,-0.00628061382429722,-0.607703020477067,-0.000747559885792866,0.0486197311222799
9,19,0.000978267029473554,0.057545711380244,0.000175511807374526,-0.00540372210671639
10,19,-0.00236437744140858,-1.30294462640915,0.00567699581944213,0.0780354959369672
1,2,0.00590444207475961,1.05798727712019,0.0024779431589933,-0.0759191408917429
2,2,-0.0103258955267853,-0.529343598935724,-0.0173774864013578,0.0631973055756904
3,2,-0.0246274781616469,-1.08681421820328,-0.0455013854184387,0.144476287812816
4,2,-0.0104063251947433,-0.346457728978856,-0.0183898162950863,0.0533237711965964
5,2,-0.00842918621331785,0.345970092513895,-0.0209281083110864,0.0109494523880321
6,2,0.00429961791164926,-0.0142088099880099,0.00623907417076175,-0.0114042984865082
7,2,-0.0246826116143812,-1.44027514942285,-0.0352028609721075,0.15758529479438
8,2,-0.0107133932360554,0.0912477466971804,-0.0222911458285003,0.0306105159501737
9,2,-0.00927854636416164,-0.0385226815998358,-0.0199597118416213,0.0344039487237279
10,2,0.00898046467580709,1.08956282092318,0.00715585925660062,-0.0872009134819264
1,20,0.0525855250768432,1.45895097945501,0.0914487077155353,-0.2517431152127
2,20,0.0497819181658297,1.49653484044762,0.087269981442334,-0.245518435523086
3,20,0.0458386027942455,0.573733240422985,0.0892219243601875,-0.184378216306205
4,20,0.0596799378730433,2.69550260292993,0.0940696800144271,-0.340900214918916
5,20,0.0451469038806784,0.999257731451753,0.0792034283424543,-0.201240214318522
6,20,0.0338211825980673,-0.0861535634031474,0.0652259407633676,-0.105204712092716
7,20,0.059848065704913,0.279957290082784,0.115647537851948,-0.212505758324962
8,20,0.0393067245665159,-0.15587500276241,0.0754772226760039,-0.118660284284063
9,20,0.052406425567974,0.427364895635592,0.0966388616824863,-0.193825469231555
10,20,0.0556569214326527,1.39599663829963,0.0955972227338034,-0.256956931101407
1,3,-0.0926709171269604,-2.78415905647626,-0.153179256335212,0.45079650919857
2,3,-0.105690968957567,-2.46456190324418,-0.186554583790407,0.480046162646925
3,3,-0.0729029831484469,-1.22039935325607,-0.130375038958101,0.303603006614657
4,3,-0.0963908644737835,-4.11091695871795,-0.150099662019941,0.534706122778268
5,3,-0.0986536669269929,-2.56952930853686,-0.175158725965394,0.464858596493419
6,3,-0.0950486422851724,-2.11856409707644,-0.165894178963824,0.424369700538802
7,3,-0.0973351724668661,-2.06334142965565,-0.17344098335903,0.43092439823214
8,3,-0.0883079413663597,-1.98198260206504,-0.155670584413772,0.396435728782735
9,3,-0.0858654149564868,-3.36693894013836,-0.137497708673857,0.460899125808189
10,3,-0.115495886949915,-3.64485984005222,-0.202711607254622,0.580810270645206
1,4,0.072865946470023,2.06606379530363,0.1218964785907,-0.347704388285643
2,4,0.0619888273665583,0.641076803288526,0.11788356509576,-0.239237369666061
3,4,0.0524295920732244,1.05141965329165,0.0937338593347947,-0.228437746560971
4,4,0.0622886904778293,2.93549908750818,0.0939430486702705,-0.359683865453895
5,4,0.0425213249785464,-0.587858578152849,0.0911270748026422,-0.110719024278899
6,4,0.0694053305021592,0.657758918555523,0.128416643794348,-0.261791535537014
7,4,0.0576683071038264,0.856763244388593,0.11237560098352,-0.240564998751641
8,4,0.0602411099228606,1.84295415776484,0.10095660742504,-0.295618000333305
9,4,0.06426853779239,2.22697048572797,0.0998068674323316,-0.325222770050354
10,4,0.0785183934783634,2.38970208123546,0.137614647542965,-0.389443208161608
1,5,0.141237078915299,3.2145678751071,0.241715120880838,-0.630844927578007
2,5,0.13126224490634,3.86344424040556,0.222206067748347,-0.637266842646315
3,5,0.117643858193735,2.37485861939831,0.20911290337166,-0.513164261101768
4,5,0.135725919302452,1.9108009289191,0.24928101002209,-0.54851028399642
5,5,0.130486475057666,3.89210244413953,0.220324833102696,-0.636011720537881
6,5,0.128645061770504,3.88220971497726,0.220429446479232,-0.632123091382141
7,5,0.126755239641753,3.22286599720076,0.218515656175974,-0.587589769391465
8,5,0.127512623507446,3.04181512779595,0.220398987140128,-0.579389591396204
9,5,0.133842716229548,2.45649533828466,0.244278834840857,-0.574002872730815
10,5,0.1277220143688,3.20418497647973,0.222910806620146,-0.591863544398822
1,6,0.0086120979493617,0.449171733120066,0.0134311743797948,-0.0523150735667169
2,6,-0.00419064659195882,-0.734759763206129,-0.00229860167431505,0.0533299653033602
3,6,0.0018898024634204,-0.582721970123343,0.0130975851094225,0.021290884362487
4,6,-0.0259392239161367,-1.76515201292971,-0.0363019335390285,0.180227019893619
5,6,-0.000571692251521546,-0.336828014105293,0.00159989571938755,0.0199675376596991
6,6,-0.00175925894261085,0.0275105727029331,-0.00771419107794966,0.00773170896362576
7,6,-0.00314332992382516,0.24732368049046,-0.0102024844053945,-0.00137796688511415
8,6,-0.0142465413492635,-1.99532747933673,-0.0155560209696593,0.157604797346241
9,6,0.00757733584739144,0.533699445408375,0.00717403752476588,-0.0510282831558916
10,6,0.000699096026976412,0.37552803108004,-0.00258577950640891,-0.0217199895727694
1,7,-0.0103382827965694,-0.266290165285371,-0.0150494480019423,0.0464343722915677
2,7,0.0210542123439835,2.23829741936097,0.0173062180917664,-0.185196464215958
3,7,0.0266632611162224,0.996194362846891,0.0402826422172708,-0.137861980698031
4,7,0.0123639099642803,1.27995522186025,0.00904222016222724,-0.106208213745307
5,7,-0.0109211238815939,-0.740187276436042,-0.0119202421638736,0.0734324694316524
6,7,0.0181809501978084,1.19116435748586,0.0222147874292102,-0.121131263079386
7,7,0.0059809340916551,-0.494461530656689,0.0209685001706621,0.00308097478137001
8,7,0.0195800685340272,1.51848895986466,0.0264027216239325,-0.146681983486492
9,7,0.0139595320570829,0.774533368938289,0.0290972001779841,-0.0936517471135067
10,7,0.0167958977782807,-0.142598404682485,0.0348949295106964,-0.0482712116272656
1,8,0.0766156886409542,1.02058019044751,0.140473984342927,-0.305635741862141
2,8,0.0431189312517179,0.774267469060904,0.076089207622382,-0.182036170251665
3,8,0.0641313843744944,1.94311731662465,0.111574563717269,-0.317017044220903
4,8,0.0517738991420531,1.29634444291079,0.0862554615211466,-0.236368085316632
5,8,0.0811757029412052,2.86402778135538,0.13414822036842,-0.420099210282659
6,8,0.0571039397454457,1.88595036341581,0.0917702528090911,-0.28554774177828
7,8,0.0703748799386248,1.26342378522213,0.126169760749563,-0.298400604081739
8,8,0.0598302185702488,0.566739437699855,0.116418648781255,-0.229932377110687
9,8,0.0588563724342899,2.32140578881502,0.0969298827434484,-0.318840894408042
10,8,0.0644352025912464,1.47690519685495,0.116085175704372,-0.292770595290105
1,9,0.0121471734610911,0.243146955733181,0.0261529008866696,-0.057027409247465
2,9,-0.0274368539528189,-1.67933630756692,-0.0423587649239085,0.182277114833308
3,9,-0.00746125164857119,-0.554057781265908,-0.00964450549421575,0.0544496556201904
4,9,-0.00850647115391713,0.105259815559775,-0.0179200853894234,0.0226794163335074
5,9,-0.0135724952558553,-0.691605974928589,-0.0208209084051668,0.0819276224326369
6,9,-0.014515383883656,-0.839228979434127,-0.0187079826482815,0.0904099685222041
7,9,-0.0223254846472562,-1.06964975355895,-0.0391497039404276,0.134006129769211
8,9,-0.00679913457154065,1.44702546260993,-0.0220003502090991,-0.0579715788103934
9,9,-0.00973742828202951,-0.291630064184795,-0.0156332019989663,0.0470100566941673
10,9,-0.0058619958408585,0.187232183335298,-0.0138013816696517,0.00972855026667613
