rep,id,A1,tau1,A2,tau2
1,1,0.382913174322485,5441.29748928464,0.276176170202548,5.80391091891124
2,1,0.381131037089499,6186.73085007695,0.273324107880218,5.84925720554696
3,1,0.376777722256379,14900.7325111813,0.264954559561737,5.80076575404414
4,1,0.376491081480654,3318.10043034921,0.267877510524991,6.30929288861443
5,1,0.378405547361531,2848.0325335834,0.271372599813133,6.2486446103265
6,1,0.379155437639843,5275.62975460997,0.27004605049357,6.01931913994306
7,1,0.375011272050299,6812.734597339,0.2642948713242,6.14471143643321
8,1,0.382456613545697,7054.25470494552,0.274913615412018,5.74437291021062
9,1,0.381564219213237,26606.0173535362,0.270915361586961,5.38739719541377
10,1,0.381277374824696,3514.93830550043,0.273455897913561,6.04964600821306
1,10,0.416110873060055,62307.372323287,0.316258485274403,3.89456762951245
2,10,0.422157391669623,212363.288590187,0.324399534193095,3.45744486998549
3,10,0.414845951632197,26631.5793569098,0.317715987299977,4.10694384459802
4,10,0.408326470120258,32458.7925415829,0.307783407688161,4.27634410437535
5,10,0.413666685701361,77202.4489836691,0.313591035862091,3.9096632269044
6,10,0.415087380946729,27772.5223543913,0.317500656365556,4.09025794380012
7,10,0.410681727995489,4701.02948214914,0.316903797984744,4.64803381893135
8,10,0.413844125571604,75516.5523149617,0.313514465034723,3.91210313721394
9,10,0.414294243593027,69270.6705830807,0.314016682984375,3.92023966076324
10,10,0.412474151076144,34945.4807750921,0.313122112056699,4.12558858260739
1,11,0.381164054548157,5063.02239923095,0.272367693051054,5.94055191921802
2,11,0.378097223033766,12836.0106679623,0.267330985936468,5.78017904024559
3,11,0.374489007679265,5932.80871407145,0.264293306910565,6.21626660863931
4,11,0.375393085596071,1429.29197028782,0.269406709080833,6.64096854225852
5,11,0.381293010358333,2845.3221414173,0.276596992419172,6.07351700875516
6,11,0.381015913603389,9929.88054173764,0.27157856621795,5.71998769257589
7,11,0.381417120514111,6041.55662474507,0.273476599068113,5.85315901831665
8,11,0.386398875144895,11036.0176417367,0.277918710998785,5.44650632935028
9,11,0.382356849624674,3716.16869260008,0.276946161904266,5.94119996255467
10,11,0.385935129151197,9150.37499808839,0.277769696634053,5.523892286739
1,12,0.357025096264604,3676.06338265185,0.241054479508859,7.47036675741118
2,12,0.356363138113571,876.163226674365,0.243970371542403,8.09453357125605
3,12,0.357253126399713,1123.64778172491,0.242560508061774,7.97973384750983
4,12,0.355714770019579,1181.53422134647,0.243045619406502,8.00399969893916
5,12,0.358554544926324,1455.73184539445,0.245424318821297,7.73180846788463
6,12,0.358511829653914,2447.11116003226,0.244843114236748,7.50840885191695
7,12,0.351659489149475,555.178017781822,0.237698162232179,8.69450648572575
8,12,0.349676007766625,2171.17378273993,0.232666809330601,8.22506442764865
9,12,0.352713963975444,793.967259166535,0.238583626354382,8.44360608514811
10,12,0.352247351741449,1065.65118860192,0.237690795746382,8.33570389734679
1,13,0.309011143321174,72.1224834957285,0.188398783567189,14.8030702873723
2,13,0.306591011849131,101.827774788677,0.183902002769278,14.973268652338
3,13,0.305334874969799,11.4008204480886,0.186543202320087,17.0223807676052
4,13,0.309523563787607,70.2653012839628,0.188380041199015,14.7821789116616
5,13,0.306443081396739,103.361295110607,0.183689899284747,14.9927657137123
6,13,0.30503064603522,12.2746944978811,0.186466747784274,16.984561977029
7,13,0.310971645160541,60.4222387406365,0.190737140324387,14.6543817939185
8,13,0.306561976616739,98.1254225182436,0.183935111783103,15.0079178385957
9,13,0.304715236892044,11.6064142583618,0.186043568190222,17.1054261962984
10,13,0.310974815663291,64.7246601148642,0.190473549394092,14.6053430501925
1,14,0.369049453374742,5013.53124888154,0.258448840467955,6.55689838265213
2,14,0.366601528059285,2603.39788736634,0.25456920124838,6.98034911686893
3,14,0.365223410725025,4373.70166366825,0.251803784671171,6.86703897331798
4,14,0.362433042672543,3773.96648430062,0.248944266848048,7.08721073525286
5,14,0.376286271298632,3390.07336816367,0.265836331466798,6.34182974579032
6,14,0.371506880872193,7266.67432757876,0.258296102007282,6.33437031006303
7,14,0.369458112102771,3413.6701427923,0.259016493601293,6.68164995843808
8,14,0.366040736533346,1856.09316446499,0.255425842354714,7.1232150156979
9,14,0.3638115060164,1474.00412244116,0.252105145556203,7.37381160488637
10,14,0.37460085820656,6012.53586616433,0.264401910499543,6.20575201492699
1,15,0.370748607051623,2296.19934767556,0.261922005460517,6.74119300159777
2,15,0.371328535246533,707.338364498321,0.265336467539251,7.14405184206714
3,15,0.378162183193849,4331.78276629863,0.269599591255827,6.12695037494267
4,15,0.374340090651311,14546.7269467372,0.261828210212983,5.93398247462843
5,15,0.37460840533592,9081.06550015065,0.262283962205912,6.08889263184834
6,15,0.377579697620672,14376.1716440025,0.265284183184339,5.79006733528535
7,15,0.374716407308504,3221.8573056582,0.264227032186341,6.43852238748436
8,15,0.370146857594404,3841.5713985603,0.259789952203835,6.60101984276704
9,15,0.376380646617697,7403.41087560019,0.266631248588935,6.03750519070339
10,15,0.365125662322151,6112.99784913902,0.250857410793822,6.75366157915998
1,16,0.395526292677896,21112.269336178,0.290074640147148,4.86100195796938
2,16,0.395943811835796,8597.16397838529,0.294486138032047,5.06257600206579
3,16,0.397229809264115,72475.1760555937,0.287535289370895,4.50816945892188
4,16,0.396142048647968,8302.70706138188,0.29384889976568,5.07694850229923
5,16,0.395991386631333,26362.9275192343,0.28931151225254,4.79637877178141
6,16,0.398465055795355,13525.497775192,0.29603402612693,4.85031099367051
7,16,0.398981425071947,12455.0378450944,0.296919280134099,4.85197154884179
8,16,0.39692097411159,10255.2948297266,0.295030512938481,4.98349037786314
9,16,0.401519327347048,14127.3057365235,0.299499367250894,4.72875611940901
10,16,0.399392920840309,46925.1993178971,0.293028818046469,4.51960820303947
1,17,0.413042210580183,31847.6830750022,0.315268681023015,4.11582950499004
2,17,0.411524573790295,11675.6002404761,0.315015285177755,4.40645591505861
3,17,0.401371672161513,7539.7478619155,0.301468920103068,4.89148952078004
4,17,0.412720418425851,32276.6241918831,0.31524680566681,4.12039177384268
5,17,0.406071042521939,44865.2927448836,0.302528091451028,4.29279495346093
6,17,0.403631320588402,38342.8531436861,0.299995260445278,4.4052424018239
7,17,0.406336445962356,19265.4061160366,0.305635078522891,4.47356236008456
8,17,0.413107372881957,34636.0513758774,0.314720350721743,4.10258495576327
9,17,0.404174705221679,17448.6464545452,0.305056057712043,4.55187943205613
10,17,0.408054628235482,70020.296055616,0.304465554959218,4.12324628529154
1,18,0.372352068090231,1632.32950372545,0.263867646556565,6.78894934539319
2,18,0.369728450434776,855.382720274293,0.261751479169218,7.19365026602572
3,18,0.371048705224044,6050.70930480125,0.259284317606999,6.40131965661228
4,18,0.384010996125217,13504.9418102994,0.27518354390442,5.48315049858944
5,18,0.372961866609384,4046.48841563077,0.263127487231876,6.42361277826912
6,18,0.375162791637567,4364.64142844064,0.265790384759566,6.28129401023791
7,18,0.367359130841342,1037.7511226733,0.258452241632823,7.26374730004576
8,18,0.377759558106619,1977.70367112634,0.271207451854906,6.40883655555437
9,18,0.374619648698327,9160.82346599541,0.262778434454851,6.07509112383052
10,18,0.373300228699094,3655.34248857362,0.264265934159785,6.4302921084502
1,19,0.380330290617582,6637.63768490691,0.27131024718539,5.88264508783067
2,19,0.381153834804315,4173.22622832958,0.274854502666206,5.96926165449557
3,19,0.3800583825642,6076.29095945999,0.271919618261559,5.91098180950954
4,19,0.383612494295814,14989.3785624166,0.275759007861497,5.44980805208051
5,19,0.386272709387954,29361.5816918957,0.275658025364029,5.17141600584963
6,19,0.385947611706306,13234.9598396774,0.279246779879811,5.37931757424475
7,19,0.392327252441016,45772.0485688685,0.282412133794664,4.8047170843192
8,19,0.379319135281609,4150.8725019117,0.273155756893258,6.05067400040724
9,19,0.38208258533336,8073.34008240027,0.273408015648818,5.73246836749156
10,19,0.380807551272045,2071.0939535099,0.274916310601755,6.23130284714588
1,2,0.383969434689864,21955.3062118807,0.274038244086275,5.34216391730752
2,2,0.377787781990269,4489.21554590591,0.268650759439737,6.13952418782745
3,2,0.372423270743804,2570.77486111364,0.261200508720306,6.65937893735231
4,2,0.377757397866314,5390.09950110958,0.268378933856779,6.07920366311145
5,2,0.37850501557167,10772.4469569071,0.267698573593512,5.82698312484874
6,2,0.383353725447857,7514.33676178366,0.275070878543947,5.69817325134469
7,2,0.372402738329026,1805.33545944286,0.263904387628623,6.74725148487877
8,2,0.377641418449758,8350.06497895889,0.267333938956145,5.94268145961875
9,2,0.37818366498506,7333.83735420094,0.267957937510343,5.96526743433423
10,2,0.385152351756175,22659.617941342,0.275323175056113,5.28223353497753
1,20,0.402318488646024,32785.0478591181,0.299537146475021,4.48082340155527
2,20,0.401192125428466,34040.6845781413,0.298288074314156,4.50880208079396
3,20,0.399613213473169,13527.9080487819,0.298870884229091,4.79307286976799
4,20,0.405182850549125,112902.450613771,0.300323254772443,4.09861751269429
5,20,0.399336897022474,20703.0142476382,0.295891596376651,4.71292967069395
6,20,0.3948396340749,6992.70883098014,0.291784545257594,5.18798423470085
7,20,0.405250978790265,10084.2909760381,0.306874008718476,4.66013389900318
8,20,0.397011494929207,6521.77495520947,0.294791095054045,5.11864448746487
9,20,0.402246440054425,11685.9407001265,0.301095831793494,4.74800471838624
10,20,0.403556067761029,30784.7122842113,0.300782361937361,4.45752201067591
1,3,0.347925227456132,470.886833491817,0.234536323632654,9.04621509729864
2,3,0.343424585834609,648.210150293219,0.22683778231187,9.31472147015251
3,3,0.354871420124776,2249.30711699971,0.239946190388237,7.80803199135642
4,3,0.346633368243219,124.943282497448,0.235259713663838,9.83803565441788
5,3,0.345849892167288,583.618516663031,0.229437578748443,9.17432238057299
6,3,0.347098939621609,916.179912076752,0.231573090982863,8.81028368949318
7,3,0.346306194083817,968.19684935398,0.229832032140668,8.86822211265565
8,3,0.349446533086578,1050.26128070567,0.233952743950213,8.56758305166982
9,3,0.350301108709383,262.916873766998,0.238243205025391,9.13806874002732
10,3,0.340073789917948,199.121862759811,0.223202208058113,10.3022282870527
1,4,0.410560975173897,60164.6739944275,0.308797650314662,4.07082447014124
2,4,0.406119453816349,14470.3015100698,0.307560955091574,4.53721129025807
3,4,0.402255758806632,21811.5844913425,0.300222416945578,4.5864770089093
4,4,0.406241252319844,143526.639854404,0.300285226842825,4.02234905611856
5,4,0.398289781734252,4234.0669958785,0.299440820961639,5.15945480240448
6,4,0.409142636884979,14713.7214826837,0.310817640186811,4.43602366486439
7,4,0.404368591528637,17953.4952680997,0.305871577176049,4.53119155345473
8,4,0.405410291650745,48133.371552215,0.302398697737159,4.28847820572571
9,4,0.407046344689313,70667.9438913318,0.30205121765478,4.16337968906754
10,4,0.412888220448738,83156.4401872132,0.313689730506156,3.90441018761233
1,5,0.439613349346403,189727.617058834,0.348105241210509,3.06701572464518
2,5,0.435250076796027,363022.862527912,0.341379853841082,3.04738271837143
3,5,0.429362851178107,81931.2264432026,0.33693924554499,3.45003949443344
4,5,0.437197233924445,51512.3972996679,0.350748955287717,3.33022428888922
5,5,0.434912553846807,373576.954011047,0.340738241933209,3.05120995711767
6,5,0.434112436990392,369899.478509945,0.34077388957579,3.06309808038813
7,5,0.433292816413088,191308.550306526,0.340122343470487,3.20259100212755
8,5,0.433621109707689,159626.498485093,0.340763509986408,3.2289607890995
9,5,0.436374677513531,88900.4240372401,0.348998828438547,3.24640122363706
10,5,0.433711915511973,187767.885894742,0.341620522288377,3.18893305502906
1,6,0.385010500573408,11943.5729729624,0.277056347153216,5.46976069131698
2,6,0.380112728848356,3655.60574815955,0.272732409299317,6.0792413184646
3,6,0.382431025932435,4255.87169155185,0.276963939542468,5.8875551352905
4,6,0.371935066369544,1304.56488160215,0.26361449689055,6.90176350674006
5,6,0.38149083159968,5442.25534234567,0.273797731114053,5.87976901162156
6,6,0.381038054699712,7834.46152633124,0.271259394774534,5.80826352180613
7,6,0.380511035785388,9760.51586976599,0.27058526090175,5.7555923965647
8,6,0.376309509685694,1036.33877648255,0.269140543438152,6.74738307478394
9,6,0.384612312349125,12997.0319447868,0.275328180000112,5.47680365736283
10,6,0.38197593384267,11095.6107826041,0.272654097842468,5.63969479773288
1,7,0.377783102260077,5840.00357361996,0.269276917300714,6.0374655444134
2,7,0.389830770254251,71472.945494887,0.278132035432625,4.78915255202564
3,7,0.39202349385549,20639.6903255439,0.284596495744007,5.02129545432819
4,7,0.386457700709181,27411.8882191144,0.275843024087246,5.1827806952646
5,7,0.377562978901552,3635.81864555251,0.270120859948868,6.20268590777065
6,7,0.388712291868947,25082.8897779245,0.27950062196656,5.10601203915903
7,7,0.383998806409686,4648.57184998434,0.279152500877145,5.78131354926078
8,7,0.38925652699991,34796.281718809,0.28067360665569,4.97720235090905
9,7,0.387074833378692,16536.2500362207,0.281430895460561,5.2482683947579
10,7,0.388174277643555,6608.93928257471,0.283067294734561,5.49192443174438
1,8,0.412103362947247,21149.193333271,0.314587958652781,4.24573180817416
2,8,0.398527873341789,16531.853633891,0.29497155798121,4.80431162287323
3,8,0.406990520720209,53204.2824703704,0.305626660750732,4.19768379387371
4,8,0.40199208900172,27864.8494161591,0.297985608575213,4.55024853443919
5,8,0.413986851278603,133626.601646427,0.312604230390461,3.78653263934273
6,8,0.404140443480535,50248.0599112427,0.299633476661227,4.33188246934149
7,8,0.409539513262549,26962.4554459454,0.310120053292617,4.27656165740044
8,8,0.405243746286014,13433.6266058391,0.307110733879469,4.57962704061734
9,8,0.40484929332899,77666.7597085915,0.301183469773544,4.19003482490775
10,8,0.407114190640085,33378.9936972202,0.307008337792216,4.30070664158927
1,9,0.386373950294713,9719.83389932697,0.280603497326092,5.44404597861053
2,9,0.371378462140093,1421.46107186101,0.262022653960803,6.91592729077041
3,9,0.378871561026562,4379.62801535508,0.270736283900915,6.08605199831715
4,9,0.378475763964394,8467.89022438535,0.268505029349597,5.89573587211993
5,9,0.376563245145701,3816.81230499448,0.267727272393643,6.25560312526159
6,9,0.376208355281306,3292.97889594914,0.268293558292655,6.30889099955943
7,9,0.373281574223161,2615.28171074151,0.262864851244889,6.59001793138919
8,9,0.379122501423912,32396.3912899896,0.267411689798765,5.43890830189899
9,9,0.378010163151037,5693.87769992109,0.269119771695584,6.04094221979642
10,9,0.379477958333874,9191.26666240531,0.269613202564767,5.81987328987997
