popPred_spline_abscissa,popPred_spline,popPred_ci_abscissa,popPred_piLower,popPred_piUpper,indivPred_spline_abscissa,indivPred_spline,indivPred_ci_abscissa,indivPred_piLower,indivPred_piUpper,split
0.489139,0.499001,0.489139,0.384685,0.593593,0.37269,0.367445,0.37269,0.268237,0.477144,All
0.491941,0.501759,0.491941,0.387487,0.596395,0.378168,0.373097,0.378168,0.273715,0.482622,All
0.492373,0.502184,0.492373,0.387919,0.596827,0.380697,0.375706,0.380697,0.276244,0.485151,All
0.494759,0.504533,0.494759,0.390305,0.599213,0.383727,0.378832,0.383727,0.279273,0.488181,All
0.495607,0.505367,0.495607,0.391153,0.600061,0.388704,0.383968,0.388704,0.28425,0.493158,All
0.497593,0.507323,0.497593,0.393139,0.602047,0.389367,0.384651,0.389367,0.284913,0.493821,All
0.49884,0.50855,0.49884,0.394386,0.603294,0.39509,0.390556,0.39509,0.290637,0.499544,All
0.500443,0.510128,0.500443,0.395989,0.604897,0.396711,0.392229,0.396711,0.292257,0.501165,All
0.502074,0.511733,0.502074,0.39762,0.606528,0.400898,0.396548,0.400898,0.296444,0.505352,All
0.50331,0.51295,0.50331,0.398856,0.607764,0.404718,0.40049,0.404718,0.300264,0.509172,All
0.505308,0.514916,0.505308,0.400854,0.609761,0.40679,0.402628,0.40679,0.302336,0.511244,All
0.506193,0.515788,0.506193,0.401739,0.610647,0.412725,0.408752,0.412725,0.308271,0.517179,All
0.508541,0.518099,0.508541,0.404087,0.612995,0.41277,0.408797,0.41277,0.308316,0.517223,All
0.509093,0.518642,0.509093,0.404639,0.613546,0.418837,0.415057,0.418837,0.314383,0.523291,All
0.511775,0.521282,0.511775,0.407321,0.616229,0.420732,0.417013,0.420732,0.316278,0.525186,All
0.512009,0.521513,0.512009,0.407555,0.616463,0.424993,0.421409,0.424993,0.320539,0.529447,All
0.514942,0.5244,0.514942,0.410488,0.619395,0.428739,0.425274,0.428739,0.324285,0.533193,All
0.515009,0.524466,0.515009,0.410555,0.619462,0.43124,0.427854,0.43124,0.326786,0.535694,All
0.517891,0.527303,0.517891,0.413437,0.622345,0.436746,0.433536,0.436746,0.332292,0.5412,All
0.518242,0.527649,0.518242,0.413788,0.622696,0.437578,0.434394,0.437578,0.333125,0.542032,All
0.520858,0.530223,0.520858,0.416404,0.625312,0.44401,0.441014,0.44401,0.339556,0.548464,All
0.521476,0.530832,0.521476,0.417022,0.62593,0.444753,0.441769,0.444753,0.340299,0.549207,All
0.523841,0.53316,0.523841,0.419387,0.628295,0.450537,0.447655,0.450537,0.346083,0.55499,All
0.52471,0.534015,0.52471,0.420256,0.629163,0.45276,0.449918,0.45276,0.348306,0.557214,All
0.526842,0.536114,0.526842,0.422388,0.631296,0.457159,0.454394,0.457159,0.352705,0.561613,All
0.527943,0.537198,0.527943,0.423489,0.632397,0.460767,0.458066,0.460767,0.356313,0.565221,All
0.52986,0.539084,0.52986,0.425406,0.634314,0.463878,0.461233,0.463878,0.359424,0.568332,All
0.531177,0.540381,0.531177,0.426723,0.635631,0.468774,0.466219,0.468774,0.36432,0.573228,All
0.532895,0.542072,0.532895,0.428441,0.637349,0.470697,0.468181,0.470697,0.366243,0.575151,All
0.534411,0.543564,0.534411,0.429957,0.638864,0.476781,0.474403,0.476781,0.372327,0.581235,All
0.535947,0.545076,0.535947,0.431493,0.640401,0.477615,0.475256,0.477615,0.373161,0.582069,All
0.537644,0.546747,0.537644,0.43319,0.642098,0.484636,0.482451,0.484636,0.380182,0.589089,All
0.539017,0.548098,0.539017,0.434563,0.643471,0.484788,0.482608,0.484788,0.380334,0.589242,All
0.540878,0.54993,0.540878,0.436424,0.645332,0.491759,0.489786,0.491759,0.387305,0.596213,All
0.542105,0.551137,0.542105,0.437651,0.646559,0.492795,0.490854,0.492795,0.388341,0.597249,All
0.544111,0.553113,0.544111,0.439658,0.648565,0.498987,0.497256,0.498987,0.394533,0.603441,All
0.54521,0.554194,0.54521,0.440756,0.649664,0.500802,0.499139,0.500802,0.396348,0.605256,All
0.547345,0.556296,0.547345,0.442891,0.651799,0.506322,0.504869,0.506322,0.401868,0.610776,All
0.548333,0.557268,0.548333,0.443879,0.652787,0.508809,0.507451,0.508809,0.404355,0.613263,All
0.550579,0.559479,0.550579,0.446125,0.655033,0.513764,0.512604,0.513764,0.40931,0.618218,All
0.551474,0.56036,0.551474,0.44702,0.655928,0.516816,0.515778,0.516816,0.412362,0.62127,All
0.553812,0.562662,0.553812,0.449359,0.658266,0.521315,0.52045,0.521315,0.416862,0.625769,All
0.554633,0.563469,0.554633,0.450179,0.659087,0.524823,0.524091,0.524823,0.420369,0.629277,All
0.557046,0.565845,0.557046,0.452592,0.6615,0.528978,0.528404,0.528978,0.424524,0.633432,All
0.55781,0.566597,0.55781,0.453356,0.662264,0.53283,0.532389,0.53283,0.428376,0.637284,All
0.56028,0.569028,0.56028,0.455826,0.664734,0.536753,0.536423,0.536753,0.432299,0.641207,All
0.561005,0.569742,0.561005,0.456551,0.665459,0.540837,0.540621,0.540837,0.436383,0.645291,All
0.563513,0.572211,0.563513,0.45906,0.667967,0.544643,0.544535,0.544643,0.440189,0.649097,All
0.564219,0.572905,0.564219,0.459765,0.668673,0.548844,0.54885,0.548844,0.44439,0.653297,All
0.566747,0.575394,0.566747,0.462293,0.671201,0.552648,0.552713,0.552648,0.448194,0.657102,All
0.567451,0.576086,0.567451,0.462997,0.671905,0.556851,0.556893,0.556851,0.452397,0.661304,All
0.569981,0.578577,0.569981,0.465527,0.674435,0.560771,0.560747,0.560771,0.456318,0.665225,All
0.570701,0.579286,0.570701,0.466247,0.675155,0.564858,0.564763,0.564858,0.460404,0.669311,All
0.573214,0.58176,0.573214,0.468761,0.677668,0.569014,0.568849,0.569014,0.46456,0.673468,All
0.57397,0.582504,0.57397,0.469516,0.678424,0.572864,0.572634,0.572864,0.468411,0.677318,All
0.576448,0.584943,0.576448,0.471994,0.680902,0.577378,0.57707,0.577378,0.472924,0.681832,All
0.577258,0.58574,0.577258,0.472804,0.681712,0.580871,0.580505,0.580871,0.476418,0.685325,All
0.579682,0.588126,0.579682,0.475228,0.684136,0.585864,0.585341,0.585864,0.48141,0.690318,All
0.580564,0.588995,0.580564,0.476111,0.685018,0.588878,0.588203,0.588878,0.484425,0.693332,All
0.582915,0.591309,0.582915,0.478462,0.687369,0.594476,0.593591,0.594476,0.490022,0.69893,All
0.58389,0.592268,0.58389,0.479436,0.688344,0.596885,0.596048,0.596885,0.492431,0.701339,All
0.586149,0.594492,0.586149,0.481695,0.690603,0.603214,0.602501,0.603214,0.49876,0.707668,All
0.587235,0.59556,0.587235,0.482781,0.691689,0.604892,0.604212,0.604892,0.500438,0.709346,All
0.589383,0.597675,0.589383,0.484929,0.693837,0.61208,0.611541,0.61208,0.507626,0.716534,All
0.590598,0.598872,0.590598,0.486144,0.695052,0.612899,0.612376,0.612899,0.508445,0.717353,All
0.592616,0.600858,0.592616,0.488162,0.69707,0.620906,0.620537,0.620906,0.516452,0.72536,All
0.593981,0.602202,0.593981,0.489528,0.698435,0.621077,0.620708,0.621077,0.516623,0.725531,All
0.59585,0.604041,0.59585,0.491396,0.700304,0.628913,0.628568,0.628913,0.524459,0.733367,All
0.597384,0.605551,0.597384,0.49293,0.701838,0.630206,0.629864,0.630206,0.525752,0.73466,All
0.599084,0.607224,0.599084,0.49463,0.703538,0.63692,0.636629,0.63692,0.532466,0.741374,All
0.600806,0.608919,0.600806,0.496352,0.70526,0.639469,0.639227,0.639469,0.535015,0.743923,All
0.602317,0.610407,0.602317,0.497863,0.706771,0.644927,0.64479,0.644927,0.540473,0.749381,All
0.604247,0.612307,0.604247,0.499793,0.708701,0.648868,0.648708,0.648868,0.544414,0.753322,All
0.605551,0.61359,0.605551,0.501097,0.710005,0.652934,0.653059,0.652934,0.54848,0.757388,All
0.607708,0.615714,0.607708,0.503254,0.712162,0.658406,0.658383,0.658406,0.553952,0.762859,All
0.608785,0.616773,0.608785,0.504331,0.713239,0.660941,0.660965,0.660941,0.556487,0.765395,All
0.611189,0.61914,0.611189,0.506736,0.715643,0.668083,0.66822,0.668083,0.563629,0.772537,All
0.612018,0.619956,0.612018,0.507564,0.716472,0.668948,0.669094,0.668948,0.564494,0.773402,All
0.61469,0.622586,0.61469,0.510236,0.719144,0.676955,0.677183,0.676955,0.572501,0.781409,All
0.615252,0.623139,0.615252,0.510798,0.719706,0.677903,0.67814,0.677903,0.573449,0.782357,All
0.618211,0.626052,0.618211,0.513758,0.722665,0.684962,0.685271,0.684962,0.580508,0.789416,All
0.618486,0.626322,0.618486,0.514032,0.72294,0.687867,0.688206,0.687867,0.583413,0.792321,All
0.621719,0.629505,0.621719,0.517265,0.726173,0.692969,0.693408,0.692969,0.588515,0.797423,All
0.621753,0.629538,0.621753,0.517299,0.726207,0.697978,0.698531,0.697978,0.593524,0.802432,All
0.624953,0.632688,0.624953,0.520499,0.729407,0.700976,0.701575,0.700976,0.596522,0.80543,All
0.625314,0.633044,0.625314,0.52086,0.729768,0.708237,0.708901,0.708237,0.603783,0.812691,All
0.628187,0.635871,0.628187,0.523733,0.732641,0.708983,0.709605,0.708983,0.604529,0.813437,All
0.628896,0.636569,0.628896,0.524442,0.73335,0.71699,0.717501,0.71699,0.612536,0.821444,All
0.63142,0.639054,0.63142,0.526966,0.735874,0.718647,0.719202,0.718647,0.614193,0.823101,All
0.632498,0.640115,0.632498,0.528044,0.736952,0.724997,0.725717,0.724997,0.620543,0.829451,All
0.634654,0.642237,0.634654,0.5302,0.739108,0.72921,0.730041,0.72921,0.624757,0.833664,All
0.636121,0.643682,0.636121,0.531668,0.740575,0.733004,0.733917,0.733004,0.62855,0.837458,All
0.637888,0.64542,0.637888,0.533434,0.742342,0.739929,0.740883,0.739929,0.635475,0.844383,All
0.639765,0.647268,0.639765,0.535311,0.744219,0.741011,0.741972,0.741011,0.636557,0.845465,All
0.641121,0.648603,0.641121,0.536667,0.745575,0.749018,0.750026,0.749018,0.644564,0.853472,All
0.64343,0.650876,0.64343,0.538976,0.747884,0.750805,0.751824,0.750805,0.646351,0.855259,All
0.644355,0.651786,0.644355,0.539901,0.748809,0.757025,0.758081,0.757025,0.652571,0.861478,All
0.647115,0.654504,0.647115,0.542662,0.751569,0.761841,0.762926,0.761841,0.657387,0.866294,All
0.647589,0.654969,0.647589,0.543135,0.752042,0.765032,0.766136,0.765032,0.660578,0.869485,All
0.650822,0.658152,0.650822,0.546368,0.755276,0.773039,0.77419,0.773039,0.668585,0.877492,All
