iteration,convergenceIndicator,phase,A1_pop,tau1_pop,A2_pop,tau2_pop,I0_pop,omega_A1,omega_tau1,omega_A2,omega_tau2,omega_I0,corr_A2_A1,corr_tau1_A1,corr_tau2_A1,corr_tau1_A2,corr_tau2_A2,corr_tau2_tau1,a
1,3622.09,1,0.25,617.1,0.4,6.34,0.5,1,1,1,1,1,0,0,0,0,0,0,1
2,3482.9,1,0.150441,798.573,0.182285,5.35208,0.239962,0.974679,0.974679,0.974679,1.00199,0.974679,0,0,0,0,0,0,0.974679
3,3398.4,1,0.13107,740.053,0.161406,5.63705,0.236205,0.95,1.02519,0.95,0.976623,0.95,0,0,0,0,0,0,0.95
4,3306.17,1,0.118689,739.675,0.169467,5.55042,0.238553,0.925945,0.999229,0.925945,0.987522,0.925945,0,0,0,0,0,0,0.925945
5,3215.05,1,0.115113,743.847,0.15411,6.78395,0.240096,0.9025,0.973928,0.9025,1.01795,0.9025,0,0,0,0,0,0,0.9025
6,3123.13,1,0.130721,705.815,0.157271,7.01417,0.241107,0.879648,0.949267,0.879648,1.14907,0.879648,0,0,0,0,0,0,0.879648
7,3027.21,1,0.148413,608.423,0.169042,7.81752,0.248314,0.857375,1.01989,0.857375,1.23495,0.857375,0,0,0,0,0,0,0.857375
8,2920.64,1,0.146304,654.367,0.148484,6.89487,0.268841,0.835666,0.994065,0.835666,1.20368,0.835666,0,0,0,0,0,0,0.835666
9,2854.49,1,0.138989,607.312,0.145081,8.74545,0.218266,0.814506,0.968895,0.814506,1.30885,0.814506,0,0,0,0,0,0,0.814506
10,2753.91,1,0.157344,595.406,0.155298,7.43827,0.220376,0.793882,1.07327,0.793882,1.27571,0.793882,0,0,0,0,0,0,0.793882
11,2663.57,1,0.150818,531.592,0.159052,7.52661,0.238255,0.773781,1.11093,0.773781,1.34534,0.773781,0,0,0,0,0,0,0.773781
12,2573.1,1,0.152947,514.545,0.188427,7.90925,0.194656,0.754188,1.0828,0.754188,1.50433,0.754188,0,0,0,0,0,0,0.754188
13,2478.72,1,0.156138,475.275,0.213357,11.5977,0.17527,0.735092,1.19147,0.735092,1.46624,0.735092,0,0,0,0,0,0,0.735092
14,2391.77,1,0.172261,520.005,0.179811,10.0325,0.192907,0.716479,1.2694,0.716479,1.42912,0.716479,0,0,0,0,0,0,0.716479
15,2297.11,1,0.193183,480.211,0.176471,9.64548,0.202546,0.698337,1.23726,0.698337,1.39293,0.698337,0,0,0,0,0,0,0.698337
16,2210.73,1,0.208843,439.116,0.163576,12.1349,0.201728,0.680655,1.20593,0.680655,1.58664,0.680655,0,0,0,0,0,0,0.680655
17,2106.22,1,0.198763,449.995,0.156932,14.228,0.220148,0.66342,1.1754,0.66342,1.6646,0.66342,0,0,0,0,0,0,0.66342
18,2018.31,1,0.192242,495.447,0.160182,13.2772,0.231173,0.646622,1.14563,0.646622,1.71093,0.646622,0,0,0,0,0,0,0.646622
19,1930.08,1,0.186379,529.988,0.176976,15.1757,0.222994,0.630249,1.31172,0.630249,1.8398,0.630249,0,0,0,0,0,0,0.630249
20,1842.36,1,0.189594,626.385,0.176833,16.7882,0.21259,0.614291,1.27851,0.614291,1.89804,0.614291,0,0,0,0,0,0,0.614291
21,1746.83,1,0.17341,590.682,0.173437,25.8457,0.218892,0.598737,1.24613,0.598737,1.84998,0.598737,0,0,0,0,0,0,0.598737
22,1651.76,1,0.187676,615.383,0.171326,31.0533,0.211203,0.583577,1.21458,0.583577,1.85337,0.583577,0,0,0,0,0,0,0.583577
23,1542.55,1,0.204829,485.794,0.176425,33.6369,0.212867,0.5688,1.18383,0.5688,1.8493,0.5688,0,0,0,0,0,0,0.5688
24,1469.24,1,0.203627,409.834,0.172139,35.8771,0.20869,0.554398,1.15385,0.554398,2.09554,0.554398,0,0,0,0,0,0,0.554398
25,1366.8,1,0.214393,410.825,0.165359,28.0742,0.224299,0.54036,1.21569,0.54036,2.04248,0.54036,0,0,0,0,0,0,0.54036
26,1272.66,1,0.199957,392.196,0.162806,25.5603,0.230531,0.526678,1.18491,0.526678,2.39839,0.526678,0,0,0,0,0,0,0.526678
27,1189.85,1,0.181733,283.924,0.162545,21.9181,0.248107,0.513342,1.27454,0.513342,2.40829,0.513342,0,0,0,0,0,0,0.513342
28,1095.86,1,0.175194,424.22,0.168348,27.8049,0.265972,0.500344,1.31481,0.500344,2.34731,0.500344,0,0,0,0,0,0,0.500344
29,996.755,1,0.168268,326.714,0.173255,15.3136,0.270583,0.487675,1.28152,0.487675,2.28787,0.487675,0,0,0,0,0,0,0.487675
30,906.145,1,0.160466,257.815,0.164748,23.2532,0.28289,0.475327,1.29835,0.475327,2.33871,0.475327,0,0,0,0,0,0,0.475327
31,825.923,1,0.153783,300.71,0.167335,30.7431,0.284758,0.511855,1.26547,0.463291,2.35329,0.463291,0,0,0,0,0,0,0.463291
32,720.51,1,0.155985,249.823,0.181319,33.8378,0.268563,0.509069,1.23343,0.45156,2.2937,0.45156,0,0,0,0,0,0,0.45156
33,629.624,1,0.169052,306.997,0.181053,22.9614,0.270608,0.496179,1.2022,0.440127,2.23562,0.440127,0,0,0,0,0,0,0.440127
34,533.227,1,0.171658,404.653,0.175583,24.3868,0.269892,0.483616,1.17176,0.428982,2.26716,0.428982,0,0,0,0,0,0,0.428982
35,444.262,1,0.184053,386.441,0.179248,22.2316,0.260048,0.47137,1.14209,0.41812,2.39336,0.41812,0,0,0,0,0,0,0.41812
36,350.83,1,0.166949,397.234,0.187295,29.8461,0.261835,0.459435,1.2801,0.407533,2.33276,0.407533,0,0,0,0,0,0,0.407533
37,254.944,1,0.172825,384.205,0.181276,22.2314,0.261048,0.447802,1.25465,0.397214,2.27369,0.397214,0,0,0,0,0,0,0.397214
38,156.873,1,0.167326,277.97,0.186425,27.6525,0.264968,0.436463,1.30936,0.387157,2.21612,0.387157,0,0,0,0,0,0,0.387157
39,88.4376,1,0.172863,284.96,0.199201,26.5215,0.247568,0.425412,1.50575,0.377354,2.16,0.377354,0,0,0,0,0,0,0.377354
40,-15.4124,1,0.164571,299.505,0.205391,29.5238,0.2657,0.41464,1.46762,0.367799,2.18045,0.367799,0,0,0,0,0,0,0.367799
41,-104.568,1,0.16596,227.138,0.202332,37.6862,0.251555,0.404141,1.43046,0.358486,2.12524,0.358486,0,0,0,0,0,0,0.358486
42,-205.82,1,0.168511,186.527,0.20381,28.2561,0.258675,0.393908,1.39491,0.349409,2.07143,0.349409,0,0,0,0,0,0,0.349409
43,-292.708,1,0.16331,161.405,0.203897,30.1621,0.255737,0.383934,1.51639,0.340562,2.01898,0.340562,0,0,0,0,0,0,0.340562
44,-385.557,1,0.156557,174.172,0.21295,32.0287,0.259416,0.374212,1.478,0.331938,1.96786,0.331938,0,0,0,0,0,0,0.331938
45,-475.363,1,0.165962,272.312,0.211376,43.5276,0.261693,0.364737,1.44057,0.323534,1.91803,0.323534,0,0,0,0,0,0,0.323534
46,-566.275,1,0.16423,279.698,0.209489,51.6044,0.261995,0.355502,1.44748,0.315341,1.86946,0.315341,0,0,0,0,0,0,0.315341
47,-666.314,1,0.162654,258.875,0.197148,54.29,0.273856,0.3465,1.54096,0.307357,1.82732,0.307357,0,0,0,0,0,0,0.307357
48,-745.117,1,0.162406,282.012,0.197687,57.7883,0.268703,0.337727,1.50194,0.299574,1.92188,0.299574,0,0,0,0,0,0,0.299574
49,-833.586,1,0.160294,274.771,0.20144,80.6342,0.278079,0.329175,1.48241,0.291989,2.1649,0.291989,0,0,0,0,0,0,0.291989
50,-939.351,1,0.152078,290.115,0.197165,81.2346,0.289423,0.32084,1.44488,0.284596,2.11008,0.284596,0,0,0,0,0,0,0.284596
51,-1022.67,1,0.148414,307.355,0.187949,97.6674,0.304649,0.312717,1.40829,0.27739,2.05665,0.27739,0,0,0,0,0,0,0.27739
52,-1123.35,1,0.146537,430.053,0.189999,128.428,0.312904,0.304798,1.37263,0.270366,2.08485,0.270366,0,0,0,0,0,0,0.270366
53,-1191.26,1,0.148219,519.813,0.180863,125.638,0.306861,0.326403,1.33788,0.26352,2.62125,0.26352,0,0,0,0,0,0,0.26352
54,-1278.32,1,0.150399,662.19,0.173251,153.304,0.316818,0.335637,1.304,0.256848,2.55488,0.256848,0,0,0,0,0,0,0.256848
55,-1384.31,1,0.154361,607.27,0.171402,267.245,0.315002,0.327138,1.27098,0.250344,2.49019,0.250344,0,0,0,0,0,0,0.250344
56,-1474.09,1,0.148548,575.123,0.172903,137.791,0.31859,0.318855,1.2388,0.244005,2.74628,0.244005,0,0,0,0,0,0,0.244005
57,-1547.28,1,0.139732,694.829,0.173242,206.966,0.333838,0.310781,1.2269,0.237827,2.67674,0.237827,0,0,0,0,0,0,0.237827
58,-1634.61,1,0.136019,867.094,0.173623,272.588,0.332184,0.321808,1.19583,0.231805,2.64267,0.231805,0,0,0,0,0,0,0.231805
59,-1744.76,1,0.129123,918.245,0.17463,327.214,0.342775,0.31366,1.16555,0.225936,2.57575,0.225936,0,0,0,0,0,0,0.225936
60,-1819.15,1,0.131141,1008.38,0.171238,346.904,0.343596,0.305718,1.29162,0.220215,2.51054,0.220215,0,0,0,0,0,0,0.220215
61,-1890.85,1,0.127044,1250.95,0.167455,262.316,0.351603,0.301885,1.32863,0.214768,2.5064,0.214639,0,0,0,0,0,0,0.214639
62,-1998.75,1,0.124725,1447.78,0.167543,202.172,0.356357,0.294241,1.30839,0.20933,2.44293,0.209204,0,0,0,0,0,0,0.209204
63,-2069.2,1,0.125635,1255.88,0.168475,222.012,0.353498,0.286791,1.34607,0.204029,2.46032,0.203907,0,0,0,0,0,0,0.203907
64,-2168.12,1,0.128857,1062.12,0.171917,208.519,0.342745,0.279529,1.31199,0.198863,2.39802,0.198744,0,0,0,0,0,0,0.198744
65,-2230.8,1,0.134969,1082.01,0.16814,169.377,0.343885,0.272451,1.37828,0.201025,2.44171,0.193711,0,0,0,0,0,0,0.193711
66,-2315.68,1,0.135748,910.955,0.160807,242.828,0.344877,0.265553,1.35295,0.205103,2.37989,0.188807,0,0,0,0,0,0,0.188807
67,-2402.67,1,0.134244,863.125,0.166365,214.054,0.350704,0.274129,1.31869,0.19991,2.31963,0.184026,0,0,0,0,0,0,0.184026
68,-2496.63,1,0.131978,939.898,0.162524,217.19,0.354679,0.279583,1.2853,0.194848,2.26089,0.179366,0,0,0,0,0,0,0.179366
69,-2576.62,1,0.125566,821.667,0.160557,340.13,0.358483,0.272503,1.25276,0.189914,2.32743,0.174825,0,0,0,0,0,0,0.174825
70,-2662.65,1,0.119788,917.706,0.163015,403.008,0.361653,0.265604,1.22104,0.185105,2.2685,0.170398,0,0,0,0,0,0,0.170398
71,-2748.54,1,0.116755,926.796,0.165197,685.91,0.366778,0.258878,1.19012,0.180418,2.21106,0.166083,0,0,0,0,0,0,0.166083
72,-2833.51,1,0.119314,926.706,0.167194,819.961,0.360012,0.252323,1.27009,0.17585,2.15508,0.161878,0,0,0,0,0,0,0.161878
73,-2898.25,1,0.120207,987.1,0.169352,1125.63,0.361563,0.245934,1.23793,0.171398,2.21027,0.157779,0,0,0,0,0,0,0.157779
74,-2965.61,1,0.117994,1148.82,0.163498,756.729,0.372797,0.239707,1.30148,0.187615,2.241,0.153784,0,0,0,0,0,0,0.153784
75,-3046.47,1,0.117886,1441.2,0.159426,669.668,0.372736,0.233638,1.39427,0.182864,2.38765,0.151115,0,0,0,0,0,0,0.14989
76,-3128.5,1,0.114273,1231.71,0.158097,698.865,0.377984,0.227722,1.35896,0.178234,2.32719,0.147288,0,0,0,0,0,0,0.146095
77,-3192.88,1,0.110066,863.92,0.160051,1143.29,0.378556,0.240429,1.48711,0.173721,2.26826,0.145048,0,0,0,0,0,0,0.142396
78,-3261.59,1,0.114881,1046.26,0.154838,803.033,0.380939,0.239605,1.69876,0.187294,2.26247,0.141376,-0.00371828,-0.151758,-0.00687051,0.0902798,0.0232858,0.164031,0.13879
79,-3342.16,1,0.116589,1016.23,0.152468,866.437,0.378771,0.233538,1.88077,0.182551,2.31616,0.137796,0.0119715,-0.291811,0.0738371,0.120546,0.0874172,0.159225,0.135276
80,-3405.97,1,0.11886,907.526,0.151988,601.629,0.37639,0.243266,1.99036,0.177929,2.31112,0.134307,-0.00281112,-0.440402,-0.0439333,0.0328281,0.0512042,0.0130693,0.131851
81,-3477.89,1,0.121703,773.375,0.152443,424.901,0.376791,0.237106,1.93996,0.173424,2.53396,0.134756,-0.264842,-0.426719,-0.224599,-0.0141782,0.0990998,0.0695456,0.128512
82,-3535.06,1,0.117804,862.137,0.15205,408.478,0.375072,0.2602,2.08498,0.181662,2.49615,0.141408,-0.318231,-0.556884,-0.392054,0.0754598,0.131895,0.303943,0.125258
83,-3620.58,1,0.113647,992.615,0.154353,487.641,0.382719,0.253612,2.03218,0.177062,2.43295,0.137827,-0.341669,-0.517127,-0.468601,0.151627,0.188683,0.289119,0.122087
84,-3679.47,1,0.110935,850.607,0.152964,480.971,0.384221,0.24719,2.14583,0.172579,2.46648,0.134337,-0.287454,-0.577576,-0.378326,0.0580978,-0.0128995,0.316734,0.118995
85,-3746.94,1,0.109755,992.827,0.155266,567.634,0.384395,0.240931,2.0915,0.185698,2.55228,0.143589,-0.310305,-0.37519,-0.351709,-0.0212227,0.0107229,0.381351,0.115982
86,-3799.19,1,0.110033,1040.47,0.156058,481.109,0.383045,0.23483,2.03854,0.180996,2.55552,0.156699,-0.255964,-0.162342,-0.301837,-0.330099,-0.208134,0.375294,0.113045
87,-3863.27,1,0.0994101,1034.4,0.157933,1100.92,0.392385,0.228884,2.221,0.176413,2.49081,0.152731,-0.224076,-0.172441,-0.239642,-0.30463,-0.0738336,0.303159,0.110183
88,-3932.54,1,0.099109,1009.3,0.158411,368.268,0.392167,0.223089,2.16476,0.176423,2.42774,0.155517,-0.0190787,-0.273219,-0.375302,-0.390626,0.0179093,0.285976,0.107393
89,-4000,1,0.0993386,737.88,0.158771,382.267,0.395134,0.21744,2.3267,0.171956,2.36627,0.151579,-0.103362,-0.220846,-0.350974,-0.348537,-0.0163524,0.414283,0.104674
90,-4054.67,1,0.100499,753.114,0.150845,565.206,0.39745,0.231525,2.47028,0.174941,2.30636,0.147741,-0.15143,-0.341979,-0.416872,-0.434071,-0.0094323,0.58124,0.102024
91,-4106.75,1,0.0972536,682.321,0.152767,658.994,0.400775,0.225662,2.40773,0.178806,2.51117,0.144,-0.102223,-0.401112,-0.350101,-0.405615,0.0741031,0.558369,0.0994403
92,-4175.79,1,0.0968881,756.882,0.14905,680.663,0.402993,0.219949,2.34677,0.174279,2.44758,0.140354,-0.0643024,-0.296287,-0.347712,-0.389788,-0.0623636,0.505381,0.0969224
93,-4212.73,1,0.0950017,1007.41,0.149889,762.101,0.407885,0.221112,2.28735,0.175699,2.45735,0.1368,-0.172062,-0.186948,-0.280191,-0.386182,-0.110073,0.527724,0.0944682
94,-4274.22,1,0.0940092,821.915,0.150684,805.926,0.40748,0.232729,2.37492,0.17125,2.39513,0.133336,-0.28847,-0.113745,-0.153735,-0.399871,-0.335061,0.57489,0.0920763
95,-4323.17,1,0.0908777,1138.67,0.146996,1253.83,0.411995,0.231645,2.31479,0.186104,2.33448,0.12996,-0.527387,-0.103679,-0.0927598,-0.325618,-0.408145,0.595155,0.0897448
96,-4367.23,1,0.0909259,1123.1,0.143848,1879.15,0.415335,0.228687,2.25618,0.183223,2.27537,0.13959,-0.48005,-0.249087,-0.252059,-0.157074,-0.234781,0.472253,0.0874724
97,-4402.35,1,0.0870763,1666.28,0.146474,1950.09,0.4151,0.253635,2.24685,0.206257,2.46763,0.136055,-0.535438,-0.00294386,-0.445643,-0.43517,-0.180254,0.534442,0.0852576
98,-4445.36,1,0.0821762,1808.24,0.147213,1932.75,0.420537,0.247213,2.18996,0.201034,2.56212,0.136082,-0.426328,-0.00767529,-0.544059,-0.4034,-0.190598,0.53194,0.0830988
99,-4495.07,1,0.0836379,1869.49,0.144947,1440.74,0.422565,0.252153,2.16403,0.195944,2.49725,0.132636,-0.487414,-0.117728,-0.526637,-0.336219,-0.171519,0.680356,0.0809947
100,-4539.39,1,0.0879813,1317.35,0.140142,902.622,0.420671,0.245768,2.18897,0.21026,2.43402,0.135026,-0.542664,0.0532174,-0.455281,-0.494167,-0.168577,0.722581,0.0789439
101,-4567.4,1,0.0893061,1447.69,0.139559,882.314,0.422394,0.264459,2.22968,0.204937,2.50756,0.140414,-0.493743,-0.0267849,-0.555935,-0.576659,-0.195973,0.731817,0.076945
102,-4598.11,1,0.0840142,1038.5,0.139851,868.898,0.425713,0.279976,2.34131,0.199747,2.44406,0.137704,-0.587411,0.0474391,-0.583553,-0.56585,-0.0859261,0.711055,0.0749967
103,-4627.97,1,0.0824627,960.132,0.138973,882.117,0.427528,0.289341,2.50663,0.221531,2.70005,0.134217,-0.62446,-0.0523689,-0.607149,-0.521366,-0.0521494,0.767143,0.0730977
104,-4661.27,1,0.0817078,1077.99,0.137908,1186.51,0.429443,0.282015,2.64535,0.232739,2.72876,0.130818,-0.659632,-0.12172,-0.612748,-0.500159,-0.0154977,0.809297,0.0712469
105,-4674.14,1,0.081511,1268.51,0.134256,1197.93,0.432058,0.277962,2.62632,0.226846,2.77005,0.128784,-0.640758,-0.102153,-0.619097,-0.579637,-0.0698275,0.792766,0.0694428
106,-4697.87,1,0.0811977,1519.01,0.130716,1299.72,0.437089,0.270924,2.55982,0.221102,2.75293,0.136029,-0.638558,-0.11876,-0.640365,-0.562032,-0.0342518,0.792291,0.0676845
107,-4719.6,1,0.0826624,1441.2,0.128368,1230.93,0.436985,0.264064,2.5407,0.215504,2.70705,0.141661,-0.550317,-0.289921,-0.68958,-0.513681,-0.0869664,0.857776,0.0659707
108,-4717.55,1,0.0840172,1493.74,0.126867,1077.76,0.439709,0.257378,2.49648,0.210047,2.87558,0.144597,-0.55627,-0.313985,-0.678831,-0.47214,-0.0924409,0.882564,0.0643003
109,-4718.18,1,0.0800283,1878.59,0.127438,1736.67,0.441396,0.258675,2.65054,0.206969,3.03339,0.144103,-0.52446,-0.279701,-0.630238,-0.551435,-0.206089,0.888642,0.0638269
110,-4720.66,1,0.0788304,1990.38,0.127368,2031.64,0.441941,0.288375,2.78942,0.208539,3.06206,0.141556,-0.539421,-0.266336,-0.631333,-0.546278,-0.198464,0.886047,0.0637078
111,-4715.6,1,0.079743,2712.12,0.123878,2699.46,0.444221,0.281074,2.74427,0.20426,3.00777,0.137972,-0.511749,-0.270704,-0.604921,-0.571434,-0.264636,0.890679,0.0638305
112,-4713.05,1,0.0784237,3206.79,0.125077,3243.66,0.446134,0.281477,2.74979,0.199088,3.19037,0.134752,-0.407172,-0.390259,-0.689927,-0.52411,-0.248731,0.901961,0.0638
113,-4736.13,1,0.0758328,2708.34,0.127829,3232.23,0.446827,0.27435,2.77548,0.194047,3.10959,0.131714,-0.165874,-0.566962,-0.727556,-0.605917,-0.437096,0.949447,0.063751
114,-4754.85,1,0.0758202,3427.17,0.125328,4005.5,0.448387,0.267404,2.70521,0.189134,3.03085,0.133001,-0.0191514,-0.680566,-0.791114,-0.622233,-0.47836,0.956034,0.0635413
115,-4748.54,1,0.0761193,3160.01,0.125255,3266.83,0.449134,0.260633,2.64636,0.184345,2.95411,0.13061,-0.206583,-0.626158,-0.790083,-0.55222,-0.344057,0.939172,0.0636385
116,-4759.69,1,0.0753495,4367.57,0.123264,4309.97,0.453262,0.254033,2.57935,0.179677,2.87931,0.135099,-0.187136,-0.659107,-0.797314,-0.548059,-0.371251,0.952458,0.0637402
117,-4767.86,1,0.0755073,4741.89,0.122607,4284.96,0.45298,0.247601,2.56207,0.178434,2.90365,0.138875,-0.183727,-0.624439,-0.771422,-0.601957,-0.422356,0.951362,0.0635669
118,-4766.53,1,0.0731424,5970.9,0.123518,5923.08,0.453477,0.259895,2.83735,0.190285,3.26157,0.142158,-0.129177,-0.649471,-0.804514,-0.635277,-0.444392,0.952814,0.0635727
119,-4767.65,1,0.0717121,6666.4,0.122214,6846.44,0.45599,0.253314,3.00485,0.195981,3.23319,0.138559,0.0451552,-0.67216,-0.796729,-0.739498,-0.605086,0.966088,0.0636762
120,-4767.09,1,0.071734,6144.24,0.124687,6235.42,0.453329,0.2469,2.98962,0.199951,3.15132,0.137059,0.102202,-0.641793,-0.76534,-0.788491,-0.682807,0.969267,0.0636755
121,-4775.97,1,0.0711241,5101.23,0.126501,5421.99,0.452471,0.251912,3.07275,0.198182,3.28106,0.134324,0.0899887,-0.614789,-0.781144,-0.806994,-0.663701,0.960602,0.0635847
122,-4768.35,1,0.0692895,5437.47,0.127186,6402.07,0.45261,0.267266,2.99494,0.201659,3.19798,0.131706,-0.0566733,-0.573165,-0.750151,-0.756048,-0.588686,0.954369,0.0636319
123,-4777.85,1,0.0689015,6068.6,0.125655,7430.19,0.455478,0.27795,3.05111,0.196553,3.41738,0.130299,0.0258303,-0.647844,-0.791455,-0.750757,-0.606993,0.962238,0.0635006
124,-4784.18,1,0.0681409,5639.18,0.127591,6896.57,0.453504,0.279963,3.00811,0.191576,3.35474,0.13394,0.040437,-0.668171,-0.784772,-0.74283,-0.628709,0.973157,0.0635005
125,-4780.51,1,0.0680527,4884.69,0.129399,6274.85,0.451444,0.275902,2.93194,0.1912,3.32918,0.132093,-0.0241518,-0.657213,-0.765344,-0.715713,-0.601255,0.976117,0.0636405
126,-4781.11,1,0.0684556,6748.58,0.125873,8486.7,0.455575,0.279917,2.93689,0.186359,3.30414,0.128748,-0.00986455,-0.674525,-0.780052,-0.710806,-0.592731,0.975749,0.063687
127,-4777.24,1,0.0667551,8959.87,0.124777,12529.4,0.45851,0.276382,3.0617,0.194348,3.39485,0.13286,0.0554704,-0.685797,-0.777549,-0.733003,-0.640035,0.980339,0.0635486
128,-4796.01,1,0.0675352,7950.77,0.125148,10885.9,0.457566,0.272366,3.11726,0.189427,3.44844,0.13313,0.112321,-0.720959,-0.792283,-0.756135,-0.669961,0.985379,0.0635907
129,-4792.74,1,0.0671165,10702.8,0.122215,14300.3,0.461412,0.26547,3.23287,0.196633,3.51222,0.130418,0.2468,-0.739405,-0.79347,-0.822611,-0.765165,0.987797,0.0636544
130,-4814.42,1,0.0686505,7942.36,0.12386,10116.5,0.457468,0.266652,3.23153,0.206255,3.50886,0.131721,0.227315,-0.740636,-0.790056,-0.815253,-0.763191,0.990659,0.063505
131,-4812.04,1,0.0700321,9532.64,0.120292,11477.1,0.459915,0.2599,3.31574,0.209626,3.61773,0.13035,0.313291,-0.744873,-0.783887,-0.859098,-0.823647,0.992142,0.0635473
132,-4808.39,1,0.0704767,8077.75,0.122007,8725.98,0.455927,0.257641,3.42494,0.216245,3.73469,0.130388,0.377801,-0.755139,-0.798012,-0.884658,-0.849513,0.991453,0.0635904
133,-4808.04,1,0.0713639,7152.5,0.122956,7691.42,0.454962,0.251118,3.33822,0.217683,3.64013,0.134484,0.33142,-0.718514,-0.766647,-0.886167,-0.848115,0.991594,0.0636061
134,-4808.45,1,0.0712272,9174.78,0.120912,9707.1,0.456659,0.258978,3.39944,0.215223,3.68038,0.133873,0.359836,-0.753763,-0.795413,-0.875479,-0.839883,0.992083,0.0635315
135,-4811.86,1,0.0710333,10740,0.119028,11493.4,0.459608,0.272261,3.5283,0.218136,3.87855,0.13105,0.401054,-0.781618,-0.82194,-0.87798,-0.842417,0.992842,0.0635667
136,-4819.23,1,0.0713003,10933.9,0.118238,11065.7,0.461127,0.272261,3.5387,0.219554,3.81096,0.127732,0.398008,-0.778222,-0.815542,-0.879023,-0.846615,0.993948,0.0635076
137,-4825.67,1,0.0697465,15332.6,0.116264,15434,0.464124,0.265435,3.5142,0.220969,3.71447,0.124497,0.375527,-0.763044,-0.795272,-0.878854,-0.851814,0.994984,0.063465
138,-4823.58,1,0.0690925,14205.1,0.117331,14083.2,0.463497,0.258714,3.54262,0.240091,3.73631,0.125915,0.316114,-0.69718,-0.743127,-0.894032,-0.860222,0.994929,0.0634859
139,-4820.8,1,0.0714854,12015.3,0.117328,11580.9,0.461913,0.252163,3.48257,0.238562,3.6865,0.122727,0.321169,-0.689162,-0.729752,-0.900169,-0.870835,0.99543,0.0635511
140,-4839.29,1,0.0715221,12518.6,0.117488,12055.6,0.461236,0.245778,3.47985,0.234942,3.65893,0.119619,0.321722,-0.677038,-0.722997,-0.909229,-0.87855,0.996105,0.0635456
141,-4839.77,1,0.0711653,10605.9,0.120216,9888.99,0.457419,0.239555,3.58771,0.23346,3.75043,0.121108,0.418145,-0.737033,-0.784186,-0.915862,-0.884038,0.995293,0.0634635
142,-4847.23,1,0.0699724,11490.2,0.120067,10750.1,0.458712,0.250574,3.49687,0.227548,3.65546,0.127494,0.378676,-0.726701,-0.787671,-0.905025,-0.86139,0.993587,0.0633563
143,-4840.05,1,0.0722746,9936.43,0.119263,8497.51,0.459634,0.244229,3.40833,0.221787,3.5629,0.124266,0.360215,-0.71887,-0.788057,-0.899784,-0.850486,0.992535,0.0635505
144,-4846.19,1,0.0713699,9501.33,0.119078,8300.43,0.460466,0.241901,3.34248,0.216171,3.51616,0.127137,0.394888,-0.742808,-0.811752,-0.901723,-0.849299,0.992121,0.0634886
145,-4841.3,1,0.0699928,11351,0.118401,9782.61,0.460481,0.252554,3.29638,0.210697,3.46785,0.125519,0.400885,-0.75573,-0.828951,-0.895817,-0.837441,0.991078,0.0636102
146,-4853.27,1,0.0689319,11359.5,0.119489,10244.9,0.460164,0.246159,3.3585,0.228941,3.46634,0.127318,0.476722,-0.762238,-0.831228,-0.927236,-0.877891,0.992123,0.0635626
147,-4866.49,1,0.0686924,13096.7,0.117301,11659.3,0.463329,0.24538,3.38376,0.238036,3.46363,0.124094,0.414341,-0.71408,-0.80205,-0.929456,-0.87176,0.990127,0.063614
148,-4871.63,1,0.0689322,12994,0.117276,11383.3,0.463312,0.253075,3.34227,0.232009,3.43356,0.128982,0.392301,-0.717002,-0.808999,-0.918575,-0.853772,0.989003,0.063444
149,-4874.37,1,0.0691531,10815.1,0.118228,9720.27,0.462437,0.246667,3.31122,0.234837,3.35673,0.127133,0.336857,-0.676329,-0.777581,-0.917414,-0.850333,0.988234,0.063402
150,-4883.87,1,0.0691875,9760.95,0.119524,8874.62,0.460127,0.243688,3.32848,0.242816,3.38153,0.124748,0.351615,-0.694046,-0.784803,-0.915053,-0.852777,0.990282,0.0634409
151,-4880.36,1,0.0694291,8248.39,0.121378,7462.09,0.458169,0.237518,3.45636,0.250991,3.49424,0.125593,0.434856,-0.722963,-0.800973,-0.933966,-0.884511,0.992086,0.0634973
152,-4873.11,1,0.0688974,7849.79,0.121779,7408.25,0.457853,0.231504,3.36884,0.252692,3.40576,0.128144,0.361699,-0.66366,-0.752079,-0.934638,-0.883708,0.991533,0.0635814
153,-4863.93,1,0.0696327,6660.59,0.122642,6220.09,0.458916,0.225642,3.28354,0.246294,3.31953,0.125042,0.289021,-0.631835,-0.733887,-0.919978,-0.858371,0.989144,0.0635929
154,-4867.77,1,0.069386,6259.95,0.12331,5919.02,0.457257,0.22833,3.27136,0.240057,3.32831,0.127012,0.29489,-0.640665,-0.748608,-0.918256,-0.85019,0.987687,0.0634507
155,-4869.7,1,0.068203,6692.91,0.123678,6466.65,0.458541,0.222549,3.18852,0.233979,3.24403,0.123796,0.203065,-0.595546,-0.721609,-0.902917,-0.819263,0.984973,0.0635457
156,-4873.46,1,0.0695591,6320.75,0.12334,5824.75,0.458943,0.216913,3.10779,0.228054,3.16189,0.124601,0.239322,-0.613857,-0.730285,-0.908095,-0.831204,0.98651,0.0635009
157,-4864.39,1,0.0686269,5945.12,0.123928,5660.48,0.456497,0.214667,3.0291,0.22228,3.08387,0.127184,0.262589,-0.649853,-0.770855,-0.897667,-0.808595,0.983884,0.063499
158,-4862.5,1,0.0695598,5234.28,0.123813,4706.77,0.457897,0.222958,2.9524,0.216652,3.00579,0.123964,0.251199,-0.661301,-0.786388,-0.884294,-0.785089,0.981638,0.0634377
159,-4855.27,1,0.0702029,5634.07,0.121737,4824.28,0.459882,0.217312,2.87764,0.211166,2.92968,0.123716,0.362763,-0.732568,-0.835169,-0.889578,-0.804373,0.984397,0.063593
160,-4862.11,1,0.0719579,3173.6,0.126218,2724.21,0.4531,0.21181,2.80478,0.205819,2.8555,0.120971,0.286772,-0.690013,-0.812608,-0.870436,-0.771527,0.980902,0.0634733
161,-4852.66,1,0.0725285,3457.47,0.124833,2812.52,0.454082,0.206447,2.73376,0.200608,2.7832,0.123285,0.276546,-0.690849,-0.81249,-0.868021,-0.7691,0.980813,0.063525
162,-4852.21,1,0.073466,3164.06,0.124658,2485.22,0.454363,0.201219,2.66454,0.195528,2.71272,0.120163,0.316432,-0.70249,-0.820627,-0.878138,-0.78311,0.981228,0.0636572
163,-4845.66,1,0.0735917,3095.28,0.123915,2391.32,0.454628,0.196124,2.59707,0.192847,2.64404,0.11956,0.272382,-0.657459,-0.787135,-0.883038,-0.782411,0.979369,0.0635941
164,-4851.11,1,0.0745969,2112.86,0.12621,1662.64,0.451387,0.191159,2.53131,0.18902,2.57709,0.119739,0.261796,-0.607507,-0.753058,-0.907831,-0.809488,0.976874,0.0636117
165,-4859.83,1,0.0719897,2264.87,0.125805,1947.53,0.453846,0.186318,2.56729,0.188401,2.57048,0.12267,0.388264,-0.668801,-0.78533,-0.927005,-0.853491,0.983029,0.0635477
166,-4859.28,1,0.0724173,1882.35,0.127737,1722.25,0.452582,0.181601,2.50228,0.183631,2.5054,0.119564,0.499856,-0.715199,-0.813448,-0.942105,-0.884085,0.984929,0.0635872
167,-4857.4,1,0.0715731,2311.35,0.126757,2151.75,0.455238,0.177002,2.56365,0.189502,2.50847,0.125705,0.498099,-0.69824,-0.799348,-0.952302,-0.897782,0.985237,0.0636046
168,-4861.36,1,0.0703284,3273.82,0.123818,3140.51,0.45838,0.172521,2.68043,0.199876,2.59288,0.12584,0.575751,-0.736587,-0.82118,-0.962711,-0.922399,0.989107,0.0637218
169,-4864.32,1,0.0700516,3428.07,0.123421,3272.29,0.457632,0.168152,2.80951,0.209038,2.68508,0.122654,0.551098,-0.703799,-0.787266,-0.96514,-0.929165,0.990318,0.0635915
170,-4863.02,1,0.0717434,2589.21,0.126117,2428.42,0.455776,0.163895,2.73837,0.203745,2.6171,0.119548,0.483058,-0.653306,-0.738312,-0.95637,-0.918082,0.991137,0.063658
171,-4859.44,1,0.069637,2879.42,0.124745,2802.47,0.457189,0.180684,2.75953,0.206466,2.67426,0.118858,0.539271,-0.730253,-0.810061,-0.948299,-0.902264,0.990062,0.0636133
172,-4853.61,1,0.0689461,3552.41,0.123447,3485.67,0.459231,0.188092,2.81743,0.210042,2.76372,0.118448,0.55684,-0.751608,-0.828642,-0.947892,-0.901087,0.989827,0.0636316
173,-4871.38,1,0.0675724,3289.42,0.125395,3467.53,0.458192,0.189298,2.79769,0.204724,2.765,0.119617,0.628619,-0.791194,-0.860984,-0.959541,-0.919878,0.990648,0.0635638
174,-4873.8,1,0.0667399,4064.03,0.123224,4330.87,0.461071,0.186952,2.72685,0.19954,2.69499,0.123774,0.622802,-0.798547,-0.871563,-0.954824,-0.907252,0.989163,0.0636055
175,-4879.26,1,0.0662596,4610.8,0.12315,4861.38,0.462654,0.182218,2.6578,0.194488,2.62675,0.128503,0.609065,-0.795176,-0.874855,-0.951346,-0.900056,0.987818,0.0635909
176,-4883.16,1,0.0663058,4426.77,0.123352,4736.72,0.462998,0.177604,2.59051,0.189563,2.56024,0.126747,0.672684,-0.831815,-0.898062,-0.953825,-0.911548,0.989892,0.0636371
177,-4874.89,1,0.0663054,4093.95,0.123618,4366.36,0.462177,0.173107,2.52491,0.189052,2.49541,0.12586,0.699055,-0.823062,-0.89341,-0.961159,-0.924128,0.988769,0.0636327
178,-4883.59,1,0.0674074,3625.91,0.124024,3622.85,0.461633,0.168724,2.55637,0.18972,2.49111,0.12604,0.762758,-0.848448,-0.908322,-0.972323,-0.946782,0.990845,0.0636942
179,-4905.05,1,0.0661111,4156.34,0.121757,4230.34,0.464779,0.164452,2.49225,0.184916,2.42803,0.127083,0.771894,-0.863008,-0.91695,-0.974922,-0.948346,0.991672,0.0635526
180,-4917.77,1,0.0651411,4202.84,0.122923,4410.59,0.464563,0.160288,2.55325,0.190725,2.47156,0.126257,0.797828,-0.882188,-0.926976,-0.9763,-0.952281,0.993363,0.0634468
181,-4917.29,1,0.0653275,4288.95,0.122354,4360.37,0.465117,0.156229,2.4886,0.185896,2.40898,0.12972,0.800478,-0.885218,-0.929735,-0.973638,-0.947628,0.99306,0.0635738
182,-4923.31,1,0.0655142,4680.62,0.121436,4629.33,0.464699,0.152273,2.42559,0.181189,2.34798,0.127849,0.753962,-0.854383,-0.908175,-0.968604,-0.936766,0.992138,0.0635595
183,-4911.89,1,0.0647649,5499.4,0.120569,5512.59,0.467183,0.148418,2.42739,0.18409,2.29281,0.12676,0.698097,-0.809285,-0.874113,-0.969252,-0.935689,0.991373,0.0635843
184,-4918.41,1,0.0637527,5209.23,0.121249,5520.67,0.466162,0.157657,2.36994,0.179429,2.27344,0.12355,0.751311,-0.842276,-0.898959,-0.971427,-0.943429,0.992263,0.063579
185,-4931.97,1,0.0623294,5675.57,0.120978,6339.77,0.468517,0.165895,2.30993,0.174886,2.23802,0.121694,0.758428,-0.850241,-0.907749,-0.974283,-0.945665,0.99185,0.0635132
186,-4933.18,1,0.0623344,5147.23,0.122173,5877.73,0.46823,0.165317,2.25145,0.170457,2.18136,0.119955,0.74494,-0.8496,-0.909463,-0.969807,-0.937436,0.991202,0.0635745
187,-4939.22,1,0.0620443,4528.45,0.123501,5408,0.467338,0.165238,2.19444,0.166141,2.12612,0.12438,0.725444,-0.843335,-0.908431,-0.966443,-0.928516,0.989965,0.063549
188,-4925.4,1,0.0624285,3895.54,0.125252,4725.93,0.463712,0.162035,2.13887,0.165259,2.07229,0.127555,0.684504,-0.823198,-0.896002,-0.958466,-0.913292,0.988566,0.0636101
189,-4931.47,1,0.0620146,4141.54,0.124751,5060.01,0.466154,0.157933,2.16769,0.173541,2.04906,0.124325,0.699744,-0.832433,-0.899447,-0.960885,-0.918706,0.989757,0.0636534
190,-4937.58,1,0.0619154,4460.74,0.123547,5298.48,0.46646,0.153934,2.2004,0.175033,2.06477,0.121177,0.693427,-0.834685,-0.899086,-0.95686,-0.914847,0.990533,0.0636715
191,-4932.95,1,0.0629203,3854.55,0.124159,4501.74,0.465302,0.16475,2.34461,0.189692,2.18551,0.11892,0.703189,-0.824877,-0.892136,-0.969265,-0.932317,0.990572,0.0637179
192,-4941.07,1,0.0628079,4133.71,0.122547,4700.75,0.467363,0.167992,2.35616,0.185322,2.21136,0.119263,0.680764,-0.814772,-0.88711,-0.966979,-0.926537,0.989751,0.0635831
193,-4936.23,1,0.0624421,4540.08,0.121035,5063.78,0.468279,0.172821,2.34898,0.180969,2.22213,0.117495,0.652424,-0.803759,-0.882778,-0.959459,-0.913441,0.988435,0.0635895
194,-4942.12,1,0.0625196,4361.04,0.121144,4857.59,0.469023,0.168445,2.34231,0.182339,2.205,0.117088,0.647762,-0.807508,-0.884957,-0.955789,-0.908433,0.988658,0.0635056
195,-4937.56,1,0.0634041,4101.6,0.120931,4428.1,0.467921,0.170051,2.34787,0.179775,2.21365,0.114123,0.631541,-0.789623,-0.873427,-0.959415,-0.911835,0.987926,0.0636056
196,-4933.9,1,0.0630757,4236.45,0.120871,4634.21,0.468045,0.177023,2.3399,0.177575,2.23713,0.115717,0.687058,-0.816166,-0.890435,-0.967981,-0.928082,0.989235,0.063711
197,-4930.08,1,0.0623818,4532.34,0.120823,5057.12,0.469033,0.172541,2.35491,0.181438,2.21886,0.112787,0.671774,-0.80483,-0.880335,-0.968372,-0.929576,0.989662,0.0637258
198,-4954.24,1,0.0629245,4150.85,0.121471,4596.57,0.467397,0.175366,2.34709,0.176844,2.20831,0.113781,0.614007,-0.776186,-0.864995,-0.96749,-0.919721,0.987521,0.0636307
199,-4963.87,1,0.0618441,5215.9,0.11994,5796.7,0.471849,0.180359,2.44025,0.183351,2.28335,0.117591,0.617596,-0.768557,-0.857055,-0.973636,-0.929657,0.988128,0.0635819
200,-4958.88,1,0.0628497,5165.64,0.119405,5499.12,0.469466,0.181873,2.37846,0.178709,2.22553,0.121271,0.592803,-0.761032,-0.853628,-0.969104,-0.920101,0.987296,0.0635311
201,-4970.89,1,0.0628734,4899.92,0.11985,5305.78,0.470564,0.182696,2.39606,0.179243,2.24776,0.119168,0.631781,-0.783264,-0.868223,-0.973155,-0.928585,0.988264,0.0635102
202,-4972.11,1,0.0616852,6835.66,0.117056,7221.66,0.473382,0.189034,2.56603,0.189335,2.40942,0.119675,0.677871,-0.81101,-0.886282,-0.976743,-0.937526,0.989551,0.0634821
203,-4966.86,1,0.061718,7178.6,0.116315,7429.7,0.474657,0.184247,2.53389,0.185472,2.37041,0.116645,0.665859,-0.805596,-0.882537,-0.975165,-0.93468,0.989376,0.0635587
204,-4959.12,1,0.0613791,5671.09,0.118874,6285.64,0.473639,0.181326,2.46973,0.180976,2.31039,0.113691,0.567399,-0.750724,-0.849677,-0.966865,-0.912652,0.985977,0.0635751
205,-4967.87,1,0.0612317,6732.8,0.117412,7159.1,0.474717,0.176735,2.42907,0.176393,2.27238,0.11545,0.593347,-0.771506,-0.862189,-0.967545,-0.916898,0.987276,0.0635537
206,-4968.86,1,0.0611274,6325.27,0.117656,6858.52,0.474482,0.17226,2.54527,0.185497,2.3513,0.115591,0.658449,-0.80105,-0.877501,-0.976161,-0.936856,0.989767,0.0635483
207,-4976.16,1,0.0612893,8951.45,0.11415,8724.66,0.478023,0.167898,2.48082,0.1808,2.29176,0.11537,0.632007,-0.787692,-0.868134,-0.973725,-0.931541,0.989351,0.0635568
208,-4970.38,1,0.0625843,6990.5,0.115937,6793.41,0.473421,0.180037,2.42104,0.176222,2.28274,0.114316,0.608918,-0.791617,-0.875699,-0.964991,-0.914195,0.987966,0.0635064
209,-4966.57,1,0.0627896,7479.99,0.115105,7008.92,0.47543,0.183914,2.57696,0.191456,2.41063,0.114795,0.624041,-0.794517,-0.877,-0.968824,-0.920983,0.988334,0.0635678
210,-4974.68,1,0.0617524,6807.49,0.116931,6882.02,0.474212,0.185731,2.56663,0.186609,2.42265,0.111888,0.658834,-0.811407,-0.887855,-0.972663,-0.929315,0.989118,0.0634546
211,-4972.65,1,0.0631571,5503.34,0.118084,5452.96,0.472088,0.181772,2.50165,0.181884,2.36131,0.114294,0.581109,-0.778153,-0.86948,-0.961595,-0.905423,0.986652,0.0635639
212,-4973.95,1,0.0633959,5329.21,0.117969,5252.1,0.471045,0.17717,2.4383,0.177278,2.30152,0.115839,0.539419,-0.761361,-0.863404,-0.95508,-0.889217,0.984312,0.0636637
213,-4983.12,1,0.0641202,4800.39,0.118469,4644.09,0.470107,0.172684,2.37656,0.172789,2.24324,0.115558,0.537284,-0.752596,-0.856558,-0.957816,-0.893819,0.984314,0.0635919
214,-4985.3,1,0.0649455,4738.16,0.11798,4387.5,0.468221,0.168311,2.31639,0.168414,2.18644,0.117473,0.503849,-0.740193,-0.85238,-0.951729,-0.879527,0.982404,0.0635577
215,-4982.36,1,0.0640758,5430.12,0.117071,5090.58,0.470692,0.166665,2.28461,0.167959,2.1535,0.11717,0.510442,-0.739059,-0.852136,-0.954353,-0.883036,0.982145,0.0635056
216,-4986.55,1,0.0636168,6392.49,0.115802,5856.99,0.472618,0.167907,2.3714,0.172675,2.23603,0.118118,0.576906,-0.765129,-0.865753,-0.965567,-0.906402,0.984497,0.0634921
217,-4982.22,1,0.0651489,5025.8,0.116953,4467.27,0.470692,0.183909,2.33827,0.168303,2.26272,0.115622,0.508087,-0.745092,-0.861502,-0.951056,-0.873077,0.980411,0.0635234
218,-4990.82,1,0.0640483,5586.91,0.116871,5128.34,0.471067,0.180204,2.36084,0.170224,2.27549,0.113852,0.5408,-0.756932,-0.865445,-0.956691,-0.887303,0.9824,0.0634985
219,-4988.57,1,0.0639718,6067.85,0.115914,5468.38,0.472766,0.175641,2.40231,0.180898,2.26727,0.113627,0.515399,-0.727012,-0.843635,-0.961231,-0.893127,0.98191,0.0635156
220,-4992.32,1,0.0628757,6613.66,0.115899,6189.16,0.473364,0.177255,2.47473,0.181463,2.34967,0.117695,0.593546,-0.782247,-0.876121,-0.964226,-0.906614,0.985581,0.0635373
221,-4998.61,1,0.0644754,5617.06,0.116575,5009.08,0.470386,0.180348,2.50587,0.183864,2.37548,0.114887,0.585214,-0.780211,-0.875023,-0.962499,-0.903352,0.985434,0.0635295
222,-4992.57,1,0.064656,5366.16,0.117045,4804.17,0.471365,0.183555,2.55556,0.190472,2.40794,0.11597,0.552092,-0.75974,-0.862322,-0.959689,-0.896302,0.984321,0.06352
223,-4988.18,1,0.0639385,5082.92,0.117851,4785.52,0.47141,0.17924,2.49085,0.18588,2.34697,0.113033,0.510123,-0.736897,-0.850167,-0.955651,-0.884687,0.982324,0.0635474
224,-4990.98,1,0.0643292,5105.3,0.117257,4688.54,0.471626,0.18742,2.47732,0.185733,2.3626,0.11269,0.497447,-0.738902,-0.855122,-0.950014,-0.872822,0.981097,0.0636623
225,-5007.88,1,0.064775,5433.32,0.115901,4786.35,0.472526,0.191225,2.51171,0.186258,2.39982,0.114424,0.510636,-0.747638,-0.859979,-0.95145,-0.876538,0.981815,0.0634942
226,-5009.16,1,0.0648819,5436.74,0.115927,4776.53,0.471632,0.201438,2.44811,0.181706,2.36022,0.111987,0.42457,-0.712332,-0.846157,-0.936719,-0.840626,0.976745,0.0635275
227,-5013.47,1,0.0657302,5191.73,0.115762,4405.13,0.470422,0.231467,2.68668,0.193761,2.63878,0.11511,0.468162,-0.743895,-0.866745,-0.938055,-0.845765,0.978058,0.0635801
228,-5012.19,1,0.0688232,3491.99,0.117895,2800.06,0.465782,0.225607,2.70749,0.195609,2.63571,0.112195,0.498598,-0.751453,-0.86761,-0.945865,-0.862848,0.980016,0.0635593
229,-5018.42,1,0.0694794,2943.5,0.119133,2385.87,0.462531,0.237306,2.89464,0.210433,2.80405,0.110793,0.478583,-0.742021,-0.861442,-0.943113,-0.857521,0.97964,0.0635103
230,-5004.03,1,0.0699048,2337.93,0.121601,1980.13,0.458906,0.231298,3.02852,0.225282,2.87076,0.107988,0.501624,-0.741259,-0.85456,-0.95191,-0.877331,0.982031,0.0634967
231,-5035.73,1,0.0701193,2316.6,0.121479,1941.98,0.458459,0.232178,2.99481,0.220614,2.85799,0.105254,0.517486,-0.754009,-0.863451,-0.951706,-0.877884,0.98238,0.0635118
232,-5028.93,1,0.0699421,2927.47,0.119232,2332.99,0.461135,0.231143,2.96567,0.220106,2.82154,0.105391,0.495699,-0.738762,-0.854922,-0.950899,-0.873637,0.981191,0.0635629
233,-5025.57,1,0.0686846,3456.55,0.118258,2806.8,0.463588,0.245339,3.0102,0.215402,2.91592,0.105055,0.527958,-0.768609,-0.875161,-0.948414,-0.872249,0.982157,0.0636465
234,-5037.39,1,0.0679602,3398.05,0.118957,2870.62,0.463019,0.240479,3.04741,0.218924,2.93283,0.111189,0.546577,-0.774147,-0.876224,-0.952626,-0.881845,0.98336,0.0636183
235,-4904.21,1,0.0674864,3513.38,0.118892,3012.86,0.464087,0.23439,2.98198,0.219192,2.85857,0.108373,0.518096,-0.748936,-0.859532,-0.954201,-0.88184,0.982387,0.0635914
236,-4971.67,1,0.0683698,2989.89,0.120024,2553.26,0.464693,0.228455,2.90648,0.213642,2.78619,0.105629,0.486229,-0.724138,-0.843807,-0.953911,-0.87835,0.981115,0.0637271
237,-4804.54,1,0.068456,3463.47,0.118473,2835.44,0.464983,0.22267,2.83288,0.208232,2.71564,0.108787,0.386969,-0.663341,-0.810243,-0.945902,-0.853102,0.97603,0.0636277
238,-5011.76,1,0.0666193,4831.26,0.116167,4008.51,0.468353,0.230606,2.9284,0.213816,2.83401,0.107636,0.459472,-0.716693,-0.842898,-0.947827,-0.864246,0.97932,0.0635712
239,-4916.67,1,0.0671516,5013.79,0.115258,4001.47,0.468673,0.224767,2.85425,0.208402,2.76225,0.109534,0.391827,-0.667904,-0.814344,-0.945495,-0.852046,0.975825,0.063509
240,-4995.14,1,0.0665266,6629.98,0.112879,5112.4,0.473797,0.225737,2.78795,0.20515,2.71869,0.114313,0.407486,-0.681862,-0.82574,-0.944773,-0.850427,0.975597,0.0636179
241,-5000.38,1,0.0665203,6388.38,0.113021,4956.72,0.472709,0.235267,2.9115,0.211508,2.8584,0.112253,0.472883,-0.717336,-0.845336,-0.952256,-0.869519,0.978571,0.0635437
242,-5001.68,1,0.0662967,6403.9,0.113286,5027.87,0.471121,0.233833,3.03976,0.227502,2.92343,0.109608,0.440551,-0.682056,-0.82027,-0.956165,-0.873958,0.977727,0.0634816
243,-5002.67,1,0.0661568,6843.3,0.112384,5323,0.471288,0.247576,3.03659,0.223709,2.9609,0.112948,0.417533,-0.677705,-0.823248,-0.950392,-0.85877,0.97533,0.0635086
244,-5004.99,1,0.0672929,4680.3,0.115596,3756.74,0.466368,0.251718,3.00707,0.22412,2.9349,0.114073,0.375396,-0.654967,-0.812555,-0.945717,-0.844656,0.972631,0.0635638
245,-4961.02,1,0.0688245,5627.93,0.112697,3978.17,0.468503,0.262921,2.93093,0.218445,2.89908,0.117612,0.355706,-0.664515,-0.826346,-0.934146,-0.819558,0.969928,0.0635209
246,-5006.53,1,0.0688152,5514.93,0.112925,3919.16,0.46947,0.260701,2.92449,0.212914,2.91674,0.115659,0.41685,-0.703678,-0.847087,-0.938449,-0.835388,0.973656,0.0635201
247,-4678.55,1,0.066468,6654.77,0.112699,5135.21,0.471332,0.2541,3.14203,0.23822,2.98621,0.11273,0.430821,-0.671359,-0.812653,-0.957629,-0.875497,0.977455,0.0635317
248,-4996.31,1,0.0680548,7112.95,0.111241,5010.51,0.471641,0.261163,3.31878,0.244293,3.18162,0.109876,0.502101,-0.723184,-0.842108,-0.959909,-0.888674,0.981453,0.0636373
249,-5022.96,1,0.0678772,7177.83,0.111139,5072.9,0.471491,0.268599,3.3739,0.243987,3.26214,0.107094,0.52861,-0.744341,-0.855273,-0.959992,-0.891601,0.982642,0.0634881
250,-5025.28,1,0.0657835,7856.29,0.111618,6023.44,0.472571,0.270594,3.29404,0.237809,3.21058,0.109387,0.52032,-0.74449,-0.858166,-0.957208,-0.884606,0.981629,0.0634488
251,-5020.94,1,0.0645585,8971.93,0.110946,7103.51,0.474935,0.285531,3.35079,0.23466,3.31908,0.110785,0.560055,-0.774878,-0.877831,-0.957318,-0.888097,0.982964,0.0635585
252,-4980.67,1,0.0655678,9240.26,0.11009,6897.45,0.474072,0.278301,3.36644,0.237469,3.30269,0.109212,0.599853,-0.788999,-0.882637,-0.964469,-0.905133,0.985188,0.0634049
253,-5030.09,1,0.0651925,8122.19,0.111452,6373.47,0.472775,0.282084,3.3887,0.235527,3.33601,0.11377,0.599196,-0.793929,-0.885966,-0.962196,-0.90185,0.98535,0.0633841
254,-5031.97,1,0.0629173,11492.7,0.109226,9308.57,0.476704,0.305806,3.42106,0.229563,3.45351,0.110889,0.640128,-0.827143,-0.908317,-0.960967,-0.902547,0.986373,0.06353
255,-5049.55,1,0.060349,18472,0.106196,15270.2,0.482826,0.310816,3.45057,0.231227,3.48774,0.108081,0.634871,-0.823387,-0.906478,-0.960942,-0.901527,0.985999,0.063393
256,-4969.54,1,0.0603261,15465.9,0.107961,13386,0.482206,0.302946,3.37628,0.22746,3.39943,0.105344,0.629027,-0.816987,-0.901303,-0.961848,-0.903411,0.986151,0.0634607
257,-5041.97,1,0.0585176,22510.1,0.105339,19606.2,0.486096,0.298483,3.47043,0.239244,3.44838,0.102677,0.614761,-0.80338,-0.891447,-0.963187,-0.905098,0.985988,0.0634853
258,-5045.86,1,0.0587556,18661.7,0.106814,16751.4,0.486041,0.301807,3.47737,0.237234,3.47243,0.100077,0.631055,-0.816636,-0.899701,-0.962755,-0.906118,0.986657,0.0635587
259,-5047.74,1,0.0583726,21556.9,0.105813,19083.6,0.484331,0.308645,3.57498,0.242848,3.56641,0.0993399,0.642118,-0.81921,-0.900918,-0.96539,-0.910962,0.986929,0.0635482
260,-4935.12,1,0.0589631,15907.8,0.108343,14687.9,0.482977,0.30083,3.48446,0.236699,3.47834,0.0979258,0.680232,-0.838094,-0.9109,-0.969656,-0.921832,0.988517,0.0634439
261,-4221.03,1,0.0594154,15771.1,0.108275,14232.2,0.485155,0.293213,3.39623,0.230705,3.39026,0.0991885,0.56713,-0.770373,-0.871987,-0.961578,-0.89734,0.983873,0.0635006
262,-4628.15,1,0.0586561,20728.2,0.106167,18305.6,0.487376,0.285789,3.31024,0.224864,3.30442,0.096677,0.655923,-0.821969,-0.901508,-0.968293,-0.917359,0.98748,0.0635068
263,-5016.13,1,0.0583823,22727.5,0.105464,19930.9,0.486897,0.293459,3.31104,0.223911,3.30965,0.0994825,0.594499,-0.795146,-0.887611,-0.959423,-0.897316,0.985088,0.0634979
264,-5013.53,1,0.0584082,24487.7,0.104596,21058.2,0.487444,0.295465,3.47839,0.233035,3.45038,0.105557,0.629764,-0.809907,-0.893808,-0.964842,-0.910555,0.986939,0.0635011
265,-5021.02,1,0.0586685,22008.9,0.10532,19126.7,0.484746,0.311083,3.54033,0.231829,3.56129,0.111599,0.66211,-0.834729,-0.909646,-0.964597,-0.912959,0.988041,0.0634922
266,-4990.5,1,0.0583721,20671.1,0.106238,18584.6,0.485479,0.303207,3.45068,0.225959,3.47111,0.111595,0.64534,-0.823553,-0.902254,-0.964121,-0.911115,0.987647,0.063439
267,-4274.27,1,0.0573261,24666.9,0.105301,22534.5,0.487319,0.295529,3.36331,0.229383,3.38322,0.111382,0.641794,-0.803562,-0.884633,-0.971454,-0.924719,0.988398,0.0633952
268,-4679.72,1,0.0568984,26846.7,0.104654,24573.4,0.488353,0.288046,3.35897,0.238779,3.2987,0.109294,0.605847,-0.773087,-0.861388,-0.971646,-0.924815,0.988112,0.0635583
269,-4969.61,2,0.0571904,29086,0.103808,25803.2,0.490695,0.280753,3.27392,0.232733,3.21517,0.107552,0.592411,-0.777044,-0.862417,-0.964711,-0.91639,0.988754,0.0634833
270,-4970.71,2,0.0563474,26796.8,0.105411,25197.7,0.490004,0.273701,3.19102,0.22684,3.13376,0.108625,0.566562,-0.76471,-0.854717,-0.960274,-0.908574,0.988092,0.0634882
271,-4976.95,2,0.056711,25204.6,0.105567,23585.2,0.488601,0.304664,3.35826,0.228799,3.3595,0.110029,0.613652,-0.799025,-0.879567,-0.960906,-0.911801,0.98887,0.0635366
272,-4987.52,2,0.0570237,28486.8,0.103719,25554.3,0.488628,0.298528,3.40669,0.232999,3.38427,0.105624,0.618437,-0.797237,-0.876264,-0.963473,-0.917097,0.989447,0.0634695
273,-4983.21,2,0.0580714,25735.9,0.10409,22413.7,0.488872,0.256384,3.25507,0.233594,3.14312,0.109223,0.584682,-0.758516,-0.844964,-0.96785,-0.924026,0.989428,0.0635847
274,-4994.61,2,0.0584663,26039.8,0.103801,22216.4,0.489608,0.254225,3.23973,0.231431,3.13071,0.10715,0.593979,-0.762942,-0.84774,-0.968873,-0.926349,0.989662,0.0635241
275,-4995.92,2,0.0570019,34792.3,0.101831,29939.2,0.491796,0.265621,3.25536,0.231708,3.1648,0.10897,0.573176,-0.754531,-0.844501,-0.966288,-0.919411,0.98866,0.0634216
276,-4992.71,2,0.0571052,32464.3,0.102234,28223.2,0.49099,0.267197,3.18035,0.228207,3.09354,0.112231,0.535316,-0.727002,-0.82809,-0.965885,-0.913946,0.986941,0.0634595
277,-4992.52,2,0.0568068,30208.7,0.103126,27064,0.490327,0.266295,3.31106,0.234515,3.21378,0.113589,0.584348,-0.75746,-0.845483,-0.969738,-0.925058,0.989054,0.0635074
278,-4990.36,2,0.0575384,22402.6,0.105694,20618.5,0.486593,0.265811,3.44094,0.247888,3.29391,0.108401,0.528353,-0.722052,-0.819032,-0.966268,-0.917547,0.98832,0.0635597
279,-4999.12,2,0.0572251,21662,0.106016,20336.6,0.487268,0.258359,3.44931,0.249216,3.27572,0.107551,0.500855,-0.705602,-0.805657,-0.964164,-0.913937,0.988235,0.063495
280,-4995.21,2,0.0574146,19983.8,0.106536,18896.5,0.486879,0.260736,3.39716,0.24505,3.22915,0.105558,0.464738,-0.685785,-0.793916,-0.960694,-0.90514,0.986976,0.0635378
281,-5010.89,2,0.0573718,16761.9,0.108234,16485.8,0.485131,0.237782,3.25938,0.24438,3.03185,0.106089,0.378196,-0.612115,-0.737509,-0.96144,-0.90217,0.985471,0.0635194
282,-5005.98,2,0.0568251,17966.1,0.107999,17871.3,0.48638,0.236984,3.15564,0.237821,2.93313,0.104095,0.335613,-0.583186,-0.719719,-0.958501,-0.893271,0.983703,0.0635123
283,-5000.23,2,0.0572607,14412.8,0.109568,14668.3,0.483664,0.249225,3.06749,0.228644,2.87979,0.106534,0.281442,-0.565816,-0.716229,-0.947982,-0.869005,0.980661,0.0635411
284,-5005.29,2,0.0576568,13393.1,0.109894,13576.3,0.483166,0.261751,3.03501,0.227828,2.86516,0.108924,0.2245,-0.540251,-0.705774,-0.939217,-0.846925,0.977443,0.0635248
285,-4999.92,2,0.0576756,14414.2,0.109016,14348,0.484346,0.268761,3.02834,0.228082,2.86903,0.107282,0.207415,-0.533449,-0.704918,-0.935741,-0.837993,0.975973,0.0635344
286,-5005.54,2,0.057557,16588.1,0.107656,16137.5,0.485032,0.267106,3.05009,0.230338,2.88546,0.106129,0.216784,-0.538626,-0.706635,-0.937266,-0.84215,0.976774,0.0635512
287,-4992.22,2,0.0574599,19252.2,0.106389,18260.3,0.485803,0.269782,3.16733,0.235163,3.0145,0.108116,0.290251,-0.590913,-0.739257,-0.941232,-0.856966,0.980107,0.0635466
288,-5004.41,2,0.0569721,21877.2,0.105453,20685.2,0.487627,0.267,3.20189,0.238457,3.04174,0.108624,0.312122,-0.601893,-0.744448,-0.944293,-0.864683,0.981268,0.0635206
289,-5012.54,2,0.0570289,23599.3,0.104572,21913.7,0.488563,0.263787,3.26754,0.244836,3.08466,0.105868,0.319588,-0.599395,-0.739251,-0.94805,-0.872613,0.98215,0.0635078
290,-5016.43,2,0.0570833,25207.2,0.104069,23034.1,0.489932,0.261953,3.169,0.241361,2.98185,0.103152,0.263935,-0.562668,-0.716248,-0.943995,-0.860477,0.979904,0.0634938
291,-5013.2,2,0.0570778,23058.4,0.104926,21465.3,0.488994,0.266053,3.09955,0.2342,2.93534,0.101583,0.24883,-0.561687,-0.720154,-0.938984,-0.849337,0.978526,0.0635226
292,-5006.34,2,0.0571843,20533.1,0.105889,19471.3,0.487695,0.262122,3.03196,0.228795,2.87391,0.101556,0.241582,-0.559919,-0.71972,-0.936935,-0.84552,0.978213,0.0635646
293,-5018.31,2,0.0579765,18284.6,0.106338,17098.1,0.486656,0.259101,3.01829,0.226011,2.87008,0.103048,0.266896,-0.58069,-0.733176,-0.937329,-0.849088,0.979382,0.0635554
294,-5009.99,2,0.0578759,19745,0.105606,18259.9,0.487649,0.254743,2.96943,0.222895,2.82671,0.10349,0.268153,-0.586308,-0.736907,-0.935282,-0.84678,0.979666,0.0635737
295,-5023.89,2,0.0576915,21136.4,0.105046,19449.4,0.48883,0.252683,2.90683,0.219134,2.76955,0.105478,0.254336,-0.579019,-0.733447,-0.933421,-0.841888,0.978884,0.0635512
296,-5000.35,2,0.0575593,20626.3,0.105313,19190.3,0.488557,0.249657,2.895,0.221144,2.73933,0.107939,0.223493,-0.552885,-0.714583,-0.933283,-0.839402,0.977985,0.0635761
297,-5010.84,2,0.0577121,20298,0.10529,18809.4,0.488262,0.247034,2.90707,0.225073,2.72968,0.109413,0.198972,-0.528338,-0.695604,-0.93458,-0.840163,0.977479,0.0635494
298,-5006.8,2,0.0574822,20554.8,0.105299,19201.1,0.48827,0.244688,2.93648,0.229022,2.74168,0.109498,0.193666,-0.517541,-0.685515,-0.937055,-0.844687,0.977749,0.0635495
299,-5009.1,2,0.056978,21182.8,0.105467,20145.6,0.488237,0.242941,2.92378,0.228394,2.73236,0.109842,0.203657,-0.524542,-0.690105,-0.937681,-0.846692,0.978141,0.0635549
300,-5019.18,2,0.0565832,22381.1,0.105304,21460.9,0.488793,0.2396,2.91818,0.228823,2.71963,0.109966,0.208085,-0.521589,-0.686476,-0.940376,-0.851684,0.978459,0.0635388
301,-5024.71,2,0.0560347,24467.5,0.104896,23658.2,0.489949,0.242637,2.92479,0.22877,2.73247,0.109332,0.212252,-0.525598,-0.690602,-0.940284,-0.850995,0.978256,0.0635139
302,-5024.3,2,0.0554653,25747.6,0.104848,25336.7,0.49075,0.244344,2.9349,0.227972,2.75304,0.108747,0.236035,-0.542941,-0.703239,-0.941678,-0.854614,0.978852,0.0635009
303,-5009.98,2,0.055078,26662.6,0.104842,26562.1,0.491253,0.24751,2.96565,0.228811,2.79453,0.108087,0.264773,-0.563109,-0.717584,-0.943537,-0.859447,0.979627,0.063517
304,-5016.28,2,0.0548205,27196.5,0.104851,27334.2,0.491384,0.249887,2.99056,0.229227,2.82747,0.107758,0.289979,-0.579249,-0.728907,-0.945751,-0.864504,0.980278,0.0635197
305,-5013.49,2,0.0546769,27640.3,0.1048,27884.8,0.49157,0.251954,3.00816,0.228294,2.85593,0.107842,0.315009,-0.597534,-0.741727,-0.946923,-0.868168,0.981002,0.0635277
306,-5008.68,2,0.0545681,26849.6,0.105173,27400.1,0.491076,0.256556,3.0562,0.229862,2.91438,0.107243,0.338812,-0.61746,-0.755613,-0.946947,-0.870259,0.981797,0.0635291
307,-5018.43,2,0.0545243,26007.5,0.105569,26779.9,0.490767,0.260505,3.08627,0.230441,2.95511,0.107724,0.356464,-0.632712,-0.766562,-0.946687,-0.871183,0.982299,0.0635003
308,-5015.71,2,0.054557,25578.1,0.105713,26382.8,0.490709,0.263891,3.10892,0.230398,2.98719,0.107502,0.369557,-0.644937,-0.775361,-0.946079,-0.871286,0.982685,0.0634853
309,-5012.51,2,0.0546115,25730.4,0.105612,26434.8,0.490744,0.26871,3.11428,0.229158,3.00748,0.107408,0.375478,-0.654146,-0.783094,-0.944274,-0.868402,0.982643,0.063483
310,-5010.35,2,0.054827,25274.8,0.105619,25779.7,0.49034,0.273331,3.14829,0.229471,3.05312,0.10749,0.395041,-0.668977,-0.793486,-0.944849,-0.870625,0.983175,0.0634894
311,-5011.59,2,0.0551627,23640.4,0.105999,24036.5,0.489544,0.275419,3.175,0.231099,3.08041,0.10676,0.399949,-0.671804,-0.795257,-0.945408,-0.871864,0.983338,0.0634907
312,-5016.29,2,0.0553833,21933,0.106529,22399.9,0.488766,0.27491,3.18944,0.2315,3.09406,0.105836,0.4112,-0.677668,-0.798562,-0.946764,-0.875145,0.983785,0.0634951
313,-5019.69,2,0.0555746,20525.5,0.107047,21051.3,0.487963,0.273715,3.19706,0.232208,3.09887,0.105086,0.416495,-0.67994,-0.799455,-0.947599,-0.877197,0.984072,0.063494
314,-5022.31,2,0.0558116,19614.6,0.10729,20068.1,0.487509,0.27083,3.20282,0.232944,3.09847,0.104296,0.424134,-0.682299,-0.799944,-0.94918,-0.880763,0.984497,0.0634904
315,-5008.69,2,0.0559973,19058,0.107455,19438.2,0.487257,0.268223,3.20806,0.233379,3.09828,0.104015,0.431847,-0.684783,-0.800619,-0.950716,-0.884193,0.984894,0.0635044
316,-5019.06,2,0.0560519,18794.2,0.107575,19173.9,0.487226,0.266706,3.20746,0.232846,3.0964,0.104189,0.438625,-0.687859,-0.802189,-0.951703,-0.886446,0.98517,0.0635046
317,-5025.84,2,0.0561098,19096.6,0.107398,19363.3,0.487305,0.266623,3.21232,0.23286,3.10121,0.104419,0.441906,-0.68986,-0.80336,-0.952005,-0.887252,0.985307,0.0634961
318,-5010.51,2,0.0562695,19275,0.107225,19355.2,0.487217,0.267412,3.21541,0.232998,3.10599,0.104505,0.443049,-0.69101,-0.804326,-0.951898,-0.887081,0.985301,0.0634942
319,-5024.07,2,0.0563562,19356.7,0.107117,19338.4,0.487278,0.267608,3.20675,0.231717,3.10213,0.104524,0.447663,-0.695089,-0.807325,-0.951723,-0.887104,0.985402,0.0634955
320,-5018.55,2,0.0563635,19396.4,0.107096,19363.5,0.487286,0.267665,3.2055,0.2314,3.10196,0.10462,0.449086,-0.696199,-0.808106,-0.951739,-0.887229,0.98544,0.063497
321,-5022.39,2,0.0563396,19505.3,0.107056,19472.6,0.48733,0.267494,3.20342,0.231014,3.10073,0.104757,0.451025,-0.697436,-0.808922,-0.951873,-0.887589,0.985497,0.0634978
322,-5008.85,2,0.0562894,19659.2,0.107022,19642.3,0.487406,0.267525,3.2032,0.230795,3.10103,0.104886,0.451721,-0.698058,-0.809349,-0.951835,-0.887603,0.985521,0.0634976
323,-5015.71,2,0.056251,19727.1,0.107017,19733.2,0.487466,0.267342,3.20184,0.230668,3.09969,0.105003,0.451999,-0.698275,-0.809474,-0.951827,-0.887639,0.985537,0.0634976
324,-5014.86,2,0.0562231,19898.7,0.106953,19896.6,0.487555,0.267385,3.2011,0.230537,3.09955,0.105139,0.452672,-0.698863,-0.809896,-0.951808,-0.887657,0.985554,0.063499
325,-5019.75,2,0.0562154,19898.9,0.106957,19904.2,0.487543,0.26705,3.19936,0.230464,3.09748,0.105244,0.452883,-0.69895,-0.809897,-0.95184,-0.887762,0.985574,0.0634993
326,-5011.45,2,0.0561916,19954.8,0.106952,19972.5,0.487575,0.266626,3.19476,0.230158,3.09283,0.105423,0.452224,-0.698753,-0.809759,-0.951693,-0.887524,0.985568,0.0635005
327,-5006.57,2,0.0561614,20044.4,0.106929,20073,0.487595,0.266512,3.19257,0.23,3.09077,0.105593,0.451874,-0.698599,-0.809676,-0.951618,-0.88739,0.985555,0.0635008
328,-5009.86,2,0.0561428,20149.3,0.106894,20175,0.487638,0.266369,3.18516,0.229551,3.08409,0.105735,0.449788,-0.69767,-0.809205,-0.951284,-0.886669,0.985471,0.0635008
329,-5018.49,2,0.0561258,20280.8,0.106844,20296.5,0.487723,0.266148,3.17745,0.22906,3.07697,0.105875,0.447813,-0.696666,-0.808673,-0.951032,-0.886064,0.985387,0.0634999
330,-5016.67,2,0.0561003,20442.8,0.106785,20450.3,0.487808,0.265907,3.17009,0.228546,3.07031,0.10599,0.446512,-0.696061,-0.808384,-0.950837,-0.885611,0.985327,0.0634985
331,-5023.18,2,0.0560562,20700.7,0.106702,20699.7,0.48794,0.265636,3.16491,0.228177,3.06517,0.106145,0.445332,-0.695256,-0.8079,-0.950768,-0.885374,0.985276,0.0634973
332,-5009.41,2,0.0560313,20879.1,0.106642,20867,0.488046,0.265221,3.15943,0.227936,3.05889,0.106289,0.44278,-0.693456,-0.806722,-0.950651,-0.88497,0.985189,0.0634983
333,-5009.45,2,0.0559863,21099.5,0.106571,21088.2,0.488184,0.264652,3.154,0.227761,3.0523,0.106406,0.440381,-0.691651,-0.805489,-0.950588,-0.884687,0.985117,0.0634992
334,-5022.76,2,0.0559433,21427,0.106444,21392.3,0.488384,0.264304,3.1505,0.227656,3.04813,0.106471,0.438944,-0.690554,-0.804742,-0.950553,-0.88452,0.985073,0.0634987
335,-5014.58,2,0.0559179,21663,0.106345,21606,0.488513,0.264042,3.14496,0.22732,3.04265,0.10657,0.437355,-0.689583,-0.804161,-0.950412,-0.884145,0.98501,0.0634996
336,-5022.58,2,0.0559048,21790.5,0.106294,21720.6,0.488612,0.263719,3.13729,0.226777,3.03547,0.106703,0.435875,-0.688771,-0.803723,-0.950245,-0.883717,0.984944,0.0635003
337,-5026.99,2,0.0558864,21864.3,0.106273,21798.6,0.48865,0.263359,3.12972,0.226251,3.02848,0.106903,0.434926,-0.688309,-0.803503,-0.950118,-0.883399,0.984897,0.0635008
338,-5008.55,2,0.0558788,21928.8,0.106252,21857.9,0.488688,0.263298,3.1228,0.225705,3.02285,0.107076,0.434213,-0.688154,-0.803571,-0.94993,-0.882969,0.984841,0.0635026
339,-5024.35,2,0.0558537,21967.5,0.106251,21915.4,0.488714,0.263032,3.11627,0.225277,3.01694,0.107188,0.433449,-0.687803,-0.803431,-0.949812,-0.882678,0.984798,0.0635034
340,-5021.97,2,0.0558338,22017.6,0.106243,21976.5,0.488749,0.262757,3.1116,0.225004,3.01255,0.10739,0.432863,-0.687576,-0.803322,-0.949706,-0.882458,0.984775,0.063503
341,-5025.31,2,0.0558233,22126.1,0.106202,22073.7,0.488793,0.262495,3.1106,0.225065,3.01102,0.107558,0.43279,-0.687321,-0.803097,-0.949794,-0.8826,0.984779,0.0635025
342,-5028.36,2,0.0558139,22174.7,0.106186,22122.2,0.48882,0.262319,3.10875,0.224945,3.00919,0.107696,0.43293,-0.687362,-0.803118,-0.949827,-0.882659,0.984783,0.0635012
343,-5028.38,2,0.0558075,22223.6,0.106166,22167.7,0.488857,0.262183,3.10539,0.224688,3.00624,0.107815,0.432857,-0.687333,-0.803146,-0.949813,-0.882598,0.984768,0.0635005
344,-5011,2,0.0558304,22288.2,0.106124,22193.9,0.48888,0.262056,3.10472,0.224594,3.0057,0.10796,0.433677,-0.687781,-0.80342,-0.949899,-0.882805,0.984796,0.0635012
345,-5017.56,2,0.0558668,22303,0.106098,22165.9,0.488887,0.261786,3.10162,0.224369,3.00248,0.108125,0.433231,-0.68744,-0.803189,-0.949885,-0.88275,0.984781,0.0635011
346,-5027.81,2,0.0558697,22397.7,0.106056,22237.5,0.488927,0.26153,3.10196,0.224491,3.00171,0.108226,0.432493,-0.686649,-0.80257,-0.949979,-0.882861,0.984773,0.0635001
347,-5021.8,2,0.0558666,22520.7,0.106006,22337.7,0.48897,0.26143,3.10322,0.224649,3.00219,0.108355,0.432074,-0.686155,-0.802174,-0.950052,-0.88296,0.98477,0.0634989
348,-5022.02,2,0.0558584,22662.8,0.105953,22458.8,0.489022,0.261206,3.1037,0.224752,3.00181,0.108448,0.431806,-0.685709,-0.80179,-0.950146,-0.883118,0.984775,0.0634972
349,-5011.55,2,0.0558566,22796.5,0.105893,22565.6,0.489091,0.261073,3.10334,0.224802,3.00104,0.108527,0.431347,-0.685345,-0.801517,-0.950137,-0.883088,0.984767,0.0634971
350,-5009.66,2,0.055844,22820.6,0.105888,22598.3,0.489084,0.26106,3.10395,0.224995,3.00103,0.108615,0.430383,-0.684577,-0.800984,-0.950133,-0.883006,0.984739,0.0634966
351,-5009.02,2,0.0558386,22739.3,0.105924,22540,0.489037,0.261094,3.10582,0.225252,3.00222,0.108725,0.429674,-0.684027,-0.800579,-0.950127,-0.882958,0.984726,0.0634971
352,-5008.6,2,0.0558493,22651.3,0.105955,22459.1,0.488983,0.261159,3.10634,0.22532,3.00271,0.108755,0.429647,-0.683966,-0.800547,-0.95014,-0.882965,0.98472,0.0634972
353,-4993.57,2,0.0558569,22557.3,0.10599,22376.6,0.488938,0.261238,3.10631,0.225348,3.00257,0.108789,0.429095,-0.683485,-0.800248,-0.950158,-0.882917,0.984692,0.063498
354,-5009.49,2,0.055866,22492.9,0.106011,22316.1,0.488907,0.261173,3.10777,0.225527,3.0034,0.108879,0.429121,-0.683213,-0.800006,-0.950282,-0.883119,0.984698,0.0634977
355,-5005.26,2,0.0558811,22478.8,0.106011,22288.7,0.488891,0.261019,3.10968,0.225788,3.00434,0.108972,0.428989,-0.682831,-0.799649,-0.95039,-0.883321,0.98471,0.063498
356,-5005,2,0.0558819,22479.5,0.106017,22288.7,0.488894,0.260925,3.11067,0.226019,3.00428,0.109052,0.427617,-0.681772,-0.798886,-0.950365,-0.883202,0.984679,0.0634984
357,-5011.9,2,0.0558904,22458.1,0.106021,22262.7,0.488888,0.260815,3.11276,0.22619,3.00555,0.109056,0.427698,-0.681537,-0.798634,-0.950491,-0.88344,0.984696,0.0634989
358,-5005.17,2,0.0558853,22486.2,0.106014,22290.7,0.488905,0.260928,3.11529,0.226378,3.00773,0.109067,0.427813,-0.681464,-0.798548,-0.950563,-0.883567,0.984703,0.0634998
359,-5010.09,2,0.0558931,22567.1,0.105975,22345.8,0.488927,0.260975,3.11757,0.226578,3.00947,0.10913,0.427649,-0.68123,-0.798346,-0.950616,-0.883648,0.984706,0.0634995
360,-5007.34,2,0.0558935,22599.7,0.105966,22371.3,0.488921,0.261163,3.11831,0.226572,3.0106,0.109162,0.427777,-0.681453,-0.798535,-0.950569,-0.883571,0.984705,0.0635002
361,-5013.64,2,0.0559066,22584.9,0.105964,22345.2,0.488904,0.261584,3.11993,0.226541,3.01318,0.109258,0.428566,-0.682118,-0.79907,-0.950559,-0.883565,0.984708,0.0634997
362,-5020.25,2,0.0559318,22559.5,0.10596,22297.6,0.488883,0.261974,3.12034,0.226408,3.01473,0.109305,0.42918,-0.682753,-0.799611,-0.950504,-0.883466,0.984703,0.0634983
363,-5011.93,2,0.0559529,22519.7,0.105964,22243.3,0.488866,0.262114,3.12109,0.226347,3.01595,0.10927,0.429879,-0.683293,-0.799998,-0.950517,-0.883528,0.984719,0.063498
364,-5011.62,2,0.0559626,22521.7,0.105956,22234,0.488856,0.262288,3.12146,0.226252,3.01691,0.109266,0.430328,-0.683779,-0.800366,-0.950461,-0.88347,0.984728,0.0634981
365,-4997.43,2,0.0559602,22570,0.10594,22274.5,0.488863,0.262404,3.12283,0.226377,3.01812,0.109253,0.430166,-0.683587,-0.800239,-0.95048,-0.88348,0.984719,0.0634987
366,-5008.05,2,0.0559508,22607.4,0.105933,22314.1,0.48887,0.262608,3.124,0.226505,3.01909,0.109269,0.429131,-0.682928,-0.799834,-0.950415,-0.883268,0.98468,0.0634999
367,-4996.97,2,0.0559509,22562,0.105949,22278.2,0.488859,0.262771,3.12118,0.226346,3.01682,0.109265,0.427457,-0.682194,-0.799478,-0.950152,-0.882677,0.984608,0.0635026
368,-5001.66,2,0.0559391,22538.4,0.105964,22272.2,0.488862,0.262647,3.11973,0.226323,3.01483,0.109283,0.426061,-0.681192,-0.798808,-0.950098,-0.882476,0.984563,0.0635034
369,-5005.7,2,0.0559318,22515.7,0.10598,22262.4,0.488858,0.262558,3.11891,0.226351,3.0134,0.10929,0.424457,-0.680155,-0.798112,-0.949991,-0.88219,0.984518,0.0635042
370,-5006.48,2,0.0559433,22505.3,0.105976,22241.6,0.488834,0.262501,3.11807,0.22643,3.01196,0.109302,0.422826,-0.679057,-0.797388,-0.949899,-0.88191,0.984466,0.0635041
371,-4995.77,2,0.0559482,22483.7,0.10598,22219.1,0.488822,0.262513,3.11874,0.22656,3.01216,0.109313,0.422029,-0.678483,-0.796993,-0.94987,-0.881805,0.984444,0.0635052
372,-5008.16,2,0.0559533,22460.3,0.105985,22195.4,0.488798,0.262415,3.11847,0.226673,3.0112,0.109279,0.420797,-0.677581,-0.796368,-0.949833,-0.881655,0.98441,0.0635058
373,-5021.32,2,0.0559529,22493.6,0.105972,22221.8,0.488806,0.262209,3.11761,0.226703,3.00972,0.109234,0.419986,-0.676963,-0.795912,-0.949814,-0.881587,0.984394,0.0635052
374,-5021.34,2,0.0559378,22579.2,0.105946,22305.4,0.488859,0.262121,3.11792,0.226785,3.00967,0.109219,0.419932,-0.676797,-0.795766,-0.949868,-0.881674,0.984397,0.0635043
375,-5023.3,2,0.0559285,22650.8,0.105923,22372,0.488911,0.26194,3.11842,0.226821,3.00975,0.10921,0.420425,-0.676931,-0.79578,-0.949984,-0.881922,0.984425,0.0635039
376,-5018.66,2,0.0559264,22740,0.105887,22444.4,0.488954,0.26181,3.11873,0.226775,3.01004,0.109227,0.421476,-0.677494,-0.796102,-0.950104,-0.882215,0.984466,0.0635039
377,-5013.9,2,0.0559193,22812,0.105859,22508.4,0.488993,0.261786,3.11855,0.226727,3.01008,0.109238,0.421817,-0.677862,-0.796345,-0.95006,-0.882197,0.984483,0.0635036
378,-5011.74,2,0.0559115,22886.4,0.105835,22575.3,0.489028,0.261684,3.11792,0.226651,3.00954,0.109245,0.422291,-0.678148,-0.79652,-0.950097,-0.882303,0.984501,0.0635034
379,-5009.47,2,0.0559089,22865.6,0.105845,22561.9,0.489027,0.261543,3.11748,0.226582,3.00908,0.109288,0.422963,-0.67849,-0.796713,-0.950182,-0.882501,0.984526,0.063504
380,-5019.86,2,0.0559114,22858.6,0.105843,22553.6,0.489027,0.261479,3.11677,0.226483,3.00855,0.10933,0.423449,-0.678747,-0.796882,-0.950241,-0.882623,0.984539,0.0635045
381,-5018.8,2,0.0559123,22870.2,0.105835,22561.8,0.489036,0.261449,3.11636,0.226415,3.00838,0.109349,0.423921,-0.679104,-0.797123,-0.950254,-0.882682,0.984554,0.0635046
382,-5014.38,2,0.0558947,22848.7,0.105852,22564.2,0.489027,0.261474,3.11614,0.226425,3.00817,0.109413,0.423604,-0.678946,-0.797033,-0.950213,-0.882589,0.984542,0.0635038
383,-5015.86,2,0.055884,22796.1,0.10588,22534.7,0.489016,0.261529,3.11576,0.226391,3.00782,0.109474,0.422966,-0.678627,-0.796849,-0.950128,-0.8824,0.98452,0.0635029
384,-5011.56,2,0.055875,22759.1,0.105904,22515.6,0.489012,0.261541,3.11547,0.226378,3.00753,0.109569,0.42267,-0.678484,-0.796767,-0.950086,-0.88231,0.984509,0.0635027
385,-5016.37,2,0.0558782,22732.9,0.105918,22491.7,0.488996,0.261618,3.11585,0.226303,3.00843,0.109639,0.423719,-0.679227,-0.797275,-0.950129,-0.882456,0.984539,0.0635026
386,-5023.24,2,0.0558682,22745.7,0.105921,22512.9,0.489011,0.261699,3.11521,0.22617,3.00837,0.109706,0.424197,-0.679677,-0.797619,-0.950105,-0.882439,0.984547,0.0635023
387,-5007.63,2,0.0558598,22811.6,0.105901,22574.1,0.489038,0.2618,3.11278,0.225907,3.00688,0.109743,0.42415,-0.679991,-0.797933,-0.949953,-0.882168,0.984531,0.0635032
388,-5025.68,2,0.0558434,22920.9,0.105866,22678.2,0.489095,0.261969,3.1123,0.225804,3.00716,0.109791,0.424577,-0.680471,-0.798322,-0.949903,-0.882091,0.984532,0.0635032
389,-5010.47,2,0.0558253,22972.8,0.105857,22739.5,0.489123,0.26215,3.1122,0.225754,3.00755,0.109821,0.42443,-0.680593,-0.798466,-0.949805,-0.881906,0.984519,0.0635035
390,-5010.91,2,0.0558166,22963.8,0.105867,22742.2,0.489129,0.262283,3.11145,0.225661,3.00736,0.109839,0.424465,-0.680772,-0.79865,-0.949742,-0.881781,0.984509,0.0635034
391,-5006.69,2,0.0558101,22955.7,0.105874,22743,0.489134,0.262221,3.10962,0.22564,3.0052,0.10985,0.422816,-0.67974,-0.797997,-0.949617,-0.881438,0.984452,0.0635037
392,-5008.44,2,0.0558029,22956.3,0.10588,22751.8,0.489139,0.262297,3.10757,0.225601,3.00303,0.10988,0.420649,-0.678513,-0.797265,-0.949396,-0.880886,0.984372,0.0635035
