id,time,observation,popPred_medianCOV,popPred,indivPred_SAEM,indWRes_SAEM
21,0,0.37951,0,0,0,5.34255
21,0.3539,0.458812,0.500017,0.500017,0.473075,-0.200789
21,0.7078,0.496688,0.508775,0.508775,0.510841,-0.199238
21,1.0617,0.516234,0.509238,0.509238,0.53657,-0.286281
21,1.4156,0.544396,0.509263,0.509263,0.554525,-0.142593
21,1.7695,0.475707,0.509265,0.509265,0.567055,-1.28596
21,2.1234,0.525211,0.509265,0.509265,0.5758,-0.712169
21,2.4773,0.629782,0.509265,0.509265,0.581904,0.67401
21,2.8312,0.521434,0.509265,0.509265,0.586163,-0.91123
21,3.1851,0.572654,0.509265,0.509265,0.589136,-0.232021
21,3.539,0.49315,0.509265,0.509265,0.59121,-1.38044
21,3.8929,0.631682,0.509265,0.509265,0.592658,0.549368
21,4.2468,0.545157,0.509265,0.509265,0.593668,-0.682923
21,4.6007,0.660973,0.509265,0.509265,0.594374,0.937553
21,4.9546,0.567624,0.509265,0.509265,0.594866,-0.383496
21,5.3085,0.567293,0.509265,0.509265,0.595209,-0.392988
21,5.6624,0.551615,0.509265,0.509265,0.595449,-0.617069
21,6.0162,0.564639,0.509265,0.509265,0.595616,-0.436082
21,6.3701,0.538207,0.509265,0.509265,0.595733,-0.809823
21,6.724,0.602325,0.509265,0.509265,0.595814,0.0916554
21,7.0779,0.531631,0.509265,0.509265,0.595871,-0.90434
21,7.4318,0.608351,0.509265,0.509265,0.595911,0.17512
21,7.7857,0.721842,0.509265,0.509265,0.595939,1.77241
21,8.1396,0.576786,0.509265,0.509265,0.595958,-0.269898
21,8.4935,0.551892,0.509265,0.509265,0.595971,-0.620526
21,8.8474,0.52948,0.509265,0.509265,0.595981,-0.936162
21,9.2013,0.56075,0.509265,0.509265,0.595987,-0.496051
21,9.5552,0.624891,0.509265,0.509265,0.595992,0.406822
21,9.9091,0.713558,0.509265,0.509265,0.595995,1.655
21,10.263,0.614182,0.509265,0.509265,0.595997,0.255995
21,10.6169,0.58006,0.509265,0.509265,0.595999,-0.22438
21,10.9708,0.621009,0.509265,0.509265,0.596,0.352068
21,11.3247,0.660908,0.509265,0.509265,0.596001,0.913728
21,11.6786,0.624099,0.509265,0.509265,0.596001,0.395547
21,12.0325,0.608044,0.509265,0.509265,0.596002,0.169523
21,12.3863,0.566183,0.509265,0.509265,0.596002,-0.419773
21,12.7402,0.5973,0.509265,0.509265,0.596002,0.0182645
21,13.0941,0.576165,0.509265,0.509265,0.596002,-0.279255
21,13.448,0.614599,0.509265,0.509265,0.596002,0.261799
21,13.8019,0.622101,0.509265,0.509265,0.596002,0.367397
21,14.1558,0.623463,0.509265,0.509265,0.596003,0.386579
21,14.5097,0.610609,0.509265,0.509265,0.596003,0.205625
21,14.8636,0.557904,0.509265,0.509265,0.596003,-0.536327
21,15.2175,0.508554,0.509265,0.509265,0.596003,-1.23106
21,15.5714,0.607307,0.509265,0.509265,0.596003,0.159135
21,15.9253,0.711913,0.509265,0.509265,0.596003,1.63173
21,16.2792,0.663961,0.509265,0.509265,0.596003,0.956688
21,16.6331,0.595202,0.509265,0.509265,0.596003,-0.0112637
21,16.987,0.557028,0.509265,0.509265,0.596003,-0.548662
21,17.3409,0.599396,0.509265,0.509265,0.596003,0.0477708
30,0,0.245638,0,0,0,3.45796
30,0.3539,0.361003,0.500017,0.500017,0.451456,-1.27335
30,0.7078,0.434441,0.508775,0.508775,0.476513,-0.592266
30,1.0617,0.530697,0.509238,0.509238,0.496332,0.483764
30,1.4156,0.460521,0.509263,0.509263,0.512011,-0.724847
30,1.7695,0.5524,0.509265,0.509265,0.524413,0.393985
30,2.1234,0.45132,0.509265,0.509265,0.534224,-1.16708
30,2.4773,0.561656,0.509265,0.509265,0.541984,0.276929
30,2.8312,0.520172,0.509265,0.509265,0.548124,-0.393495
30,3.1851,0.529795,0.509265,0.509265,0.55298,-0.326388
30,3.539,0.499976,0.509265,0.509265,0.556821,-0.800237
30,3.8929,0.503086,0.509265,0.509265,0.55986,-0.799245
30,4.2468,0.501296,0.509265,0.509265,0.562264,-0.858283
30,4.6007,0.497109,0.509265,0.509265,0.564166,-0.943984
30,4.9546,0.533381,0.509265,0.509265,0.56567,-0.454546
30,5.3085,0.502001,0.509265,0.509265,0.56686,-0.913046
30,5.6624,0.505465,0.509265,0.509265,0.567801,-0.877538
30,6.0162,0.580878,0.509265,0.509265,0.568545,0.173607
30,6.3701,0.563436,0.509265,0.509265,0.569135,-0.080221
30,6.724,0.603426,0.509265,0.509265,0.5696,0.476178
30,7.0779,0.6233,0.509265,0.509265,0.569969,0.750765
30,7.4318,0.554644,0.509265,0.509265,0.570261,-0.219847
30,7.7857,0.562023,0.509265,0.509265,0.570491,-0.119213
30,8.1396,0.620204,0.509265,0.509265,0.570674,0.697267
30,8.4935,0.524231,0.509265,0.509265,0.570818,-0.655824
30,8.8474,0.559523,0.509265,0.509265,0.570932,-0.160614
30,9.2013,0.5639,0.509265,0.509265,0.571023,-0.10027
30,9.5552,0.615604,0.509265,0.509265,0.571094,0.626597
30,9.9091,0.523768,0.509265,0.509265,0.571151,-0.667027
30,10.263,0.625721,0.509265,0.509265,0.571195,0.767587
30,10.6169,0.568568,0.509265,0.509265,0.571231,-0.0374812
30,10.9708,0.626728,0.509265,0.509265,0.571259,0.780874
30,11.3247,0.541299,0.509265,0.509265,0.571281,-0.422065
30,11.6786,0.511195,0.509265,0.509265,0.571298,-0.84611
30,12.0325,0.53778,0.509265,0.509265,0.571312,-0.472041
30,12.3863,0.558979,0.509265,0.509265,0.571323,-0.173766
30,12.7402,0.682404,0.509265,0.509265,0.571332,1.56362
30,13.0941,0.53654,0.509265,0.509265,0.571339,-0.489871
30,13.448,0.542387,0.509265,0.509265,0.571344,-0.407645
30,13.8019,0.645296,0.509265,0.509265,0.571348,1.041
30,14.1558,0.580765,0.509265,0.509265,0.571352,0.13251
30,14.5097,0.670369,0.509265,0.509265,0.571354,1.39388
30,14.8636,0.654047,0.509265,0.509265,0.571356,1.16408
30,15.2175,0.58159,0.509265,0.509265,0.571358,0.144039
30,15.5714,0.572921,0.509265,0.509265,0.571359,0.0219841
30,15.9253,0.545111,0.509265,0.509265,0.57136,-0.369531
30,16.2792,0.614084,0.509265,0.509265,0.571361,0.601423
30,16.6331,0.582265,0.509265,0.509265,0.571362,0.153489
30,16.987,0.617321,0.509265,0.509265,0.571362,0.646976
30,17.3409,0.536816,0.509265,0.509265,0.571363,-0.48633
31,0,0.321965,0,0,0,4.53246
31,0.3539,0.400769,0.500017,0.500017,0.342557,0.819479
31,0.7078,0.372533,0.508775,0.508775,0.342557,0.421983
31,1.0617,0.332013,0.509238,0.509238,0.342557,-0.148445
31,1.4156,0.32873,0.509263,0.509263,0.342557,-0.194659
31,1.7695,0.424917,0.509265,0.509265,0.342557,1.15941
31,2.1234,0.317416,0.509265,0.509265,0.342557,-0.353923
31,2.4773,0.332809,0.509265,0.509265,0.342557,-0.137231
31,2.8312,0.341996,0.509265,0.509265,0.342557,-0.00790009
31,3.1851,0.360575,0.509265,0.509265,0.342557,0.253638
31,3.539,0.335063,0.509265,0.509265,0.342557,-0.105503
31,3.8929,0.363456,0.509265,0.509265,0.342557,0.294198
31,4.2468,0.422311,0.509265,0.509265,0.342557,1.12273
31,4.6007,0.380148,0.509265,0.509265,0.342557,0.52918
31,4.9546,0.325436,0.509265,0.509265,0.342557,-0.241031
31,5.3085,0.389014,0.509265,0.509265,0.342557,0.653997
31,5.6624,0.332878,0.509265,0.509265,0.342557,-0.136262
31,6.0162,0.328509,0.509265,0.509265,0.342557,-0.197762
31,6.3701,0.306295,0.509265,0.509265,0.342557,-0.510491
31,6.724,0.336334,0.509265,0.509265,0.342557,-0.0876173
31,7.0779,0.331116,0.509265,0.509265,0.342557,-0.16107
31,7.4318,0.333212,0.509265,0.509265,0.342557,-0.131554
31,7.7857,0.39802,0.509265,0.509265,0.342557,0.78078
31,8.1396,0.328604,0.509265,0.509265,0.342557,-0.196433
31,8.4935,0.329431,0.509265,0.509265,0.342557,-0.184792
31,8.8474,0.274046,0.509265,0.509265,0.342557,-0.964476
31,9.2013,0.290062,0.509265,0.509265,0.342557,-0.739005
31,9.5552,0.337782,0.509265,0.509265,0.342557,-0.0672305
31,9.9091,0.321363,0.509265,0.509265,0.342557,-0.298367
31,10.263,0.320897,0.509265,0.509265,0.342557,-0.304925
31,10.6169,0.277288,0.509265,0.509265,0.342557,-0.918837
31,10.9708,0.321115,0.509265,0.509265,0.342557,-0.301854
31,11.3247,0.398082,0.509265,0.509265,0.342557,0.781653
31,11.6786,0.307707,0.509265,0.509265,0.342557,-0.490605
31,12.0325,0.298192,0.509265,0.509265,0.342557,-0.62455
31,12.3863,0.337365,0.509265,0.509265,0.342557,-0.0730968
31,12.7402,0.327272,0.509265,0.509265,0.342557,-0.21518
31,13.0941,0.303162,0.509265,0.509265,0.342557,-0.554591
31,13.448,0.298681,0.509265,0.509265,0.342557,-0.617676
31,13.8019,0.272884,0.509265,0.509265,0.342557,-0.98083
31,14.1558,0.312825,0.509265,0.509265,0.342557,-0.418559
31,14.5097,0.294967,0.509265,0.509265,0.342557,-0.669962
31,14.8636,0.395391,0.509265,0.509265,0.342557,0.743771
31,15.2175,0.377958,0.509265,0.509265,0.342557,0.498348
31,15.5714,0.280829,0.509265,0.509265,0.342557,-0.868976
31,15.9253,0.252944,0.509265,0.509265,0.342557,-1.26154
31,16.2792,0.314898,0.509265,0.509265,0.342557,-0.389378
31,16.6331,0.279641,0.509265,0.509265,0.342557,-0.885706
31,16.987,0.357897,0.509265,0.509265,0.342557,0.21594
31,17.3409,0.350057,0.509265,0.509265,0.342557,0.105572
32,0,0.406006,0,0,0,5.71555
32,0.3539,0.414053,0.500017,0.500017,0.503249,-1.25566
32,0.7078,0.540339,0.508775,0.508775,0.506648,0.474285
32,1.0617,0.543244,0.509238,0.509238,0.506686,0.514635
32,1.4156,0.492397,0.509263,0.509263,0.506687,-0.201167
32,1.7695,0.539296,0.509265,0.509265,0.506687,0.459055
32,2.1234,0.546745,0.509265,0.509265,0.506687,0.563913
32,2.4773,0.558564,0.509265,0.509265,0.506687,0.7303
32,2.8312,0.428217,0.509265,0.509265,0.506687,-1.10465
32,3.1851,0.459235,0.509265,0.509265,0.506687,-0.667997
32,3.539,0.585513,0.509265,0.509265,0.506687,1.10967
32,3.8929,0.535423,0.509265,0.509265,0.506687,0.404529
32,4.2468,0.424249,0.509265,0.509265,0.506687,-1.16052
32,4.6007,0.548235,0.509265,0.509265,0.506687,0.584888
32,4.9546,0.494828,0.509265,0.509265,0.506687,-0.166939
32,5.3085,0.538728,0.509265,0.509265,0.506687,0.451055
32,5.6624,0.493424,0.509265,0.509265,0.506687,-0.186701
32,6.0162,0.640197,0.509265,0.509265,0.506687,1.87949
32,6.3701,0.563568,0.509265,0.509265,0.506687,0.800747
32,6.724,0.594536,0.509265,0.509265,0.506687,1.2367
32,7.0779,0.504233,0.509265,0.509265,0.506687,-0.0345446
32,7.4318,0.551757,0.509265,0.509265,0.506687,0.634475
32,7.7857,0.530404,0.509265,0.509265,0.506687,0.333877
32,8.1396,0.533425,0.509265,0.509265,0.506687,0.376409
32,8.4935,0.516316,0.509265,0.509265,0.506687,0.135552
32,8.8474,0.510916,0.509265,0.509265,0.506687,0.0595352
32,9.2013,0.510064,0.509265,0.509265,0.506687,0.0475447
32,9.5552,0.484557,0.509265,0.509265,0.506687,-0.311533
32,9.9091,0.417131,0.509265,0.509265,0.506687,-1.26073
32,10.263,0.514285,0.509265,0.509265,0.506687,0.106959
32,10.6169,0.517728,0.509265,0.509265,0.506687,0.155431
32,10.9708,0.516358,0.509265,0.509265,0.506687,0.136142
32,11.3247,0.491933,0.509265,0.509265,0.506687,-0.2077
32,11.6786,0.476308,0.509265,0.509265,0.506687,-0.427653
32,12.0325,0.46046,0.509265,0.509265,0.506687,-0.650762
32,12.3863,0.496896,0.509265,0.509265,0.506687,-0.137827
32,12.7402,0.452572,0.509265,0.509265,0.506687,-0.7618
32,13.0941,0.548483,0.509265,0.509265,0.506687,0.588381
32,13.448,0.385951,0.509265,0.509265,0.506687,-1.69966
32,13.8019,0.502474,0.509265,0.509265,0.506687,-0.0593115
32,14.1558,0.509021,0.509265,0.509265,0.506687,0.0328633
32,14.5097,0.513182,0.509265,0.509265,0.506687,0.0914317
32,14.8636,0.493862,0.509265,0.509265,0.506687,-0.180535
32,15.2175,0.482927,0.509265,0.509265,0.506687,-0.334474
32,15.5714,0.446977,0.509265,0.509265,0.506687,-0.840565
32,15.9253,0.539872,0.509265,0.509265,0.506687,0.46717
32,16.2792,0.553612,0.509265,0.509265,0.506687,0.660596
32,16.6331,0.537371,0.509265,0.509265,0.506687,0.431962
32,16.987,0.463456,0.509265,0.509265,0.506687,-0.608582
32,17.3409,0.487236,0.509265,0.509265,0.506687,-0.273813
33,0,0.424911,0,0,0,5.98169
33,0.3539,0.490144,0.500017,0.500017,0.508179,-0.253877
33,0.7078,0.503871,0.508775,0.508775,0.54554,-0.586596
33,1.0617,0.549933,0.509238,0.509238,0.554535,-0.0647855
33,1.4156,0.505957,0.509263,0.509263,0.556873,-0.71677
33,1.7695,0.494968,0.509265,0.509265,0.557482,-0.88005
33,2.1234,0.514168,0.509265,0.509265,0.557641,-0.611998
33,2.4773,0.615084,0.509265,0.509265,0.557683,0.808071
33,2.8312,0.549732,0.509265,0.509265,0.557693,-0.112072
33,3.1851,0.534916,0.509265,0.509265,0.557696,-0.320688
33,3.539,0.637335,0.509265,0.509265,0.557697,1.1211
33,3.8929,0.579762,0.509265,0.509265,0.557697,0.310619
33,4.2468,0.499453,0.509265,0.509265,0.557697,-0.819934
33,4.6007,0.475465,0.509265,0.509265,0.557697,-1.15762
33,4.9546,0.575202,0.509265,0.509265,0.557697,0.246423
33,5.3085,0.630558,0.509265,0.509265,0.557697,1.02569
33,5.6624,0.478885,0.509265,0.509265,0.557697,-1.10948
33,6.0162,0.609836,0.509265,0.509265,0.557697,0.733984
33,6.3701,0.471124,0.509265,0.509265,0.557697,-1.21873
33,6.724,0.508995,0.509265,0.509265,0.557697,-0.685599
33,7.0779,0.51328,0.509265,0.509265,0.557697,-0.625278
33,7.4318,0.609902,0.509265,0.509265,0.557697,0.73491
33,7.7857,0.538405,0.509265,0.509265,0.557697,-0.271583
33,8.1396,0.545446,0.509265,0.509265,0.557697,-0.17246
33,8.4935,0.540491,0.509265,0.509265,0.557697,-0.242225
33,8.8474,0.540714,0.509265,0.509265,0.557697,-0.239086
33,9.2013,0.603403,0.509265,0.509265,0.557697,0.643423
33,9.5552,0.72793,0.509265,0.509265,0.557697,2.39646
33,9.9091,0.618736,0.509265,0.509265,0.557697,0.859275
33,10.263,0.603842,0.509265,0.509265,0.557697,0.649605
33,10.6169,0.596249,0.509265,0.509265,0.557697,0.542712
33,10.9708,0.570344,0.509265,0.509265,0.557697,0.17804
33,11.3247,0.510388,0.509265,0.509265,0.557697,-0.665999
33,11.6786,0.561271,0.509265,0.509265,0.557697,0.0503139
33,12.0325,0.548101,0.509265,0.509265,0.557697,-0.13509
33,12.3863,0.578025,0.509265,0.509265,0.557697,0.286164
33,12.7402,0.650065,0.509265,0.509265,0.557697,1.30031
33,13.0941,0.562296,0.509265,0.509265,0.557697,0.0647436
33,13.448,0.614171,0.509265,0.509265,0.557697,0.795013
33,13.8019,0.588816,0.509265,0.509265,0.557697,0.438076
33,14.1558,0.558335,0.509265,0.509265,0.557697,0.00897489
33,14.5097,0.576606,0.509265,0.509265,0.557697,0.266193
33,14.8636,0.441196,0.509265,0.509265,0.557697,-1.64005
33,15.2175,0.509517,0.509265,0.509265,0.557697,-0.678258
33,15.5714,0.584583,0.509265,0.509265,0.557697,0.378487
33,15.9253,0.578902,0.509265,0.509265,0.557697,0.298512
33,16.2792,0.570168,0.509265,0.509265,0.557697,0.175556
33,16.6331,0.488306,0.509265,0.509265,0.557697,-0.976856
33,16.987,0.576601,0.509265,0.509265,0.557697,0.266123
33,17.3409,0.580685,0.509265,0.509265,0.557697,0.323611
34,0,0.278637,0,0,0,3.92251
34,0.3539,0.36488,0.500017,0.500017,0.411812,-0.660697
34,0.7078,0.406189,0.508775,0.508775,0.411813,-0.0791781
34,1.0617,0.368729,0.509238,0.509238,0.411813,-0.606513
34,1.4156,0.475113,0.509263,0.509263,0.411813,0.891106
34,1.7695,0.44133,0.509265,0.509265,0.411813,0.415526
34,2.1234,0.431468,0.509265,0.509265,0.411813,0.276698
34,2.4773,0.421275,0.509265,0.509265,0.411813,0.133195
34,2.8312,0.373677,0.509265,0.509265,0.411813,-0.536867
34,3.1851,0.395448,0.509265,0.509265,0.411813,-0.230378
34,3.539,0.434903,0.509265,0.509265,0.411813,0.325051
34,3.8929,0.46271,0.509265,0.509265,0.411813,0.716504
34,4.2468,0.396898,0.509265,0.509265,0.411813,-0.209962
34,4.6007,0.382806,0.509265,0.509265,0.411813,-0.408351
34,4.9546,0.453045,0.509265,0.509265,0.411813,0.580441
34,5.3085,0.512771,0.509265,0.509265,0.411813,1.42123
34,5.6624,0.458625,0.509265,0.509265,0.411813,0.659002
34,6.0162,0.433375,0.509265,0.509265,0.411813,0.303537
34,6.3701,0.331658,0.509265,0.509265,0.411813,-1.12839
34,6.724,0.524121,0.509265,0.509265,0.411813,1.58102
34,7.0779,0.403107,0.509265,0.509265,0.411813,-0.122565
34,7.4318,0.359899,0.509265,0.509265,0.411813,-0.730816
34,7.7857,0.414787,0.509265,0.509265,0.411813,0.0418665
34,8.1396,0.441779,0.509265,0.509265,0.411813,0.421844
34,8.4935,0.475266,0.509265,0.509265,0.411813,0.893266
34,8.8474,0.33254,0.509265,0.509265,0.411813,-1.11597
34,9.2013,0.432568,0.509265,0.509265,0.411813,0.292176
34,9.5552,0.373935,0.509265,0.509265,0.411813,-0.533222
34,9.9091,0.408788,0.509265,0.509265,0.411813,-0.0425835
34,10.263,0.366603,0.509265,0.509265,0.411813,-0.63644
34,10.6169,0.382244,0.509265,0.509265,0.411813,-0.416253
34,10.9708,0.41262,0.509265,0.509265,0.411813,0.0113552
34,11.3247,0.416473,0.509265,0.509265,0.411813,0.0656064
34,11.6786,0.439318,0.509265,0.509265,0.411813,0.387205
34,12.0325,0.381835,0.509265,0.509265,0.411813,-0.422015
34,12.3863,0.329441,0.509265,0.509265,0.411813,-1.15959
34,12.7402,0.408658,0.509265,0.509265,0.411813,-0.0444145
34,13.0941,0.361314,0.509265,0.509265,0.411813,-0.710907
34,13.448,0.41204,0.509265,0.509265,0.411813,0.00319976
34,13.8019,0.435036,0.509265,0.509265,0.411813,0.326921
34,14.1558,0.472918,0.509265,0.509265,0.411813,0.860209
34,14.5097,0.330247,0.509265,0.509265,0.411813,-1.14824
34,14.8636,0.430828,0.509265,0.509265,0.411813,0.267677
34,15.2175,0.387426,0.509265,0.509265,0.411813,-0.343308
34,15.5714,0.486349,0.509265,0.509265,0.411813,1.04928
34,15.9253,0.461205,0.509265,0.509265,0.411813,0.695322
34,16.2792,0.401499,0.509265,0.509265,0.411813,-0.145196
34,16.6331,0.432944,0.509265,0.509265,0.411813,0.297473
34,16.987,0.341711,0.509265,0.509265,0.411813,-0.986868
34,17.3409,0.484551,0.509265,0.509265,0.411813,1.02397
35,0,0.317732,0,0,0,4.47287
35,0.3539,0.422056,0.500017,0.500017,0.521305,-1.39717
35,0.7078,0.557206,0.508775,0.508775,0.557806,-0.00844156
35,1.0617,0.502514,0.509238,0.509238,0.562994,-0.851416
35,1.4156,0.586397,0.509263,0.509263,0.563894,0.31679
35,1.7695,0.579621,0.509265,0.509265,0.564055,0.219128
35,2.1234,0.474191,0.509265,0.509265,0.564084,-1.26547
35,2.4773,0.572572,0.509265,0.509265,0.564089,0.119416
35,2.8312,0.523815,0.509265,0.509265,0.56409,-0.56697
35,3.1851,0.62065,0.509265,0.509265,0.56409,0.796226
35,3.539,0.478335,0.509265,0.509265,0.56409,-1.20722
35,3.8929,0.582071,0.509265,0.509265,0.56409,0.25312
35,4.2468,0.650199,0.509265,0.509265,0.56409,1.2122
35,4.6007,0.557725,0.509265,0.509265,0.56409,-0.0896042
35,4.9546,0.635726,0.509265,0.509265,0.56409,1.00845
35,5.3085,0.542308,0.509265,0.509265,0.56409,-0.306644
35,5.6624,0.507575,0.509265,0.509265,0.56409,-0.795599
35,6.0162,0.630406,0.509265,0.509265,0.56409,0.933564
35,6.3701,0.556866,0.509265,0.509265,0.56409,-0.101702
35,6.724,0.499865,0.509265,0.509265,0.56409,-0.904133
35,7.0779,0.577879,0.509265,0.509265,0.56409,0.194111
35,7.4318,0.513126,0.509265,0.509265,0.56409,-0.717451
35,7.7857,0.528567,0.509265,0.509265,0.56409,-0.500085
35,8.1396,0.542219,0.509265,0.509265,0.56409,-0.307888
35,8.4935,0.529792,0.509265,0.509265,0.56409,-0.482834
35,8.8474,0.649048,0.509265,0.509265,0.56409,1.196
35,9.2013,0.515454,0.509265,0.509265,0.56409,-0.684679
35,9.5552,0.560999,0.509265,0.509265,0.56409,-0.043524
35,9.9091,0.613549,0.509265,0.509265,0.56409,0.69625
35,10.263,0.60328,0.509265,0.509265,0.56409,0.5517
35,10.6169,0.646748,0.509265,0.509265,0.56409,1.16361
35,10.9708,0.521664,0.509265,0.509265,0.56409,-0.597262
35,11.3247,0.667157,0.509265,0.509265,0.56409,1.45092
35,11.6786,0.630875,0.509265,0.509265,0.56409,0.940168
35,12.0325,0.562603,0.509265,0.509265,0.56409,-0.0209306
35,12.3863,0.585534,0.509265,0.509265,0.56409,0.301869
35,12.7402,0.687768,0.509265,0.509265,0.56409,1.74108
35,13.0941,0.569542,0.509265,0.509265,0.56409,0.0767494
35,13.448,0.511425,0.509265,0.509265,0.56409,-0.741401
35,13.8019,0.509199,0.509265,0.509265,0.56409,-0.772726
35,14.1558,0.47102,0.509265,0.509265,0.56409,-1.3102
35,14.5097,0.447627,0.509265,0.509265,0.56409,-1.63951
35,14.8636,0.555002,0.509265,0.509265,0.56409,-0.127941
35,15.2175,0.530258,0.509265,0.509265,0.56409,-0.476273
35,15.5714,0.648014,0.509265,0.509265,0.56409,1.18144
35,15.9253,0.630028,0.509265,0.509265,0.56409,0.928233
35,16.2792,0.655006,0.509265,0.509265,0.56409,1.27986
35,16.6331,0.573837,0.509265,0.509265,0.56409,0.137204
35,16.987,0.594544,0.509265,0.509265,0.56409,0.42871
35,17.3409,0.541737,0.509265,0.509265,0.56409,-0.31468
36,0,0.353481,0,0,0,4.97613
36,0.3539,0.407079,0.500017,0.500017,0.50911,-1.43633
36,0.7078,0.52065,0.508775,0.508775,0.52792,-0.102349
36,1.0617,0.454684,0.509238,0.509238,0.530003,-1.0603
36,1.4156,0.540962,0.509263,0.509263,0.530247,0.150839
36,1.7695,0.512998,0.509265,0.509265,0.530276,-0.243231
36,2.1234,0.558381,0.509265,0.509265,0.530279,0.395607
36,2.4773,0.452596,0.509265,0.509265,0.53028,-1.09359
36,2.8312,0.52203,0.509265,0.509265,0.53028,-0.11614
36,3.1851,0.467075,0.509265,0.509265,0.53028,-0.889759
36,3.539,0.517769,0.509265,0.509265,0.53028,-0.176116
36,3.8929,0.622672,0.509265,0.509265,0.53028,1.30066
36,4.2468,0.569421,0.509265,0.509265,0.53028,0.551009
36,4.6007,0.547159,0.509265,0.509265,0.53028,0.237613
36,4.9546,0.53049,0.509265,0.509265,0.53028,0.00295527
36,5.3085,0.530303,0.509265,0.509265,0.53028,0.000325137
36,5.6624,0.551797,0.509265,0.509265,0.53028,0.302906
36,6.0162,0.535427,0.509265,0.509265,0.53028,0.072466
36,6.3701,0.557273,0.509265,0.509265,0.53028,0.379998
36,6.724,0.50607,0.509265,0.509265,0.53028,-0.340811
36,7.0779,0.601382,0.509265,0.509265,0.53028,1.00094
36,7.4318,0.467832,0.509265,0.509265,0.53028,-0.879112
36,7.7857,0.508087,0.509265,0.509265,0.53028,-0.312417
36,8.1396,0.516065,0.509265,0.509265,0.53028,-0.200111
36,8.4935,0.554329,0.509265,0.509265,0.53028,0.338549
36,8.8474,0.501919,0.509265,0.509265,0.53028,-0.39925
36,9.2013,0.607115,0.509265,0.509265,0.53028,1.08165
36,9.5552,0.591327,0.509265,0.509265,0.53028,0.859392
36,9.9091,0.513544,0.509265,0.509265,0.53028,-0.235593
36,10.263,0.578317,0.509265,0.509265,0.53028,0.67624
36,10.6169,0.4477,0.509265,0.509265,0.53028,-1.16252
36,10.9708,0.563271,0.509265,0.509265,0.53028,0.464439
36,11.3247,0.580155,0.509265,0.509265,0.53028,0.702117
36,11.6786,0.570335,0.509265,0.509265,0.53028,0.563877
36,12.0325,0.535906,0.509265,0.509265,0.53028,0.0792021
36,12.3863,0.556012,0.509265,0.509265,0.53028,0.362246
36,12.7402,0.521515,0.509265,0.509265,0.53028,-0.123381
36,13.0941,0.564033,0.509265,0.509265,0.53028,0.475164
36,13.448,0.531604,0.509265,0.509265,0.53028,0.0186444
36,13.8019,0.504352,0.509265,0.509265,0.53028,-0.364999
36,14.1558,0.558607,0.509265,0.509265,0.53028,0.398782
36,14.5097,0.51958,0.509265,0.509265,0.53028,-0.150627
36,14.8636,0.540009,0.509265,0.509265,0.53028,0.136965
36,15.2175,0.545789,0.509265,0.509265,0.53028,0.218328
36,15.5714,0.540948,0.509265,0.509265,0.53028,0.150184
36,15.9253,0.645784,0.509265,0.509265,0.53028,1.62601
36,16.2792,0.554446,0.509265,0.509265,0.53028,0.340205
36,16.6331,0.505112,0.509265,0.509265,0.53028,-0.354294
36,16.987,0.493342,0.509265,0.509265,0.53028,-0.519984
36,17.3409,0.482233,0.509265,0.509265,0.53028,-0.67637
37,0,0.483513,0,0,0,6.80665
37,0.3539,0.490156,0.500017,0.500017,0.476138,0.197352
37,0.7078,0.575152,0.508775,0.508775,0.596872,-0.305756
37,1.0617,0.715132,0.509238,0.509238,0.628661,1.2173
37,1.4156,0.550105,0.509263,0.509263,0.637362,-1.22836
37,1.7695,0.634727,0.509265,0.509265,0.639832,-0.0718724
37,2.1234,0.637146,0.509265,0.509265,0.640557,-0.0480183
37,2.4773,0.648222,0.509265,0.509265,0.640776,0.104825
37,2.8312,0.787139,0.509265,0.509265,0.640843,2.05948
37,3.1851,0.687924,0.509265,0.509265,0.640864,0.662488
37,3.539,0.672332,0.509265,0.509265,0.640871,0.442897
37,3.8929,0.704123,0.509265,0.509265,0.640873,0.890394
37,4.2468,0.657791,0.509265,0.509265,0.640874,0.238154
37,4.6007,0.633567,0.509265,0.509265,0.640874,-0.102864
37,4.9546,0.706787,0.509265,0.509265,0.640874,0.927892
37,5.3085,0.66517,0.509265,0.509265,0.640874,0.34203
37,5.6624,0.556792,0.509265,0.509265,0.640874,-1.18367
37,6.0162,0.588693,0.509265,0.509265,0.640874,-0.734578
37,6.3701,0.583676,0.509265,0.509265,0.640874,-0.805202
37,6.724,0.690749,0.509265,0.509265,0.640874,0.702119
37,7.0779,0.628995,0.509265,0.509265,0.640874,-0.167232
37,7.4318,0.606117,0.509265,0.509265,0.640874,-0.489294
37,7.7857,0.617206,0.509265,0.509265,0.640874,-0.333194
37,8.1396,0.576409,0.509265,0.509265,0.640874,-0.907514
37,8.4935,0.658191,0.509265,0.509265,0.640874,0.243773
37,8.8474,0.592094,0.509265,0.509265,0.640874,-0.68671
37,9.2013,0.695554,0.509265,0.509265,0.640874,0.76975
37,9.5552,0.719735,0.509265,0.509265,0.640874,1.11017
37,9.9091,0.616591,0.509265,0.509265,0.640874,-0.341842
37,10.263,0.750008,0.509265,0.509265,0.640874,1.53634
37,10.6169,0.640113,0.509265,0.509265,0.640874,-0.0107188
37,10.9708,0.724152,0.509265,0.509265,0.640874,1.17234
37,11.3247,0.599925,0.509265,0.509265,0.640874,-0.576465
37,11.6786,0.599808,0.509265,0.509265,0.640874,-0.578109
37,12.0325,0.643054,0.509265,0.509265,0.640874,0.0306854
37,12.3863,0.763967,0.509265,0.509265,0.640874,1.73284
37,12.7402,0.634541,0.509265,0.509265,0.640874,-0.0891486
37,13.0941,0.616371,0.509265,0.509265,0.640874,-0.344937
37,13.448,0.651874,0.509265,0.509265,0.640874,0.154845
37,13.8019,0.614945,0.509265,0.509265,0.640874,-0.365016
37,14.1558,0.638387,0.509265,0.509265,0.640874,-0.0350168
37,14.5097,0.619441,0.509265,0.509265,0.640874,-0.30173
37,14.8636,0.629484,0.509265,0.509265,0.640874,-0.160339
37,15.2175,0.681885,0.509265,0.509265,0.640874,0.577336
37,15.5714,0.641253,0.509265,0.509265,0.640874,0.00533441
37,15.9253,0.612912,0.509265,0.509265,0.640874,-0.393631
37,16.2792,0.574796,0.509265,0.509265,0.640874,-0.930221
37,16.6331,0.614094,0.509265,0.509265,0.640874,-0.376992
37,16.987,0.543039,0.509265,0.509265,0.640874,-1.37728
37,17.3409,0.659982,0.509265,0.509265,0.640874,0.268995
38,0,0.378132,0,0,0,5.32316
38,0.3539,0.407155,0.500017,0.500017,0.478459,-1.00378
38,0.7078,0.473188,0.508775,0.508775,0.504302,-0.438004
38,1.0617,0.480302,0.509238,0.509238,0.509874,-0.416311
38,1.4156,0.449082,0.509263,0.509263,0.511077,-0.872728
38,1.7695,0.503037,0.509265,0.509265,0.511336,-0.116832
38,2.1234,0.567632,0.509265,0.509265,0.511392,0.791723
38,2.4773,0.479045,0.509265,0.509265,0.511404,-0.455532
38,2.8312,0.51913,0.509265,0.509265,0.511407,0.108721
38,3.1851,0.556198,0.509265,0.509265,0.511407,0.630535
38,3.539,0.43386,0.509265,0.509265,0.511408,-1.09167
38,3.8929,0.508662,0.509265,0.509265,0.511408,-0.0386438
38,4.2468,0.505684,0.509265,0.509265,0.511408,-0.08057
38,4.6007,0.606399,0.509265,0.509265,0.511408,1.33725
38,4.9546,0.470238,0.509265,0.509265,0.511408,-0.579565
38,5.3085,0.535738,0.509265,0.509265,0.511408,0.342515
38,5.6624,0.578742,0.509265,0.509265,0.511408,0.947908
38,6.0162,0.502843,0.509265,0.509265,0.511408,-0.120565
38,6.3701,0.459044,0.509265,0.509265,0.511408,-0.73715
38,6.724,0.510946,0.509265,0.509265,0.511408,-0.0064967
38,7.0779,0.467162,0.509265,0.509265,0.511408,-0.622872
38,7.4318,0.555529,0.509265,0.509265,0.511408,0.621115
38,7.7857,0.539753,0.509265,0.509265,0.511408,0.399034
38,8.1396,0.601057,0.509265,0.509265,0.511408,1.26204
38,8.4935,0.461204,0.509265,0.509265,0.511408,-0.706748
38,8.8474,0.565169,0.509265,0.509265,0.511408,0.75683
38,9.2013,0.588438,0.509265,0.509265,0.511408,1.08439
38,9.5552,0.586974,0.509265,0.509265,0.511408,1.06379
38,9.9091,0.449958,0.509265,0.509265,0.511408,-0.865053
38,10.263,0.537126,0.509265,0.509265,0.511408,0.362053
38,10.6169,0.486296,0.509265,0.509265,0.511408,-0.353506
38,10.9708,0.434877,0.509265,0.509265,0.511408,-1.07736
38,11.3247,0.47436,0.509265,0.509265,0.511408,-0.521535
38,11.6786,0.54785,0.509265,0.509265,0.511408,0.51302
38,12.0325,0.468135,0.509265,0.509265,0.511408,-0.609163
38,12.3863,0.440704,0.509265,0.509265,0.511408,-0.995326
38,12.7402,0.576194,0.509265,0.509265,0.511408,0.91203
38,13.0941,0.453161,0.509265,0.509265,0.511408,-0.819965
38,13.448,0.565335,0.509265,0.509265,0.511408,0.759163
38,13.8019,0.614169,0.509265,0.509265,0.511408,1.44663
38,14.1558,0.509184,0.509265,0.509265,0.511408,-0.0313045
38,14.5097,0.447146,0.509265,0.509265,0.511408,-0.904648
38,14.8636,0.534414,0.509265,0.509265,0.511408,0.323871
38,15.2175,0.447514,0.509265,0.509265,0.511408,-0.899455
38,15.5714,0.573061,0.509265,0.509265,0.511408,0.867927
38,15.9253,0.532697,0.509265,0.509265,0.511408,0.299697
38,16.2792,0.545241,0.509265,0.509265,0.511408,0.476293
38,16.6331,0.501186,0.509265,0.509265,0.511408,-0.143894
38,16.987,0.483985,0.509265,0.509265,0.511408,-0.386047
38,17.3409,0.555032,0.509265,0.509265,0.511408,0.614124
39,0,0.36518,0,0,0,5.14083
39,0.3539,0.451593,0.500017,0.500017,0.460683,-0.127961
39,0.7078,0.424116,0.508775,0.508775,0.461056,-0.520031
39,1.0617,0.451136,0.509238,0.509238,0.461057,-0.139665
39,1.4156,0.387146,0.509263,0.509263,0.461057,-1.04048
39,1.7695,0.470367,0.509265,0.509265,0.461057,0.131059
39,2.1234,0.511536,0.509265,0.509265,0.461057,0.71062
39,2.4773,0.480666,0.509265,0.509265,0.461057,0.276044
39,2.8312,0.4589,0.509265,0.509265,0.461057,-0.0303713
39,3.1851,0.41329,0.509265,0.509265,0.461057,-0.67244
39,3.539,0.479575,0.509265,0.509265,0.461057,0.260683
39,3.8929,0.449826,0.509265,0.509265,0.461057,-0.158112
39,4.2468,0.468681,0.509265,0.509265,0.461057,0.107321
39,4.6007,0.505695,0.509265,0.509265,0.461057,0.62839
39,4.9546,0.499005,0.509265,0.509265,0.461057,0.534211
39,5.3085,0.51675,0.509265,0.509265,0.461057,0.784014
39,5.6624,0.493566,0.509265,0.509265,0.461057,0.457649
39,6.0162,0.539859,0.509265,0.509265,0.461057,1.10933
39,6.3701,0.5368,0.509265,0.509265,0.461057,1.06627
39,6.724,0.494693,0.509265,0.509265,0.461057,0.47351
39,7.0779,0.469982,0.509265,0.509265,0.461057,0.125644
39,7.4318,0.500343,0.509265,0.509265,0.461057,0.553053
39,7.7857,0.5029,0.509265,0.509265,0.461057,0.589036
39,8.1396,0.457262,0.509265,0.509265,0.461057,-0.053429
39,8.4935,0.490548,0.509265,0.509265,0.461057,0.415155
39,8.8474,0.449094,0.509265,0.509265,0.461057,-0.168408
39,9.2013,0.501517,0.509265,0.509265,0.461057,0.569573
39,9.5552,0.538233,0.509265,0.509265,0.461057,1.08644
39,9.9091,0.439751,0.509265,0.509265,0.461057,-0.299942
39,10.263,0.431439,0.509265,0.509265,0.461057,-0.416947
39,10.6169,0.382868,0.509265,0.509265,0.461057,-1.10071
39,10.9708,0.454689,0.509265,0.509265,0.461057,-0.0896418
39,11.3247,0.402653,0.509265,0.509265,0.461057,-0.822183
39,11.6786,0.424665,0.509265,0.509265,0.461057,-0.512309
39,12.0325,0.429894,0.509265,0.509265,0.461057,-0.438704
39,12.3863,0.465728,0.509265,0.509265,0.461057,0.0657492
39,12.7402,0.443395,0.509265,0.509265,0.461057,-0.248641
39,13.0941,0.472778,0.509265,0.509265,0.461057,0.165005
39,13.448,0.46341,0.509265,0.509265,0.461057,0.0331198
39,13.8019,0.458382,0.509265,0.509265,0.461057,-0.037655
39,14.1558,0.408038,0.509265,0.509265,0.461057,-0.746374
39,14.5097,0.45654,0.509265,0.509265,0.461057,-0.06359
39,14.8636,0.449426,0.509265,0.509265,0.461057,-0.163743
39,15.2175,0.469354,0.509265,0.509265,0.461057,0.116798
39,15.5714,0.412461,0.509265,0.509265,0.461057,-0.68411
39,15.9253,0.505057,0.509265,0.509265,0.461057,0.619404
39,16.2792,0.430365,0.509265,0.509265,0.461057,-0.432072
39,16.6331,0.474257,0.509265,0.509265,0.461057,0.185817
39,16.987,0.415679,0.509265,0.509265,0.461057,-0.638811
39,17.3409,0.474023,0.509265,0.509265,0.461057,0.182523
22,0,0.504777,0,0,0,7.106
22,0.3539,0.527446,0.500017,0.500017,0.478967,0.682464
22,0.7078,0.645802,0.508775,0.508775,0.599102,0.657417
22,1.0617,0.665122,0.509238,0.509238,0.629445,0.502246
22,1.4156,0.665611,0.509263,0.509263,0.637163,0.400471
22,1.7695,0.630673,0.509265,0.509265,0.639141,-0.119213
22,2.1234,0.704934,0.509265,0.509265,0.639651,0.919019
22,2.4773,0.619434,0.509265,0.509265,0.639784,-0.286475
22,2.8312,0.68351,0.509265,0.509265,0.639819,0.615062
22,3.1851,0.622728,0.509265,0.509265,0.639828,-0.240723
22,3.539,0.574875,0.509265,0.509265,0.639831,-0.914406
22,3.8929,0.758825,0.509265,0.509265,0.639831,1.67513
22,4.2468,0.607933,0.509265,0.509265,0.639831,-0.449043
22,4.6007,0.644497,0.509265,0.509265,0.639831,0.0656844
22,4.9546,0.716886,0.509265,0.509265,0.639831,1.08474
22,5.3085,0.679056,0.509265,0.509265,0.639831,0.552181
22,5.6624,0.683243,0.509265,0.509265,0.639831,0.611133
22,6.0162,0.63458,0.509265,0.509265,0.639831,-0.0739305
22,6.3701,0.615482,0.509265,0.509265,0.639831,-0.342782
22,6.724,0.71009,0.509265,0.509265,0.639831,0.989065
22,7.0779,0.667345,0.509265,0.509265,0.639831,0.387329
22,7.4318,0.623899,0.509265,0.509265,0.639831,-0.224295
22,7.7857,0.615691,0.509265,0.509265,0.639831,-0.339844
22,8.1396,0.713554,0.509265,0.509265,0.639831,1.03784
22,8.4935,0.712192,0.509265,0.509265,0.639831,1.01865
22,8.8474,0.717003,0.509265,0.509265,0.639831,1.08639
22,9.2013,0.626526,0.509265,0.509265,0.639831,-0.187308
22,9.5552,0.661995,0.509265,0.509265,0.639831,0.312003
22,9.9091,0.550947,0.509265,0.509265,0.639831,-1.25127
22,10.263,0.641918,0.509265,0.509265,0.639831,0.0293685
22,10.6169,0.588582,0.509265,0.509265,0.639831,-0.721464
22,10.9708,0.730997,0.509265,0.509265,0.639831,1.28338
22,11.3247,0.623096,0.509265,0.509265,0.639831,-0.235595
22,11.6786,0.64834,0.509265,0.509265,0.639831,0.119776
22,12.0325,0.648753,0.509265,0.509265,0.639831,0.125587
22,12.3863,0.662039,0.509265,0.509265,0.639831,0.312628
22,12.7402,0.644509,0.509265,0.509265,0.639831,0.0658451
22,13.0941,0.549478,0.509265,0.509265,0.639831,-1.27195
22,13.448,0.651058,0.509265,0.509265,0.639831,0.158042
22,13.8019,0.574761,0.509265,0.509265,0.639831,-0.916032
22,14.1558,0.588414,0.509265,0.509265,0.639831,-0.72383
22,14.5097,0.601763,0.509265,0.509265,0.639831,-0.535909
22,14.8636,0.619106,0.509265,0.509265,0.639831,-0.291765
22,15.2175,0.635568,0.509265,0.509265,0.639831,-0.0600224
22,15.5714,0.620069,0.509265,0.509265,0.639831,-0.278204
22,15.9253,0.603966,0.509265,0.509265,0.639831,-0.504898
22,16.2792,0.586097,0.509265,0.509265,0.639831,-0.756451
22,16.6331,0.674596,0.509265,0.509265,0.639831,0.489405
22,16.987,0.702566,0.509265,0.509265,0.639831,0.883151
22,17.3409,0.54624,0.509265,0.509265,0.639831,-1.31754
40,0,0.467872,0,0,0,6.58647
40,0.3539,0.582672,0.500017,0.500017,0.525754,0.801266
40,0.7078,0.595196,0.508775,0.508775,0.57135,0.3357
40,1.0617,0.552522,0.509238,0.509238,0.576326,-0.335106
40,1.4156,0.569765,0.509263,0.509263,0.576969,-0.101422
40,1.7695,0.530828,0.509265,0.509265,0.577061,-0.650835
40,2.1234,0.560839,0.509265,0.509265,0.577074,-0.228551
40,2.4773,0.520639,0.509265,0.509265,0.577076,-0.794488
40,2.8312,0.611021,0.509265,0.509265,0.577076,0.477859
40,3.1851,0.573941,0.509265,0.509265,0.577076,-0.0441389
40,3.539,0.610037,0.509265,0.509265,0.577076,0.464001
40,3.8929,0.508317,0.509265,0.509265,0.577076,-0.967962
40,4.2468,0.602964,0.509265,0.509265,0.577076,0.364427
40,4.6007,0.595343,0.509265,0.509265,0.577076,0.257145
40,4.9546,0.601168,0.509265,0.509265,0.577076,0.339149
40,5.3085,0.573344,0.509265,0.509265,0.577076,-0.052543
40,5.6624,0.615017,0.509265,0.509265,0.577076,0.534107
40,6.0162,0.62127,0.509265,0.509265,0.577076,0.622131
40,6.3701,0.536342,0.509265,0.509265,0.577076,-0.573441
40,6.724,0.604856,0.509265,0.509265,0.577076,0.391062
40,7.0779,0.6331,0.509265,0.509265,0.577076,0.788676
40,7.4318,0.590448,0.509265,0.509265,0.577076,0.188242
40,7.7857,0.625737,0.509265,0.509265,0.577076,0.685028
40,8.1396,0.629211,0.509265,0.509265,0.577076,0.733921
40,8.4935,0.601076,0.509265,0.509265,0.577076,0.337859
40,8.8474,0.648744,0.509265,0.509265,0.577076,1.0089
40,9.2013,0.582186,0.509265,0.509265,0.577076,0.0719383
40,9.5552,0.569882,0.509265,0.509265,0.577076,-0.101284
40,9.9091,0.548232,0.509265,0.509265,0.577076,-0.406059
40,10.263,0.590264,0.509265,0.509265,0.577076,0.185651
40,10.6169,0.658174,0.509265,0.509265,0.577076,1.14165
40,10.9708,0.595454,0.509265,0.509265,0.577076,0.258705
40,11.3247,0.62865,0.509265,0.509265,0.577076,0.726022
40,11.6786,0.551868,0.509265,0.509265,0.577076,-0.354876
40,12.0325,0.6348,0.509265,0.509265,0.577076,0.812611
40,12.3863,0.574944,0.509265,0.509265,0.577076,-0.030023
40,12.7402,0.536555,0.509265,0.509265,0.577076,-0.570446
40,13.0941,0.586398,0.509265,0.509265,0.577076,0.131225
40,13.448,0.48189,0.509265,0.509265,0.577076,-1.33998
40,13.8019,0.511887,0.509265,0.509265,0.577076,-0.917708
40,14.1558,0.538534,0.509265,0.509265,0.577076,-0.542574
40,14.5097,0.569109,0.509265,0.509265,0.577076,-0.112154
40,14.8636,0.492475,0.509265,0.509265,0.577076,-1.19098
40,15.2175,0.557291,0.509265,0.509265,0.577076,-0.278532
40,15.5714,0.569257,0.509265,0.509265,0.577076,-0.110076
40,15.9253,0.609091,0.509265,0.509265,0.577076,0.450692
40,16.2792,0.573012,0.509265,0.509265,0.577076,-0.0572109
40,16.6331,0.522435,0.509265,0.509265,0.577076,-0.769219
40,16.987,0.573224,0.509265,0.509265,0.577076,-0.0542249
40,17.3409,0.57142,0.509265,0.509265,0.577076,-0.0796273
41,0,0.381764,0,0,0,5.37429
41,0.3539,0.478652,0.500017,0.500017,0.503082,-0.34391
41,0.7078,0.412441,0.508775,0.508775,0.530126,-1.65671
41,1.0617,0.568818,0.509238,0.509238,0.535162,0.473791
41,1.4156,0.494334,0.509263,0.509263,0.536127,-0.588338
41,1.7695,0.515733,0.509265,0.509265,0.536312,-0.2897
41,2.1234,0.56638,0.509265,0.509265,0.536348,0.422784
41,2.4773,0.553257,0.509265,0.509265,0.536355,0.237941
41,2.8312,0.495555,0.509265,0.509265,0.536356,-0.574383
41,3.1851,0.597495,0.509265,0.509265,0.536356,0.860683
41,3.539,0.622308,0.509265,0.509265,0.536356,1.20999
41,3.8929,0.588277,0.509265,0.509265,0.536356,0.730919
41,4.2468,0.566862,0.509265,0.509265,0.536356,0.429442
41,4.6007,0.55732,0.509265,0.509265,0.536356,0.295114
41,4.9546,0.622173,0.509265,0.509265,0.536356,1.20809
41,5.3085,0.580198,0.509265,0.509265,0.536356,0.617183
41,5.6624,0.669878,0.509265,0.509265,0.536356,1.87965
41,6.0162,0.609777,0.509265,0.509265,0.536356,1.03359
41,6.3701,0.476329,0.509265,0.509265,0.536356,-0.845028
41,6.724,0.474553,0.509265,0.509265,0.536356,-0.870042
41,7.0779,0.567685,0.509265,0.509265,0.536356,0.44103
41,7.4318,0.523652,0.509265,0.509265,0.536356,-0.178842
41,7.7857,0.482102,0.509265,0.509265,0.536356,-0.763769
41,8.1396,0.463806,0.509265,0.509265,0.536356,-1.02133
41,8.4935,0.529473,0.509265,0.509265,0.536356,-0.0968977
41,8.8474,0.518254,0.509265,0.509265,0.536356,-0.254834
41,9.2013,0.53745,0.509265,0.509265,0.536356,0.0153907
41,9.5552,0.450944,0.509265,0.509265,0.536356,-1.20239
41,9.9091,0.545178,0.509265,0.509265,0.536356,0.124192
41,10.263,0.62947,0.509265,0.509265,0.536356,1.31081
41,10.6169,0.498366,0.509265,0.509265,0.536356,-0.534805
41,10.9708,0.523358,0.509265,0.509265,0.536356,-0.182982
41,11.3247,0.500875,0.509265,0.509265,0.536356,-0.499493
41,11.6786,0.555599,0.509265,0.509265,0.536356,0.270895
41,12.0325,0.524241,0.509265,0.509265,0.536356,-0.170551
41,12.3863,0.550429,0.509265,0.509265,0.536356,0.198108
41,12.7402,0.524198,0.509265,0.509265,0.536356,-0.171156
41,13.0941,0.614907,0.509265,0.509265,0.536356,1.10579
41,13.448,0.560869,0.509265,0.509265,0.536356,0.345079
41,13.8019,0.57638,0.509265,0.509265,0.536356,0.563441
41,14.1558,0.515231,0.509265,0.509265,0.536356,-0.297389
41,14.5097,0.594611,0.509265,0.509265,0.536356,0.820083
41,14.8636,0.538053,0.509265,0.509265,0.536356,0.0238805
41,15.2175,0.492047,0.509265,0.509265,0.536356,-0.623762
41,15.5714,0.565427,0.509265,0.509265,0.536356,0.409239
41,15.9253,0.459934,0.509265,0.509265,0.536356,-1.07583
41,16.2792,0.554737,0.509265,0.509265,0.536356,0.258757
41,16.6331,0.530673,0.509265,0.509265,0.536356,-0.0800003
41,16.987,0.412329,0.509265,0.509265,0.536356,-1.746
41,17.3409,0.488779,0.509265,0.509265,0.536356,-0.669775
42,0,0.358254,0,0,0,5.04332
42,0.3539,0.479753,0.500017,0.500017,0.487579,-0.110172
42,0.7078,0.411084,0.508775,0.508775,0.496967,-1.20902
42,1.0616,0.450274,0.509238,0.509238,0.49757,-0.665814
42,1.4155,0.427678,0.509263,0.509263,0.497609,-0.984468
42,1.7694,0.526009,0.509265,0.509265,0.497612,0.39976
42,2.1233,0.456113,0.509265,0.509265,0.497612,-0.58421
42,2.4772,0.52011,0.509265,0.509265,0.497612,0.316719
42,2.8311,0.559577,0.509265,0.509265,0.497612,0.87231
42,3.185,0.450038,0.509265,0.509265,0.497612,-0.669727
42,3.5389,0.513988,0.509265,0.509265,0.497612,0.230527
42,3.8928,0.521206,0.509265,0.509265,0.497612,0.332139
42,4.2467,0.494582,0.509265,0.509265,0.497612,-0.0426565
42,4.6006,0.528956,0.509265,0.509265,0.497612,0.441243
42,4.9545,0.530208,0.509265,0.509265,0.497612,0.458863
42,5.3084,0.495407,0.509265,0.509265,0.497612,-0.031047
42,5.6623,0.582986,0.509265,0.509265,0.497612,1.20185
42,6.0162,0.486067,0.509265,0.509265,0.497612,-0.162531
42,6.3701,0.57671,0.509265,0.509265,0.497612,1.1135
42,6.724,0.522239,0.509265,0.509265,0.497612,0.346677
42,7.0779,0.457951,0.509265,0.509265,0.497612,-0.558324
42,7.4317,0.512263,0.509265,0.509265,0.497612,0.206251
42,7.7856,0.482104,0.509265,0.509265,0.497612,-0.218319
42,8.1395,0.475079,0.509265,0.509265,0.497612,-0.317212
42,8.4934,0.5205,0.509265,0.509265,0.497612,0.322205
42,8.8473,0.618234,0.509265,0.509265,0.497612,1.69805
42,9.2012,0.525742,0.509265,0.509265,0.497612,0.396002
42,9.5551,0.530914,0.509265,0.509265,0.497612,0.468809
42,9.909,0.487082,0.509265,0.509265,0.497612,-0.148246
42,10.2629,0.514783,0.509265,0.509265,0.497612,0.241728
42,10.6168,0.44667,0.509265,0.509265,0.497612,-0.717139
42,10.9707,0.537257,0.509265,0.509265,0.497612,0.558105
42,11.3246,0.575853,0.509265,0.509265,0.497612,1.10143
42,11.6785,0.505773,0.509265,0.509265,0.497612,0.114889
42,12.0324,0.454068,0.509265,0.509265,0.497612,-0.612998
42,12.3863,0.424056,0.509265,0.509265,0.497612,-1.03548
42,12.7402,0.434935,0.509265,0.509265,0.497612,-0.88234
42,13.0941,0.433094,0.509265,0.509265,0.497612,-0.908253
42,13.448,0.538493,0.509265,0.509265,0.497612,0.575503
42,13.8018,0.470956,0.509265,0.509265,0.497612,-0.375255
42,14.1557,0.511436,0.509265,0.509265,0.497612,0.194604
42,14.5096,0.461858,0.509265,0.509265,0.497612,-0.503333
42,14.8635,0.502601,0.509265,0.509265,0.497612,0.0702237
42,15.2174,0.499071,0.509265,0.509265,0.497612,0.0205419
42,15.5713,0.465908,0.509265,0.509265,0.497612,-0.446314
42,15.9252,0.449263,0.509265,0.509265,0.497612,-0.680631
42,16.2791,0.537905,0.509265,0.509265,0.497612,0.567221
42,16.633,0.465919,0.509265,0.509265,0.497612,-0.446166
42,16.9869,0.517583,0.509265,0.509265,0.497612,0.281137
42,17.3408,0.546692,0.509265,0.509265,0.497612,0.690917
23,0,0.403307,0,0,0,5.67756
23,0.3539,0.521406,0.500017,0.500017,0.519987,0.0199838
23,0.7078,0.499369,0.508775,0.508775,0.572164,-1.02477
23,1.0617,0.623294,0.509238,0.509238,0.580146,0.607417
23,1.4156,0.653355,0.509263,0.509263,0.581673,1.0091
23,1.7695,0.470444,0.509265,0.509265,0.581988,-1.57026
23,2.1234,0.610148,0.509265,0.509265,0.582054,0.395505
23,2.4773,0.662976,0.509265,0.509265,0.582068,1.13899
23,2.8312,0.552779,0.509265,0.509265,0.582071,-0.412359
23,3.1851,0.629577,0.509265,0.509265,0.582071,0.668769
23,3.539,0.571034,0.509265,0.509265,0.582071,-0.155379
23,3.8929,0.629337,0.509265,0.509265,0.582071,0.665378
23,4.2468,0.668039,0.509265,0.509265,0.582071,1.21021
23,4.6007,0.655935,0.509265,0.509265,0.582071,1.03982
23,4.9546,0.564655,0.509265,0.509265,0.582071,-0.245174
23,5.3085,0.63954,0.509265,0.509265,0.582071,0.809021
23,5.6624,0.566725,0.509265,0.509265,0.582071,-0.216032
23,6.0162,0.608544,0.509265,0.509265,0.582071,0.372669
23,6.3701,0.592285,0.509265,0.509265,0.582071,0.143787
23,6.724,0.602926,0.509265,0.509265,0.582071,0.293585
23,7.0779,0.528635,0.509265,0.509265,0.582071,-0.752257
23,7.4318,0.461785,0.509265,0.509265,0.582071,-1.69334
23,7.7857,0.500536,0.509265,0.509265,0.582071,-1.14781
23,8.1396,0.590346,0.509265,0.509265,0.582071,0.116491
23,8.4935,0.582444,0.509265,0.509265,0.582071,0.00524695
23,8.8474,0.577299,0.509265,0.509265,0.582071,-0.0671773
23,9.2013,0.565947,0.509265,0.509265,0.582071,-0.226985
23,9.5552,0.583302,0.509265,0.509265,0.582071,0.0173225
23,9.9091,0.487972,0.509265,0.509265,0.582071,-1.32468
23,10.263,0.664166,0.509265,0.509265,0.582071,1.15568
23,10.6169,0.549147,0.509265,0.509265,0.582071,-0.463493
23,10.9708,0.459763,0.509265,0.509265,0.582071,-1.7218
23,11.3247,0.582604,0.509265,0.509265,0.582071,0.00749831
23,11.6786,0.508247,0.509265,0.509265,0.582071,-1.03926
23,12.0325,0.542,0.509265,0.509265,0.582071,-0.564107
23,12.3863,0.692427,0.509265,0.509265,0.582071,1.55353
23,12.7402,0.486636,0.509265,0.509265,0.582071,-1.34349
23,13.0941,0.545648,0.509265,0.509265,0.582071,-0.512748
23,13.448,0.628172,0.509265,0.509265,0.582071,0.648977
23,13.8019,0.622466,0.509265,0.509265,0.582071,0.568659
23,14.1558,0.635339,0.509265,0.509265,0.582071,0.749871
23,14.5097,0.582905,0.509265,0.509265,0.582071,0.0117311
23,14.8636,0.664842,0.509265,0.509265,0.582071,1.16521
23,15.2175,0.598295,0.509265,0.509265,0.582071,0.228386
23,15.5714,0.606045,0.509265,0.509265,0.582071,0.337493
23,15.9253,0.5337,0.509265,0.509265,0.582071,-0.680943
23,16.2792,0.553458,0.509265,0.509265,0.582071,-0.40281
23,16.6331,0.605005,0.509265,0.509265,0.582071,0.322842
23,16.987,0.590948,0.509265,0.509265,0.582071,0.124957
23,17.3409,0.699822,0.509265,0.509265,0.582071,1.65764
24,0,0.274911,0,0,0,3.87007
24,0.3539,0.358026,0.500017,0.500017,0.463339,-1.48255
24,0.7078,0.454964,0.508775,0.508775,0.465065,-0.142195
24,1.0617,0.520357,0.509238,0.509238,0.465086,0.778079
24,1.4156,0.490787,0.509263,0.509263,0.465086,0.361803
24,1.7695,0.449752,0.509265,0.509265,0.465086,-0.215875
24,2.1234,0.512557,0.509265,0.509265,0.465086,0.668271
24,2.4773,0.469049,0.509265,0.509265,0.465086,0.05579
24,2.8312,0.514777,0.509265,0.509265,0.465086,0.69952
24,3.1851,0.456596,0.509265,0.509265,0.465086,-0.119526
24,3.539,0.421398,0.509265,0.509265,0.465086,-0.615029
24,3.8929,0.434064,0.509265,0.509265,0.465086,-0.436719
24,4.2468,0.532582,0.509265,0.509265,0.465086,0.95017
24,4.6007,0.473212,0.509265,0.509265,0.465086,0.114386
24,4.9546,0.481501,0.509265,0.509265,0.465086,0.231075
24,5.3085,0.505758,0.509265,0.509265,0.465086,0.572552
24,5.6624,0.458803,0.509265,0.509265,0.465086,-0.0884578
24,6.0162,0.389472,0.509265,0.509265,0.465086,-1.06447
24,6.3701,0.479713,0.509265,0.509265,0.465086,0.205909
24,6.724,0.512298,0.509265,0.509265,0.465086,0.664621
24,7.0779,0.382851,0.509265,0.509265,0.465086,-1.15766
24,7.4318,0.538773,0.509265,0.509265,0.465086,1.03733
24,7.7857,0.394644,0.509265,0.509265,0.465086,-0.991655
24,8.1396,0.428206,0.509265,0.509265,0.465086,-0.519182
24,8.4935,0.494373,0.509265,0.509265,0.465086,0.412284
24,8.8474,0.460734,0.509265,0.509265,0.465086,-0.0612752
24,9.2013,0.498608,0.509265,0.509265,0.465086,0.471904
24,9.5552,0.540734,0.509265,0.509265,0.465086,1.06493
24,9.9091,0.448573,0.509265,0.509265,0.465086,-0.232465
24,10.263,0.465756,0.509265,0.509265,0.465086,0.0094193
24,10.6169,0.443155,0.509265,0.509265,0.465086,-0.308742
24,10.9708,0.411627,0.509265,0.509265,0.465086,-0.752569
24,11.3247,0.535264,0.509265,0.509265,0.465086,0.987922
24,11.6786,0.488588,0.509265,0.509265,0.465086,0.330846
24,12.0325,0.46346,0.509265,0.509265,0.465086,-0.0228981
24,12.3863,0.420804,0.509265,0.509265,0.465086,-0.623382
24,12.7402,0.46845,0.509265,0.509265,0.465086,0.0473483
24,13.0941,0.497851,0.509265,0.509265,0.465086,0.461241
24,13.448,0.439648,0.509265,0.509265,0.465086,-0.358108
24,13.8019,0.416576,0.509265,0.509265,0.465086,-0.682903
24,14.1558,0.456815,0.509265,0.509265,0.465086,-0.116434
24,14.5097,0.47088,0.509265,0.509265,0.465086,0.0815594
24,14.8636,0.456468,0.509265,0.509265,0.465086,-0.121324
24,15.2175,0.417481,0.509265,0.509265,0.465086,-0.670163
24,15.5714,0.431052,0.509265,0.509265,0.465086,-0.479114
24,15.9253,0.41881,0.509265,0.509265,0.465086,-0.651458
24,16.2792,0.532139,0.509265,0.509265,0.465086,0.943938
24,16.6331,0.553837,0.509265,0.509265,0.465086,1.24939
24,16.987,0.495288,0.509265,0.509265,0.465086,0.425167
24,17.3409,0.394007,0.509265,0.509265,0.465086,-1.00062
25,0,0.283835,0,0,0,3.99569
25,0.3539,0.492326,0.500017,0.500017,0.518617,-0.370115
25,0.7078,0.588667,0.508775,0.508775,0.536549,0.733687
25,1.0617,0.482585,0.509238,0.509238,0.537918,-0.778954
25,1.4156,0.479716,0.509263,0.509263,0.53804,-0.821059
25,1.7695,0.525142,0.509265,0.509265,0.538051,-0.181727
25,2.1234,0.564931,0.509265,0.509265,0.538052,0.378385
25,2.4773,0.562718,0.509265,0.509265,0.538052,0.347231
25,2.8312,0.575197,0.509265,0.509265,0.538052,0.522903
25,3.1851,0.572545,0.509265,0.509265,0.538052,0.485574
25,3.539,0.625051,0.509265,0.509265,0.538052,1.22472
25,3.8929,0.519305,0.509265,0.509265,0.538052,-0.26392
25,4.2468,0.565615,0.509265,0.509265,0.538052,0.388019
25,4.6007,0.544381,0.509265,0.509265,0.538052,0.0890914
25,4.9546,0.563114,0.509265,0.509265,0.538052,0.35281
25,5.3085,0.515955,0.509265,0.509265,0.538052,-0.311079
25,5.6624,0.524415,0.509265,0.509265,0.538052,-0.19198
25,6.0162,0.5237,0.509265,0.509265,0.538052,-0.202052
25,6.3701,0.575771,0.509265,0.509265,0.538052,0.53098
25,6.724,0.530582,0.509265,0.509265,0.538052,-0.105159
25,7.0779,0.453993,0.509265,0.509265,0.538052,-1.18335
25,7.4318,0.540004,0.509265,0.509265,0.538052,0.0274756
25,7.7857,0.468786,0.509265,0.509265,0.538052,-0.975092
25,8.1396,0.507325,0.509265,0.509265,0.538052,-0.43257
25,8.4935,0.592864,0.509265,0.509265,0.538052,0.771618
25,8.8474,0.65053,0.509265,0.509265,0.538052,1.5834
25,9.2013,0.470883,0.509265,0.509265,0.538052,-0.945575
25,9.5552,0.61074,0.509265,0.509265,0.538052,1.02326
25,9.9091,0.55466,0.509265,0.509265,0.538052,0.2338
25,10.263,0.501896,0.509265,0.509265,0.538052,-0.508994
25,10.6169,0.516659,0.509265,0.509265,0.538052,-0.301172
25,10.9708,0.495394,0.509265,0.509265,0.538052,-0.600529
25,11.3247,0.595651,0.509265,0.509265,0.538052,0.810841
25,11.6786,0.631629,0.509265,0.509265,0.538052,1.31732
25,12.0325,0.523923,0.509265,0.509265,0.538052,-0.198911
25,12.3863,0.458953,0.509265,0.509265,0.538052,-1.11353
25,12.7402,0.46371,0.509265,0.509265,0.538052,-1.04656
25,13.0941,0.483597,0.509265,0.509265,0.538052,-0.7666
25,13.448,0.57571,0.509265,0.509265,0.538052,0.53012
25,13.8019,0.553725,0.509265,0.509265,0.538052,0.220638
25,14.1558,0.570145,0.509265,0.509265,0.538052,0.451778
25,14.5097,0.570551,0.509265,0.509265,0.538052,0.457503
25,14.8636,0.508642,0.509265,0.509265,0.538052,-0.414028
25,15.2175,0.542569,0.509265,0.509265,0.538052,0.0635905
25,15.5714,0.571601,0.509265,0.509265,0.538052,0.472285
25,15.9253,0.530145,0.509265,0.509265,0.538052,-0.111318
25,16.2792,0.591624,0.509265,0.509265,0.538052,0.754153
25,16.6331,0.575203,0.509265,0.509265,0.538052,0.522991
25,16.987,0.508487,0.509265,0.509265,0.538052,-0.416211
25,17.3409,0.534675,0.509265,0.509265,0.538052,-0.0475399
26,0,0.311931,0,0,0,4.39121
26,0.3539,0.345709,0.500017,0.500017,0.346629,-0.0129494
26,0.7078,0.375014,0.508775,0.508775,0.346629,0.3996
26,1.0617,0.413936,0.509238,0.509238,0.346629,0.947515
26,1.4156,0.403125,0.509263,0.509263,0.346629,0.79532
26,1.7695,0.318274,0.509265,0.509265,0.346629,-0.399168
26,2.1234,0.471811,0.509265,0.509265,0.346629,1.76225
26,2.4773,0.338442,0.509265,0.509265,0.346629,-0.115245
26,2.8312,0.34581,0.509265,0.509265,0.346629,-0.0115206
26,3.1851,0.380612,0.509265,0.509265,0.346629,0.4784
26,3.539,0.359925,0.509265,0.509265,0.346629,0.187173
26,3.8929,0.404877,0.509265,0.509265,0.346629,0.819998
26,4.2468,0.37003,0.509265,0.509265,0.346629,0.329432
26,4.6007,0.372382,0.509265,0.509265,0.346629,0.362538
26,4.9546,0.309566,0.509265,0.509265,0.346629,-0.521751
26,5.3085,0.352446,0.509265,0.509265,0.346629,0.0818949
26,5.6624,0.297946,0.509265,0.509265,0.346629,-0.685331
26,6.0162,0.338642,0.509265,0.509265,0.346629,-0.112436
26,6.3701,0.305694,0.509265,0.509265,0.346629,-0.576253
26,6.724,0.387968,0.509265,0.509265,0.346629,0.581958
26,7.0779,0.386573,0.509265,0.509265,0.346629,0.562319
26,7.4318,0.354737,0.509265,0.509265,0.346629,0.114145
26,7.7857,0.405543,0.509265,0.509265,0.346629,0.829369
26,8.1396,0.381816,0.509265,0.509265,0.346629,0.495343
26,8.4935,0.343894,0.509265,0.509265,0.346629,-0.0384971
26,8.8474,0.346872,0.509265,0.509265,0.346629,0.00342023
26,9.2013,0.296357,0.509265,0.509265,0.346629,-0.707701
26,9.5552,0.28484,0.509265,0.509265,0.346629,-0.869836
26,9.9091,0.317356,0.509265,0.509265,0.346629,-0.412092
26,10.263,0.303874,0.509265,0.509265,0.346629,-0.601874
26,10.6169,0.336059,0.509265,0.509265,0.346629,-0.148802
26,10.9708,0.326023,0.509265,0.509265,0.346629,-0.290077
26,11.3247,0.283317,0.509265,0.509265,0.346629,-0.891277
26,11.6786,0.28496,0.509265,0.509265,0.346629,-0.868141
26,12.0325,0.369777,0.509265,0.509265,0.346629,0.325867
26,12.3863,0.287422,0.509265,0.509265,0.346629,-0.833484
26,12.7402,0.395424,0.509265,0.509265,0.346629,0.686914
26,13.0941,0.310751,0.509265,0.509265,0.346629,-0.505072
26,13.448,0.3075,0.509265,0.509265,0.346629,-0.55083
26,13.8019,0.38322,0.509265,0.509265,0.346629,0.515112
26,14.1558,0.323814,0.509265,0.509265,0.346629,-0.321178
26,14.5097,0.393354,0.509265,0.509265,0.346629,0.657776
26,14.8636,0.245983,0.509265,0.509265,0.346629,-1.41684
26,15.2175,0.352192,0.509265,0.509265,0.346629,0.0783158
26,15.5714,0.346079,0.509265,0.509265,0.346629,-0.007738
26,15.9253,0.351284,0.509265,0.509265,0.346629,0.0655387
26,16.2792,0.299218,0.509265,0.509265,0.346629,-0.667428
26,16.6331,0.314897,0.509265,0.509265,0.346629,-0.446705
26,16.987,0.391867,0.509265,0.509265,0.346629,0.636846
26,17.3409,0.298215,0.509265,0.509265,0.346629,-0.681543
27,0,0.38683,0,0,0,5.4456
27,0.3539,0.456418,0.500017,0.500017,0.528049,-1.00839
27,0.7078,0.529595,0.508775,0.508775,0.569185,-0.557328
27,1.0617,0.529597,0.509238,0.509238,0.572516,-0.604197
27,1.4156,0.614545,0.509263,0.509263,0.572797,0.587719
27,1.7695,0.585652,0.509265,0.509265,0.572821,0.180628
27,2.1234,0.563307,0.509265,0.509265,0.572823,-0.13397
27,2.4773,0.543404,0.509265,0.509265,0.572824,-0.414148
27,2.8312,0.596314,0.509265,0.509265,0.572824,0.330692
27,3.1851,0.604179,0.509265,0.509265,0.572824,0.441408
27,3.539,0.622345,0.509265,0.509265,0.572824,0.69714
27,3.8929,0.609682,0.509265,0.509265,0.572824,0.518873
27,4.2468,0.517259,0.509265,0.509265,0.572824,-0.782217
27,4.6007,0.528915,0.509265,0.509265,0.572824,-0.618128
27,4.9546,0.546791,0.509265,0.509265,0.572824,-0.366476
27,5.3085,0.588115,0.509265,0.509265,0.572824,0.215265
27,5.6624,0.570955,0.509265,0.509265,0.572824,-0.0263089
27,6.0162,0.626541,0.509265,0.509265,0.572824,0.756212
27,6.3701,0.530205,0.509265,0.509265,0.572824,-0.599967
27,6.724,0.605,0.509265,0.509265,0.572824,0.452969
27,7.0779,0.576632,0.509265,0.509265,0.572824,0.0536108
27,7.4318,0.491024,0.509265,0.509265,0.572824,-1.15154
27,7.7857,0.61499,0.509265,0.509265,0.572824,0.593594
27,8.1396,0.56058,0.509265,0.509265,0.572824,-0.172359
27,8.4935,0.59143,0.509265,0.509265,0.572824,0.261926
27,8.8474,0.566223,0.509265,0.509265,0.572824,-0.0929199
27,9.2013,0.595384,0.509265,0.509265,0.572824,0.317595
27,9.5552,0.529704,0.509265,0.509265,0.572824,-0.607021
27,9.9091,0.668794,0.509265,0.509265,0.572824,1.35102
27,10.263,0.561762,0.509265,0.509265,0.572824,-0.155716
27,10.6169,0.613211,0.509265,0.509265,0.572824,0.568557
27,10.9708,0.603655,0.509265,0.509265,0.572824,0.434025
27,11.3247,0.514817,0.509265,0.509265,0.572824,-0.816586
27,11.6786,0.57888,0.509265,0.509265,0.572824,0.0852602
27,12.0325,0.544589,0.509265,0.509265,0.572824,-0.397473
27,12.3863,0.577095,0.509265,0.509265,0.572824,0.0601306
27,12.7402,0.586864,0.509265,0.509265,0.572824,0.197657
27,13.0941,0.624658,0.509265,0.509265,0.572824,0.729705
27,13.448,0.550171,0.509265,0.509265,0.572824,-0.318897
27,13.8019,0.575015,0.509265,0.509265,0.572824,0.0308551
27,14.1558,0.621171,0.509265,0.509265,0.572824,0.680605
27,14.5097,0.620618,0.509265,0.509265,0.572824,0.672823
27,14.8636,0.4902,0.509265,0.509265,0.572824,-1.16314
27,15.2175,0.528621,0.509265,0.509265,0.572824,-0.622265
27,15.5714,0.570502,0.509265,0.509265,0.572824,-0.0326893
27,15.9253,0.560282,0.509265,0.509265,0.572824,-0.176549
27,16.2792,0.599215,0.509265,0.509265,0.572824,0.371518
27,16.6331,0.527109,0.509265,0.509265,0.572824,-0.643553
27,16.987,0.569198,0.509265,0.509265,0.572824,-0.0510404
27,17.3409,0.711465,0.509265,0.509265,0.572824,1.95173
28,0,0.255359,0,0,0,3.59482
28,0.3539,0.314565,0.500017,0.500017,0.387272,-1.02353
28,0.7078,0.362177,0.508775,0.508775,0.387272,-0.353271
28,1.0617,0.377988,0.509238,0.509238,0.387272,-0.130697
28,1.4156,0.382334,0.509263,0.509263,0.387272,-0.0695155
28,1.7695,0.51168,0.509265,0.509265,0.387272,1.75136
28,2.1234,0.466794,0.509265,0.509265,0.387272,1.11948
28,2.4773,0.358817,0.509265,0.509265,0.387272,-0.400576
28,2.8312,0.355446,0.509265,0.509265,0.387272,-0.448026
28,3.1851,0.385611,0.509265,0.509265,0.387272,-0.0233847
28,3.539,0.497642,0.509265,0.509265,0.387272,1.55374
28,3.8929,0.360296,0.509265,0.509265,0.387272,-0.379758
28,4.2468,0.380274,0.509265,0.509265,0.387272,-0.0985113
28,4.6007,0.38529,0.509265,0.509265,0.387272,-0.0279079
28,4.9546,0.378565,0.509265,0.509265,0.387272,-0.122579
28,5.3085,0.322769,0.509265,0.509265,0.387272,-0.908035
28,5.6624,0.41799,0.509265,0.509265,0.387272,0.432436
28,6.0162,0.372108,0.509265,0.509265,0.387272,-0.213473
28,6.3701,0.442928,0.509265,0.509265,0.387272,0.783498
28,6.724,0.379318,0.509265,0.509265,0.387272,-0.111973
28,7.0779,0.408936,0.509265,0.509265,0.387272,0.304977
28,7.4318,0.332859,0.509265,0.509265,0.387272,-0.765993
28,7.7857,0.376279,0.509265,0.509265,0.387272,-0.154749
28,8.1396,0.451693,0.509265,0.509265,0.387272,0.906887
28,8.4935,0.463768,0.509265,0.509265,0.387272,1.07687
28,8.8474,0.326099,0.509265,0.509265,0.387272,-0.861159
28,9.2013,0.366928,0.509265,0.509265,0.387272,-0.286398
28,9.5552,0.472729,0.509265,0.509265,0.387272,1.20303
28,9.9091,0.395801,0.509265,0.509265,0.387272,0.120072
28,10.263,0.40286,0.509265,0.509265,0.387272,0.219439
28,10.6169,0.333709,0.509265,0.509265,0.387272,-0.754039
28,10.9708,0.394617,0.509265,0.509265,0.387272,0.103402
28,11.3247,0.414537,0.509265,0.509265,0.387272,0.383827
28,11.6786,0.380835,0.509265,0.509265,0.387272,-0.0906216
28,12.0325,0.366224,0.509265,0.509265,0.387272,-0.2963
28,12.3863,0.438639,0.509265,0.509265,0.387272,0.723115
28,12.7402,0.365607,0.509265,0.509265,0.387272,-0.304994
28,13.0941,0.459525,0.509265,0.509265,0.387272,1.01715
28,13.448,0.383485,0.509265,0.509265,0.387272,-0.0533101
28,13.8019,0.34462,0.509265,0.509265,0.387272,-0.600437
28,14.1558,0.388701,0.509265,0.509265,0.387272,0.0201114
28,14.5097,0.348665,0.509265,0.509265,0.387272,-0.543484
28,14.8636,0.374092,0.509265,0.509265,0.387272,-0.185548
28,15.2175,0.365991,0.509265,0.509265,0.387272,-0.299585
28,15.5714,0.335464,0.509265,0.509265,0.387272,-0.729329
28,15.9253,0.318821,0.509265,0.509265,0.387272,-0.963617
28,16.2792,0.344342,0.509265,0.509265,0.387272,-0.604342
28,16.6331,0.420935,0.509265,0.509265,0.387272,0.473896
28,16.987,0.368528,0.509265,0.509265,0.387272,-0.263865
28,17.3409,0.28829,0.509265,0.509265,0.387272,-1.39342
29,0,0.324405,0,0,0,4.56681
29,0.3539,0.518032,0.500017,0.500017,0.518091,-0.000828429
29,0.7078,0.488339,0.508775,0.508775,0.540193,-0.729971
29,1.0617,0.506091,0.509238,0.509238,0.542494,-0.512457
29,1.4156,0.476854,0.509263,0.509263,0.542767,-0.927897
29,1.7695,0.527527,0.509265,0.509265,0.5428,-0.215007
29,2.1234,0.551993,0.509265,0.509265,0.542804,0.12936
29,2.4773,0.557837,0.509265,0.509265,0.542805,0.211612
29,2.8312,0.623455,0.509265,0.509265,0.542805,1.13536
29,3.1851,0.594062,0.509265,0.509265,0.542805,0.721574
29,3.539,0.523388,0.509265,0.509265,0.542805,-0.27334
29,3.8929,0.513845,0.509265,0.509265,0.542805,-0.407679
29,4.2468,0.425392,0.509265,0.509265,0.542805,-1.65287
29,4.6007,0.52998,0.509265,0.509265,0.542805,-0.180545
29,4.9546,0.615328,0.509265,0.509265,0.542805,1.02095
29,5.3085,0.507476,0.509265,0.509265,0.542805,-0.497344
29,5.6624,0.565154,0.509265,0.509265,0.542805,0.314626
29,6.0162,0.641349,0.509265,0.509265,0.542805,1.38726
29,6.3701,0.597802,0.509265,0.509265,0.542805,0.774222
29,6.724,0.620474,0.509265,0.509265,0.542805,1.09339
29,7.0779,0.567428,0.509265,0.509265,0.542805,0.346637
29,7.4318,0.533529,0.509265,0.509265,0.542805,-0.130575
29,7.7857,0.55045,0.509265,0.509265,0.542805,0.10763
29,8.1396,0.526405,0.509265,0.509265,0.542805,-0.230868
29,8.4935,0.530186,0.509265,0.509265,0.542805,-0.177646
29,8.8474,0.550599,0.509265,0.509265,0.542805,0.109724
29,9.2013,0.61597,0.509265,0.509265,0.542805,1.02999
29,9.5552,0.55908,0.509265,0.509265,0.542805,0.229108
29,9.9091,0.540176,0.509265,0.509265,0.542805,-0.0370114
29,10.263,0.516332,0.509265,0.509265,0.542805,-0.372665
29,10.6169,0.558477,0.509265,0.509265,0.542805,0.220625
29,10.9708,0.534938,0.509265,0.509265,0.542805,-0.110744
29,11.3247,0.547344,0.509265,0.509265,0.542805,0.0639004
29,11.6786,0.552861,0.509265,0.509265,0.542805,0.141564
29,12.0325,0.563121,0.509265,0.509265,0.542805,0.286005
29,12.3863,0.52132,0.509265,0.509265,0.542805,-0.302453
29,12.7402,0.608287,0.509265,0.509265,0.542805,0.921824
29,13.0941,0.548677,0.509265,0.509265,0.542805,0.0826608
29,13.448,0.616495,0.509265,0.509265,0.542805,1.03738
29,13.8019,0.475104,0.509265,0.509265,0.542805,-0.953062
29,14.1558,0.55363,0.509265,0.509265,0.542805,0.15239
29,14.5097,0.459548,0.509265,0.509265,0.542805,-1.17205
29,14.8636,0.465963,0.509265,0.509265,0.542805,-1.08175
29,15.2175,0.564839,0.509265,0.509265,0.542805,0.310192
29,15.5714,0.51071,0.509265,0.509265,0.542805,-0.451816
29,15.9253,0.538583,0.509265,0.509265,0.542805,-0.0594285
29,16.2792,0.530674,0.509265,0.509265,0.542805,-0.170773
29,16.6331,0.502131,0.509265,0.509265,0.542805,-0.572589
29,16.987,0.555844,0.509265,0.509265,0.542805,0.183562
29,17.3409,0.565112,0.509265,0.509265,0.542805,0.31403