rep,id,A1,tau1,A2,tau2
1,43,0.189224425639355,2.63649149252737,0.406924070704327,283.111845225776
2,43,0.190438745929523,1.92566784695675,0.414448875621889,208.653508982753
3,43,0.191567504611212,2.25839127314109,0.414303707966122,210.499011176072
4,43,0.189514915836394,1.58642125701611,0.415558395782863,189.526560005881
5,43,0.188254031503575,1.22078889476748,0.416709109921209,198.667981675645
6,43,0.191502675203136,2.25650054945813,0.414255392692134,206.008980487493
7,43,0.195178015702483,3.42995817475677,0.415273488626539,220.277703485519
8,43,0.190104456257587,2.70635121767037,0.40840908916368,259.134603485478
9,43,0.19169101236641,2.09575277799605,0.415469666071605,216.195536093061
10,43,0.190135046067373,1.53971417427632,0.417113585228517,198.142869366544
1,52,0.164272935342689,1.34974686779747,0.363304151935536,1059.24237000677
2,52,0.168291953103873,2.88524353207986,0.361153809148043,1410.47133021442
3,52,0.167467323977752,1.18884110500246,0.371242154353546,1082.78729512586
4,52,0.169259740385198,1.24886908762413,0.373908250235466,1217.80766917029
5,52,0.169395274006814,1.18037875222106,0.376014839207683,754.026576982229
6,52,0.174181253248533,1.01520120847136,0.38864398710462,511.511096684175
7,52,0.172356729493227,2.35685610771207,0.372545144751685,963.52360070026
8,52,0.169761322091086,2.07759935470013,0.369504063604493,791.123839975657
9,52,0.170183427622109,1.02081677103138,0.379715226894136,695.70053618563
10,52,0.172590822405477,2.38294169816432,0.37279105257078,968.496857627965
1,53,0.184122869602883,3.07872955935098,0.393799348839781,439.046765099283
2,53,0.179013092725329,1.57577614933058,0.392227045638461,538.314005486508
3,53,0.183345189801318,2.20759041313917,0.39748183973546,313.85727819612
4,53,0.183309750368871,1.92829238476564,0.398324576669478,484.329425579271
5,53,0.181811057666365,4.46711956185932,0.382835050930731,789.249007529288
6,53,0.178099281329781,2.58891846916607,0.383176137094826,714.025578207107
7,53,0.183836707324517,2.005862617817,0.398582754491478,492.523721230002
8,53,0.18187694476211,4.63338762094382,0.382589206770122,783.227911034639
9,53,0.184832183231953,2.52437303296426,0.398445202438951,349.148602228695
10,53,0.185042571970602,4.9830590007921,0.388033787618663,631.519159749644
1,54,0.151709346377973,1.44010859328809,0.334357198119581,4273.88308030463
2,54,0.149121633479213,1.03194591341724,0.332922083237828,4392.82003033294
3,54,0.149779351388744,1.05365734177531,0.334004593341045,4431.60450016477
4,54,0.153796081828833,1.63226013121548,0.33667808460951,4948.6866435479
5,54,0.15166606191493,1.57894456123693,0.332847084642556,4999.73418084861
6,54,0.157828264447786,2.66917734882555,0.339636035286403,3777.5119616758
7,54,0.152172810579159,1.47785642381898,0.335178208667791,4002.7848449663
8,54,0.15163712959164,1.56653600840449,0.332688513181322,5691.1100673175
9,54,0.154247120353892,2.23245085815241,0.334227775074574,4438.82665291031
10,54,0.152396358779466,1.48293722262018,0.336131884007724,2979.06389826499
1,55,0.130313243294749,1.15125182629285,0.290194839475024,27910.4924357529
2,55,0.127909592174205,0.80664601939906,0.288017909984983,42869.0038775151
3,55,0.128141216130265,0.641722676803118,0.291709091818318,26086.2512667488
4,55,0.130287703424074,1.13529734814238,0.29073695118273,23414.8837061917
5,55,0.128069075266347,1.59470289800942,0.281819187391028,42225.0316965159
6,55,0.131053741864602,1.28991551993372,0.291097388841699,21956.6453650882
7,55,0.128761137825593,0.721635193020778,0.291474488037527,30042.1937368292
8,55,0.131906087609866,1.61958945697744,0.289956476979739,28106.4904836582
9,55,0.131178051783903,1.27190958384726,0.291650633816539,19841.8445965243
10,55,0.130129070358727,0.968942871018587,0.290972089812081,38031.3688850209
1,56,0.132918554869809,0.478954612476808,0.30589889031058,13788.926513318
2,56,0.131613493139047,1.01682323788783,0.294223344229003,26744.6557301418
3,56,0.137184017990729,0.954557594160769,0.30742579117427,12902.472380093
4,56,0.132523272583257,0.47261337218343,0.305064146867913,14514.6419316908
5,56,0.138735749504728,1.92905690977192,0.302718895193844,17142.4841928175
6,56,0.137032806099735,0.940749109693632,0.307388500270741,12655.9746977225
7,56,0.1302743031603,0.608677635621939,0.297196328804268,20232.3535855394
8,56,0.135078612935708,0.378511617768947,0.312820641057918,13746.3056018344
9,56,0.135139708240319,1.11653208269641,0.30071863822723,22939.7850192027
10,56,0.130676693953944,0.631412597621088,0.297187019123387,24911.8290535673
1,57,0.142268610732441,1.48711097613906,0.313111695592323,11786.3389527283
2,57,0.144579190032022,0.734027269728799,0.327410069842162,4916.81597546459
3,57,0.144796912575711,0.560949123384048,0.330548661163989,5884.04044430622
4,57,0.145893731256538,1.27944021436125,0.32300538717511,6934.90741115444
5,57,0.143505672832634,0.610831846018123,0.327037695082541,5659.04702194292
6,57,0.140947008890155,1.84710186586652,0.307665182589267,15175.5563158699
7,57,0.142376130800751,1.85884756812654,0.310822503859242,12619.813792343
8,57,0.144334936266884,0.475754224948663,0.332028150209716,4234.37578979368
9,57,0.148273163656255,1.6054101636661,0.325420076153739,6583.01697869135
10,57,0.143545308933478,1.2135490105736,0.318791124302573,7758.07554740997
1,58,0.108620741314038,0.788291403203651,0.245884353122258,279339.306697631
2,58,0.106120091223848,0.385559692224866,0.246419987322633,321435.671566695
3,58,0.106969942345236,0.363630610114304,0.249947166006098,147279.800843048
4,58,0.103631894652131,0.514071517112102,0.238745433304185,337504.927049734
5,58,0.105780713991856,0.376069861136099,0.246145466015365,286959.594110209
6,58,0.109511581068075,0.397361985343906,0.253930785203695,213022.314543399
7,58,0.103837201154304,0.538512252282815,0.238716052054048,343231.559584829
8,58,0.107301463822789,0.721686014772081,0.243710653980753,308879.228729361
9,58,0.109403221833341,0.386054304618079,0.253983718605922,212044.018752451
10,58,0.103722579894362,0.527647004502699,0.238670943675457,354290.942221891
1,59,0.127629489512785,0.510654216165485,0.292979384235241,26293.1808236542
2,59,0.12587046173213,0.912190942044377,0.28292292146132,38847.8325397254
3,59,0.124987722823515,0.723441220506388,0.282800612364335,53937.7597094211
4,59,0.124995624060251,1.08508117480138,0.278799588324148,56432.3546121089
5,59,0.126158478260751,0.858386773018185,0.283924456791207,46206.5535174604
6,59,0.128358143235928,0.532252961160907,0.294284143467345,23786.5727795255
7,59,0.121523851583919,0.439773809206236,0.281201195253015,34929.7160578964
8,59,0.127770218958904,0.609351566109609,0.290869614486355,37429.9240210614
9,59,0.12493632460889,0.703261871863261,0.283156871343105,50307.531714687
10,59,0.127826621740654,0.573864099981532,0.292499636150264,23597.7431971514
1,60,0.137286856913513,1.05299022927424,0.306798710185737,12384.55499043
2,60,0.134475742928667,0.955229837863499,0.301745233979459,14552.3018751866
3,60,0.132855674190151,1.1155443221446,0.296157053523365,21463.3699816864
4,60,0.132229407200686,1.30285069024161,0.293213525003335,23871.7569245036
5,60,0.134083127095571,1.89475956751903,0.29275836068278,28207.1098518794
6,60,0.136262165075884,2.1140951053863,0.296472404349473,21627.354693898
7,60,0.133803302965752,1.36049971139519,0.295517994951535,27530.1392294286
8,60,0.13792633980891,1.69764315898013,0.302380817876168,17251.7646694746
9,60,0.13347819606241,0.901885996396135,0.3001198477148,16289.2503355831
10,60,0.134496032671403,0.798281236465906,0.3037035252725,14218.1747774479
1,61,0.153823648845052,0.695917274904373,0.348929322858324,1830.93198586633
2,61,0.148889958103115,0.812195744497758,0.335658438600303,3675.14361231472
3,61,0.151201557709984,0.539809247436748,0.345791246874366,2674.08227782678
4,61,0.152176000549043,0.656513296173012,0.345846553989264,2318.66805322586
5,61,0.148786889848755,0.823905891979496,0.335335500536245,3499.11117346787
6,61,0.150666039741971,0.600127261162195,0.34327597138114,2848.28498612259
7,61,0.151925966207383,0.657526894145089,0.345132079661349,2608.39116068931
8,61,0.150992776005733,0.561361100425445,0.344205154530865,3600.78113757459
9,61,0.151191260095289,0.60009974724755,0.344226922099682,2911.22226719942
10,61,0.149857896180805,0.540167375223215,0.342048176074012,4154.44317601907
1,44,0.155245994362452,1.81917306772892,0.339241034661154,3334.35634908725
2,44,0.151234602068533,1.45609208414705,0.333668953317125,3840.72968521109
3,44,0.150568346566642,1.36240463118914,0.332984661139913,3761.84919618895
4,44,0.155490844406515,1.77033723044852,0.339540972278272,4201.39960814325
5,44,0.151983499878683,1.49111256145287,0.334507973427773,4358.16296564218
6,44,0.150374903979272,1.41895967509718,0.332633503633168,3132.71620018411
7,44,0.151064827473836,1.5796239036594,0.331980365929979,4400.60589198663
8,44,0.152049160958699,1.54610801046966,0.334025553808681,4706.11503137122
9,44,0.154349359271277,1.74704176455271,0.338288075812468,2840.78815436771
10,44,0.151174087950442,1.58275810348662,0.331969196728885,4707.69021557336
1,62,0.139943501242257,0.685126505735189,0.31713782777806,10236.8520091835
2,62,0.142004877143487,0.99849162751479,0.317397729159996,9428.23366154646
3,62,0.144593923752133,1.51403893567725,0.318400526071515,8070.94453932092
4,62,0.141494821708555,0.670026588681282,0.32152555010274,6331.29410429934
5,62,0.1418849208143,1.02505227852499,0.3171126949548,8126.19146236253
6,62,0.138895849981417,0.760115194420422,0.313089891302032,14516.065487919
7,62,0.14095219747759,0.647007294092132,0.320996434387022,6078.55198752116
8,62,0.137982289492049,0.60636834010595,0.314798937901446,8452.12149031085
9,62,0.144457383372979,1.1609667127035,0.321276391826293,6932.96632262918
10,62,0.142634935744128,1.31655205732303,0.315749656262458,8779.0329427605
1,45,0.2089744794734,0.848761975115869,0.468854076481473,34.8825495425834
2,45,0.208711313579598,0.625653625308548,0.473127319658762,35.0569773031823
3,45,0.203420680785423,0.350592272558878,0.472153794346268,29.6905293000146
4,45,0.20929162308504,0.851750342884937,0.469064781559049,38.9521362052106
5,45,0.208088994751328,0.622492861583782,0.472406603432269,30.6025976367131
6,45,0.203425881582391,0.335907203351679,0.472307327161662,33.4979272413467
7,45,0.209822501677624,0.845764799722229,0.47029578331013,37.4796718030441
8,45,0.20809703907267,0.628912006739494,0.471824775735869,37.1040498902148
9,45,0.202991852951824,0.329680195208957,0.472166693184746,29.9390675815619
10,45,0.209460019141434,0.861009945637262,0.46948065649285,34.983533980972
1,46,0.177267315914029,7.38415246988482,0.366593958590994,1352.12571015303
2,46,0.177703027228904,2.71532614934576,0.382212153522529,571.810746212262
3,46,0.174334716213197,2.19630719503113,0.378544047349437,589.131159828003
4,46,0.173053538683036,1.685116307195,0.379310301661559,628.499501320807
5,46,0.17642919757903,1.56735135870803,0.387093030494622,565.2457569984
6,46,0.175987563147793,2.89643866353367,0.377911228143957,612.04447471841
7,46,0.175024482143685,2.40240154231151,0.377088889347076,1108.91769844808
8,46,0.176164511614606,1.54460434746655,0.386710601060973,548.385652365735
9,46,0.17548963702887,2.85131498675564,0.377305373853758,582.844712830593
10,46,0.174764921938942,2.4784634476056,0.376800091545742,870.793464589448
1,47,0.208377971364427,3.02679543763833,0.446076611618342,60.8549437030028
2,47,0.208451555150962,3.16281626461435,0.444927003212117,74.462507411915
3,47,0.203447352065786,1.66888522691326,0.444273721936027,95.6577477418588
4,47,0.208251362135998,2.99419504350874,0.446306484440923,58.7174249041726
5,47,0.208230615327487,3.05831220721994,0.445008131007094,75.649088929512
6,47,0.200027045664419,0.902952599762104,0.448011914474356,64.4106831069522
7,47,0.208971393780693,2.94876657563051,0.448033939534151,53.6181207645913
8,47,0.208338868191606,3.00857478220249,0.445929933037157,66.0833310170909
9,47,0.207747407892721,2.48894208277552,0.447117300766578,79.2523622736765
10,47,0.207692173215839,1.85876644062385,0.451999600432561,66.8764487354982
1,48,0.196769689004656,1.43638766942858,0.432366152955561,131.389106430621
2,48,0.197500520396028,1.30742236027241,0.43567647764506,113.640392748336
3,48,0.204604658806699,4.47473459508764,0.430412563543552,147.146103022735
4,48,0.19661281555092,1.46744521274929,0.431735768583277,129.958621516392
5,48,0.201928937650422,3.37833437743474,0.429431856832614,155.040191972153
6,48,0.204487680984723,4.65203653926032,0.429704807224932,147.415184305528
7,48,0.202794989766263,3.28168238720836,0.43280170147377,94.1573461228671
8,48,0.199695413325137,1.62119273518971,0.437037523897783,103.339497386346
9,48,0.201896165651237,2.82684145679847,0.432101200829545,152.908314102519
10,48,0.202259356363178,2.06263329713791,0.439071565351178,88.0497565689161
1,49,0.193154074304532,1.99101528658767,0.41875565114832,247.806698885053
2,49,0.197684437624272,2.88011973084226,0.423296692452032,180.228942164307
3,49,0.194743159748682,3.12789796950158,0.415500934983648,243.363691169699
4,49,0.197957707674724,2.97414983742151,0.42389889524748,141.522875814931
5,49,0.197853358652555,2.86664666080123,0.423566488089933,181.107111305205
6,49,0.1966755223293,2.35471365424015,0.423961693151638,185.891569611013
7,49,0.197746051748532,2.95031163017031,0.423298992093845,157.361408859911
8,49,0.196773078880703,2.88916898693138,0.421353896203147,170.959384651944
9,49,0.196693458357215,2.28894520803184,0.424504646683525,186.190631274877
10,49,0.198421540130825,3.03194654123272,0.42494921608384,124.524630913462
1,50,0.168970851257901,1.8376955446506,0.369249122621701,880.46654743753
2,50,0.172923905988757,2.0890871198904,0.375608350899664,777.238070971038
3,50,0.169089659545799,1.30988136619182,0.373977426869748,820.273880094608
4,50,0.169893301779063,1.61238715193102,0.372836302305247,771.931512891483
5,50,0.17565027909168,3.20163884016537,0.374996620586283,945.589992243483
6,50,0.165137447828142,1.24041982724976,0.366403728914094,925.375052453741
7,50,0.169722361103391,1.56795092407121,0.372550323103966,875.912554396181
8,50,0.167964721909695,1.77613313654473,0.366499924762503,1377.73320292373
9,50,0.175187478427462,1.22913846710106,0.386851863581119,804.100658581995
10,50,0.170730157525074,1.34014286393458,0.377286231278629,717.484816567929
1,51,0.151665485751971,1.18697117046637,0.336736156866737,3677.69233864963
2,51,0.14903067180769,0.576019874272757,0.339777776848689,3861.12056864048
3,51,0.153244082327644,0.856602102561039,0.344561232595549,2575.87477160444
4,51,0.150216896734801,0.811078433843243,0.337904270134611,4341.26012180312
5,51,0.150135556332575,0.474725555132132,0.345262681032304,2434.92017079058
6,51,0.15286939992771,1.5821373140902,0.335408557877593,4491.76536503101
7,51,0.151441960709251,0.638069184190363,0.34510523759256,1858.88355888663
8,51,0.152376063209979,1.17133623625072,0.337749029412288,4812.8952147274
9,51,0.150711284478851,0.621996287043755,0.342766927806277,3163.12532533139
10,51,0.1515123587121,0.83666487854903,0.340833674356214,3315.40371329529
