id,time,observation,popPred_medianCOV,popPred,indivPred_SAEM,indivPred_mean,indivPred_mode,indWRes_SAEM,indWRes_mean,indWRes_mode
63,0,0.535586,0.37123,0.37123,0.411892,0.411181,0.412702,1.38625,1.39663,1.37447
63,0.3539,0.456952,0.396615,0.396615,0.435265,0.436327,0.439385,0.230004,0.218199,0.184553
63,0.7078,0.479703,0.396615,0.396615,0.435265,0.436327,0.439385,0.471288,0.458896,0.423575
63,1.0617,0.496302,0.396615,0.396615,0.435265,0.436327,0.439385,0.647323,0.634502,0.597959
63,1.4156,0.456399,0.396615,0.396615,0.435265,0.436327,0.439385,0.224136,0.212346,0.178741
63,1.7695,0.610269,0.396615,0.396615,0.435265,0.436327,0.439385,1.85597,1.84021,1.79527
63,2.1234,0.540385,0.396615,0.396615,0.435265,0.436327,0.439385,1.11483,1.10087,1.06108
63,2.4773,0.734195,0.396615,0.396615,0.435265,0.436327,0.439385,3.17025,3.15128,3.09723
63,2.8312,0.573545,0.396615,0.396615,0.435265,0.436327,0.439385,1.46651,1.45169,1.40946
63,3.1851,0.548495,0.396615,0.396615,0.435265,0.436327,0.439385,1.20084,1.18667,1.14629
63,3.539,0.439797,0.396615,0.396615,0.435265,0.436327,0.439385,0.0480715,0.03671,0.00432724
63,3.8929,0.515699,0.396615,0.396615,0.435265,0.436327,0.439385,0.853033,0.83971,0.801739
63,4.2468,0.437566,0.396615,0.396615,0.435265,0.436327,0.439385,0.0244089,0.013105,-0.0191134
63,4.6007,0.495045,0.396615,0.396615,0.435265,0.436327,0.439385,0.633988,0.621199,0.584749
63,4.9546,0.50105,0.396615,0.396615,0.435265,0.436327,0.439385,0.697679,0.684735,0.647842
63,5.3085,0.419047,0.396615,0.396615,0.435265,0.436327,0.439385,-0.171989,-0.182815,-0.21367
63,5.6624,0.502514,0.396615,0.396615,0.435265,0.436327,0.439385,0.713198,0.700217,0.663216
63,6.0162,0.461681,0.396615,0.396615,0.435265,0.436327,0.439385,0.280153,0.268226,0.234232
63,6.3701,0.489338,0.396615,0.396615,0.435265,0.436327,0.439385,0.57347,0.560829,0.524798
63,6.724,0.628547,0.396615,0.396615,0.435265,0.436327,0.439385,2.04982,2.03358,1.9873
63,7.0779,0.546912,0.396615,0.396615,0.435265,0.436327,0.439385,1.18406,1.16993,1.12966
63,7.4318,0.482134,0.396615,0.396615,0.435265,0.436327,0.439385,0.497065,0.48461,0.44911
63,7.7857,0.340917,0.396615,0.396615,0.435265,0.436327,0.439385,-1.00059,-1.0094,-1.0345
63,8.1396,0.415365,0.396615,0.396615,0.435265,0.436327,0.439385,-0.211042,-0.221773,-0.252357
63,8.4935,0.320257,0.396615,0.396615,0.435265,0.436327,0.439385,-1.21969,-1.22796,-1.25154
63,8.8474,0.466827,0.396615,0.396615,0.435265,0.436327,0.439385,0.334733,0.322673,0.2883
63,9.2013,0.440404,0.396615,0.396615,0.435265,0.436327,0.439385,0.0545076,0.0431303,0.0107029
63,9.5552,0.481273,0.396615,0.396615,0.435265,0.436327,0.439385,0.487929,0.475496,0.440059
63,9.9091,0.405644,0.396615,0.396615,0.435265,0.436327,0.439385,-0.314131,-0.32461,-0.354478
63,10.263,0.408637,0.396615,0.396615,0.435265,0.436327,0.439385,-0.282398,-0.292954,-0.323043
63,10.6169,0.495199,0.396615,0.396615,0.435265,0.436327,0.439385,0.63562,0.622827,0.586365
63,10.9708,0.504207,0.396615,0.396615,0.435265,0.436327,0.439385,0.731153,0.718127,0.681002
63,11.3247,0.377652,0.396615,0.396615,0.435265,0.436327,0.439385,-0.610994,-0.62075,-0.648557
63,11.6786,0.357304,0.396615,0.396615,0.435265,0.436327,0.439385,-0.826801,-0.836031,-0.86234
63,12.0325,0.370849,0.396615,0.396615,0.435265,0.436327,0.439385,-0.683147,-0.692727,-0.720033
63,12.3863,0.37374,0.396615,0.396615,0.435265,0.436327,0.439385,-0.652487,-0.662142,-0.689661
63,12.7402,0.415404,0.396615,0.396615,0.435265,0.436327,0.439385,-0.210629,-0.221361,-0.251947
63,13.0941,0.321429,0.396615,0.396615,0.435265,0.436327,0.439385,-1.20726,-1.21556,-1.23923
63,13.448,0.423922,0.396615,0.396615,0.435265,0.436327,0.439385,-0.120291,-0.131242,-0.162456
63,13.8019,0.386613,0.396615,0.396615,0.435265,0.436327,0.439385,-0.515962,-0.52595,-0.554416
63,14.1558,0.344199,0.396615,0.396615,0.435265,0.436327,0.439385,-0.965776,-0.974668,-1.00001
63,14.5097,0.411152,0.396615,0.396615,0.435265,0.436327,0.439385,-0.255725,-0.266347,-0.29662
63,14.8636,0.312118,0.396615,0.396615,0.435265,0.436327,0.439385,-1.30601,-1.31407,-1.33705
63,15.2175,0.365774,0.396615,0.396615,0.435265,0.436327,0.439385,-0.736967,-0.746416,-0.773349
63,15.5714,0.308524,0.396615,0.396615,0.435265,0.436327,0.439385,-1.34412,-1.35209,-1.37481
63,15.9253,0.317917,0.396615,0.396615,0.435265,0.436327,0.439385,-1.2445,-1.25272,-1.27613
63,16.2792,0.436255,0.396615,0.396615,0.435265,0.436327,0.439385,0.0105085,-0.00076152,-0.0328834
63,16.6331,0.339348,0.396615,0.396615,0.435265,0.436327,0.439385,-1.01722,-1.02599,-1.05098
63,16.987,0.326946,0.396615,0.396615,0.435265,0.436327,0.439385,-1.14875,-1.15719,-1.18127
63,17.3409,0.415998,0.396615,0.396615,0.435265,0.436327,0.439385,-0.204326,-0.215073,-0.245703
64,0,0.272707,0.37123,0.37123,0.344047,0.343955,0.344637,-0.957176,-0.956196,-0.963434
64,0.3539,0.332712,0.396615,0.396615,0.365584,0.366958,0.36875,-0.41507,-0.430797,-0.451141
64,0.7078,0.418093,0.396615,0.396615,0.365584,0.366958,0.36875,0.663015,0.643252,0.617687
64,1.0617,0.402328,0.396615,0.396615,0.365584,0.366958,0.36875,0.463955,0.444937,0.420336
64,1.4156,0.515331,0.396615,0.396615,0.365584,0.366958,0.36875,1.89081,1.86645,1.83494
64,1.7695,0.452849,0.396615,0.396615,0.365584,0.366958,0.36875,1.10187,1.08046,1.05277
64,2.1234,0.366778,0.396615,0.396615,0.365584,0.366958,0.36875,0.0150809,-0.00225697,-0.0246838
64,2.4773,0.434862,0.396615,0.396615,0.365584,0.366958,0.36875,0.874755,0.854199,0.827609
64,2.8312,0.456966,0.396615,0.396615,0.365584,0.366958,0.36875,1.15385,1.13225,1.1043
64,3.1851,0.376855,0.396615,0.396615,0.365584,0.366958,0.36875,0.142309,0.124495,0.101452
64,3.539,0.407545,0.396615,0.396615,0.365584,0.366958,0.36875,0.529831,0.510566,0.485646
64,3.8929,0.460135,0.396615,0.396615,0.365584,0.366958,0.36875,1.19387,1.17212,1.14398
64,4.2468,0.514636,0.396615,0.396615,0.365584,0.366958,0.36875,1.88203,1.8577,1.82623
64,4.6007,0.452648,0.396615,0.396615,0.365584,0.366958,0.36875,1.09932,1.07793,1.05025
64,4.9546,0.482312,0.396615,0.396615,0.365584,0.366958,0.36875,1.47389,1.45109,1.4216
64,5.3085,0.309606,0.396615,0.396615,0.365584,0.366958,0.36875,-0.70682,-0.721456,-0.740387
64,5.6624,0.385043,0.396615,0.396615,0.365584,0.366958,0.36875,0.245704,0.227503,0.20396
64,6.0162,0.295966,0.396615,0.396615,0.365584,0.366958,0.36875,-0.87905,-0.893041,-0.911138
64,6.3701,0.338496,0.396615,0.396615,0.365584,0.366958,0.36875,-0.342027,-0.358027,-0.378725
64,6.724,0.418923,0.396615,0.396615,0.365584,0.366958,0.36875,0.67349,0.653687,0.628072
64,7.0779,0.457908,0.396615,0.396615,0.365584,0.366958,0.36875,1.16575,1.1441,1.1161
64,7.4318,0.349691,0.396615,0.396615,0.365584,0.366958,0.36875,-0.200677,-0.217207,-0.238589
64,7.7857,0.416193,0.396615,0.396615,0.365584,0.366958,0.36875,0.639028,0.619354,0.593906
64,8.1396,0.350144,0.396615,0.396615,0.365584,0.366958,0.36875,-0.19496,-0.211512,-0.232922
64,8.4935,0.431355,0.396615,0.396615,0.365584,0.366958,0.36875,0.830474,0.810084,0.783708
64,8.8474,0.308729,0.396615,0.396615,0.365584,0.366958,0.36875,-0.717896,-0.73249,-0.751367
64,9.2013,0.324001,0.396615,0.396615,0.365584,0.366958,0.36875,-0.525061,-0.540377,-0.560188
64,9.5552,0.461842,0.396615,0.396615,0.365584,0.366958,0.36875,1.21542,1.19359,1.16535
64,9.9091,0.436075,0.396615,0.396615,0.365584,0.366958,0.36875,0.890067,0.869454,0.84279
64,10.263,0.287803,0.396615,0.396615,0.365584,0.366958,0.36875,-0.982116,-0.995721,-1.01332
64,10.6169,0.445758,0.396615,0.396615,0.365584,0.366958,0.36875,1.01233,0.991261,0.964005
64,10.9708,0.354659,0.396615,0.396615,0.365584,0.366958,0.36875,-0.137951,-0.154716,-0.176401
64,11.3247,0.320893,0.396615,0.396615,0.365584,0.366958,0.36875,-0.5643,-0.579469,-0.59909
64,11.6786,0.354288,0.396615,0.396615,0.365584,0.366958,0.36875,-0.142631,-0.159378,-0.181041
64,12.0325,0.35485,0.396615,0.396615,0.365584,0.366958,0.36875,-0.13554,-0.152314,-0.174011
64,12.3863,0.297181,0.396615,0.396615,0.365584,0.366958,0.36875,-0.863708,-0.877756,-0.895927
64,12.7402,0.322241,0.396615,0.396615,0.365584,0.366958,0.36875,-0.547285,-0.562518,-0.582221
64,13.0941,0.434455,0.396615,0.396615,0.365584,0.366958,0.36875,0.869607,0.84907,0.822505
64,13.448,0.275109,0.396615,0.396615,0.365584,0.366958,0.36875,-1.1424,-1.15541,-1.17223
64,13.8019,0.353928,0.396615,0.396615,0.365584,0.366958,0.36875,-0.147182,-0.163912,-0.185553
64,14.1558,0.311478,0.396615,0.396615,0.365584,0.366958,0.36875,-0.683185,-0.697909,-0.716954
64,14.5097,0.338805,0.396615,0.396615,0.365584,0.366958,0.36875,-0.338127,-0.354143,-0.374859
64,14.8636,0.255351,0.396615,0.396615,0.365584,0.366958,0.36875,-1.39188,-1.40395,-1.41957
64,15.2175,0.301882,0.396615,0.396615,0.365584,0.366958,0.36875,-0.804344,-0.818614,-0.837073
64,15.5714,0.299635,0.396615,0.396615,0.365584,0.366958,0.36875,-0.832713,-0.846877,-0.865198
64,15.9253,0.242002,0.396615,0.396615,0.365584,0.366958,0.36875,-1.56043,-1.57187,-1.58667
64,16.2792,0.394346,0.396615,0.396615,0.365584,0.366958,0.36875,0.363173,0.344532,0.32042
64,16.6331,0.311228,0.396615,0.396615,0.365584,0.366958,0.36875,-0.68634,-0.701052,-0.720082
64,16.987,0.324551,0.396615,0.396615,0.365584,0.366958,0.36875,-0.518106,-0.533447,-0.553292
64,17.3409,0.315407,0.396615,0.396615,0.365584,0.366958,0.36875,-0.633572,-0.648481,-0.667767
65,0,0.390561,0.37123,0.37123,0.436203,0.436246,0.437324,-0.483002,-0.483411,-0.493592
65,0.3539,0.569675,0.396615,0.396615,0.485382,0.482245,0.491263,0.801646,0.836887,0.736792
65,0.7078,0.390424,0.396615,0.396615,0.485382,0.482245,0.491263,-0.903075,-0.878922,-0.947522
65,1.0617,0.691045,0.396615,0.396615,0.485382,0.482245,0.491263,1.95591,1.99866,1.87724
65,1.4156,0.33041,0.396615,0.396615,0.485382,0.482245,0.491263,-1.47382,-1.45338,-1.51144
65,1.7695,0.660569,0.396615,0.396615,0.485382,0.482245,0.491263,1.66607,1.70694,1.59087
65,2.1234,0.634936,0.396615,0.396615,0.485382,0.482245,0.491263,1.4223,1.46158,1.35002
65,2.4773,0.705594,0.396615,0.396615,0.485382,0.482245,0.491263,2.09427,2.13792,2.01394
65,2.8312,0.718067,0.396615,0.396615,0.485382,0.482245,0.491263,2.21289,2.25731,2.13114
65,3.1851,0.514742,0.396615,0.396615,0.485382,0.482245,0.491263,0.279216,0.311059,0.220616
65,3.539,0.594357,0.396615,0.396615,0.485382,0.482245,0.491263,1.03638,1.07314,0.968713
65,3.8929,0.594584,0.396615,0.396615,0.485382,0.482245,0.491263,1.03853,1.07532,0.970844
65,4.2468,0.642707,0.396615,0.396615,0.485382,0.482245,0.491263,1.4962,1.53596,1.42303
65,4.6007,0.427338,0.396615,0.396615,0.485382,0.482245,0.491263,-0.55202,-0.525584,-0.60067
65,4.9546,0.433066,0.396615,0.396615,0.485382,0.482245,0.491263,-0.497539,-0.470749,-0.546841
65,5.3085,0.555863,0.396615,0.396615,0.485382,0.482245,0.491263,0.67029,0.704677,0.607009
65,5.6624,0.735417,0.396615,0.396615,0.485382,0.482245,0.491263,2.3779,2.4234,2.29418
65,6.0162,0.618907,0.396615,0.396615,0.485382,0.482245,0.491263,1.26986,1.30814,1.1994
65,6.3701,0.488778,0.396615,0.396615,0.485382,0.482245,0.491263,0.0322923,0.0625289,-0.023352
65,6.724,0.513276,0.396615,0.396615,0.485382,0.482245,0.491263,0.265276,0.297028,0.206843
65,7.0779,0.474022,0.396615,0.396615,0.485382,0.482245,0.491263,-0.108043,-0.0787191,-0.162007
65,7.4318,0.595209,0.396615,0.396615,0.485382,0.482245,0.491263,1.04448,1.0813,0.976719
65,7.7857,0.457651,0.396615,0.396615,0.485382,0.482245,0.491263,-0.263737,-0.235426,-0.315837
65,8.1396,0.410288,0.396615,0.396615,0.485382,0.482245,0.491263,-0.714163,-0.688781,-0.760871
65,8.4935,0.569294,0.396615,0.396615,0.485382,0.482245,0.491263,0.798026,0.833244,0.733216
65,8.8474,0.395502,0.396615,0.396615,0.485382,0.482245,0.491263,-0.854786,-0.83032,-0.899812
65,9.2013,0.489511,0.396615,0.396615,0.485382,0.482245,0.491263,0.0392614,0.0695434,-0.0164663
65,9.5552,0.438365,0.396615,0.396615,0.485382,0.482245,0.491263,-0.44715,-0.420032,-0.497055
65,9.9091,0.428329,0.396615,0.396615,0.485382,0.482245,0.491263,-0.542595,-0.516098,-0.591357
65,10.263,0.454435,0.396615,0.396615,0.485382,0.482245,0.491263,-0.294317,-0.266205,-0.346051
65,10.6169,0.432373,0.396615,0.396615,0.485382,0.482245,0.491263,-0.504134,-0.477387,-0.553357
65,10.9708,0.491993,0.396615,0.396615,0.485382,0.482245,0.491263,0.0628707,0.0933063,0.00686044
65,11.3247,0.420928,0.396615,0.396615,0.485382,0.482245,0.491263,-0.612977,-0.586938,-0.660897
65,11.6786,0.459801,0.396615,0.396615,0.485382,0.482245,0.491263,-0.243286,-0.214842,-0.295631
65,12.0325,0.460275,0.396615,0.396615,0.485382,0.482245,0.491263,-0.238776,-0.210302,-0.291175
65,12.3863,0.444734,0.396615,0.396615,0.485382,0.482245,0.491263,-0.386577,-0.359065,-0.437207
65,12.7402,0.554884,0.396615,0.396615,0.485382,0.482245,0.491263,0.660976,0.695302,0.597806
65,13.0941,0.436904,0.396615,0.396615,0.485382,0.482245,0.491263,-0.461045,-0.434018,-0.510784
65,13.448,0.440428,0.396615,0.396615,0.485382,0.482245,0.491263,-0.427524,-0.400279,-0.477664
65,13.8019,0.502395,0.396615,0.396615,0.485382,0.482245,0.491263,0.161799,0.192878,0.104604
65,14.1558,0.499169,0.396615,0.396615,0.485382,0.482245,0.491263,0.131113,0.161993,0.0742861
65,14.5097,0.481549,0.396615,0.396615,0.485382,0.482245,0.491263,-0.036453,-0.00666358,-0.0912744
65,14.8636,0.477382,0.396615,0.396615,0.485382,0.482245,0.491263,-0.0760885,-0.0465569,-0.130435
65,15.2175,0.328468,0.396615,0.396615,0.485382,0.482245,0.491263,-1.4923,-1.47198,-1.5297
65,15.5714,0.294066,0.396615,0.396615,0.485382,0.482245,0.491263,-1.81947,-1.80128,-1.85295
65,15.9253,0.422049,0.396615,0.396615,0.485382,0.482245,0.491263,-0.602321,-0.576212,-0.650368
65,16.2792,0.451876,0.396615,0.396615,0.485382,0.482245,0.491263,-0.318658,-0.290705,-0.370102
65,16.6331,0.608655,0.396615,0.396615,0.485382,0.482245,0.491263,1.17236,1.21001,1.10306
65,16.987,0.43731,0.396615,0.396615,0.485382,0.482245,0.491263,-0.457181,-0.430128,-0.506966
65,17.3409,0.425004,0.396615,0.396615,0.485382,0.482245,0.491263,-0.574211,-0.547919,-0.622595
66,0,0.418786,0.37123,0.37123,0.362623,0.361664,0.362473,0.714943,0.729082,0.717155
66,0.3539,0.420291,0.396615,0.396615,0.383407,0.382915,0.385264,0.444072,0.450578,0.419679
66,0.7078,0.44556,0.396615,0.396615,0.383407,0.382915,0.385264,0.748304,0.755201,0.722444
66,1.0617,0.408699,0.396615,0.396615,0.383407,0.382915,0.385264,0.304507,0.310833,0.280786
66,1.4156,0.456662,0.396615,0.396615,0.383407,0.382915,0.385264,0.881973,0.889041,0.855469
66,1.7695,0.508663,0.396615,0.396615,0.383407,0.382915,0.385264,1.50805,1.51592,1.47853
66,2.1234,0.425397,0.396615,0.396615,0.383407,0.382915,0.385264,0.505548,0.512133,0.480859
66,2.4772,0.424834,0.396615,0.396615,0.383407,0.382915,0.385264,0.498773,0.505349,0.474116
66,2.8311,0.412325,0.396615,0.396615,0.383407,0.382915,0.385264,0.348167,0.354549,0.324236
66,3.185,0.388002,0.396615,0.396615,0.383407,0.382915,0.385264,0.0553262,0.0613319,0.0328069
66,3.5389,0.50456,0.396615,0.396615,0.383407,0.382915,0.385264,1.45865,1.46646,1.42937
66,3.8928,0.4018,0.396615,0.396615,0.383407,0.382915,0.385264,0.221446,0.227666,0.198126
66,4.2467,0.477574,0.396615,0.396615,0.383407,0.382915,0.385264,1.13374,1.14113,1.10602
66,4.6006,0.37788,0.396615,0.396615,0.383407,0.382915,0.385264,-0.0665513,-0.0607023,-0.088483
66,4.9545,0.494108,0.396615,0.396615,0.383407,0.382915,0.385264,1.33281,1.34046,1.30413
66,5.3084,0.402621,0.396615,0.396615,0.383407,0.382915,0.385264,0.231331,0.237563,0.207963
66,5.6623,0.456665,0.396615,0.396615,0.383407,0.382915,0.385264,0.882005,0.889074,0.855501
66,6.0162,0.444485,0.396615,0.396615,0.383407,0.382915,0.385264,0.735358,0.742238,0.70956
66,6.3701,0.457427,0.396615,0.396615,0.383407,0.382915,0.385264,0.891172,0.898253,0.864624
66,6.724,0.414124,0.396615,0.396615,0.383407,0.382915,0.385264,0.369824,0.376234,0.345789
66,7.0779,0.550974,0.396615,0.396615,0.383407,0.382915,0.385264,2.01746,2.02598,1.98548
66,7.4318,0.394722,0.396615,0.396615,0.383407,0.382915,0.385264,0.136232,0.142342,0.113323
66,7.7857,0.301398,0.396615,0.396615,0.383407,0.382915,0.385264,-0.987362,-0.982697,-1.00486
66,8.1396,0.354731,0.396615,0.396615,0.383407,0.382915,0.385264,-0.345254,-0.339763,-0.365842
66,8.4935,0.370106,0.396615,0.396615,0.383407,0.382915,0.385264,-0.160144,-0.154415,-0.181624
66,8.8473,0.242245,0.396615,0.396615,0.383407,0.382915,0.385264,-1.69955,-1.69581,-1.71361
66,9.2012,0.435846,0.396615,0.396615,0.383407,0.382915,0.385264,0.631355,0.638101,0.606059
66,9.5551,0.359867,0.396615,0.396615,0.383407,0.382915,0.385264,-0.283414,-0.277843,-0.3043
66,9.909,0.324331,0.396615,0.396615,0.383407,0.382915,0.385264,-0.711261,-0.706241,-0.730085
66,10.2629,0.359146,0.396615,0.396615,0.383407,0.382915,0.385264,-0.292101,-0.286542,-0.312945
66,10.6168,0.351994,0.396615,0.396615,0.383407,0.382915,0.385264,-0.3782,-0.372752,-0.398629
66,10.9707,0.357472,0.396615,0.396615,0.383407,0.382915,0.385264,-0.312253,-0.30672,-0.333001
66,11.3246,0.486645,0.396615,0.396615,0.383407,0.382915,0.385264,1.24295,1.25048,1.21471
66,11.6785,0.32677,0.396615,0.396615,0.383407,0.382915,0.385264,-0.68189,-0.676833,-0.700856
66,12.0324,0.403851,0.396615,0.396615,0.383407,0.382915,0.385264,0.246135,0.252387,0.222696
66,12.3863,0.34884,0.396615,0.396615,0.383407,0.382915,0.385264,-0.416175,-0.410776,-0.436421
66,12.7402,0.449762,0.396615,0.396615,0.383407,0.382915,0.385264,0.798895,0.805857,0.772792
66,13.0941,0.45855,0.396615,0.396615,0.383407,0.382915,0.385264,0.9047,0.911797,0.878086
66,13.448,0.309135,0.396615,0.396615,0.383407,0.382915,0.385264,-0.894216,-0.889431,-0.912157
66,13.8019,0.395054,0.396615,0.396615,0.383407,0.382915,0.385264,0.140226,0.146341,0.117298
66,14.1558,0.343036,0.396615,0.396615,0.383407,0.382915,0.385264,-0.486057,-0.480747,-0.505966
66,14.5097,0.379511,0.396615,0.396615,0.383407,0.382915,0.385264,-0.0469054,-0.0410311,-0.0689318
66,14.8636,0.345495,0.396615,0.396615,0.383407,0.382915,0.385264,-0.456454,-0.451106,-0.476506
66,15.2174,0.323394,0.396615,0.396615,0.383407,0.382915,0.385264,-0.722541,-0.717536,-0.741311
66,15.5713,0.274503,0.396615,0.396615,0.383407,0.382915,0.385264,-1.31117,-1.30693,-1.32711
66,15.9252,0.201318,0.396615,0.396615,0.383407,0.382915,0.385264,-2.1923,-2.18918,-2.20398
66,16.2791,0.31129,0.396615,0.396615,0.383407,0.382915,0.385264,-0.868271,-0.863452,-0.886338
66,16.633,0.318456,0.396615,0.396615,0.383407,0.382915,0.385264,-0.781991,-0.777061,-0.800473
66,16.9869,0.334769,0.396615,0.396615,0.383407,0.382915,0.385264,-0.585593,-0.580411,-0.605023
66,17.3408,0.273808,0.396615,0.396615,0.383407,0.382915,0.385264,-1.31955,-1.31531,-1.33544
67,0,0.340092,0.37123,0.37123,0.353748,0.352996,0.353705,-0.178199,-0.168755,-0.177668
67,0.3539,0.389548,0.396615,0.396615,0.375698,0.375149,0.37763,0.170175,0.177172,0.145684
67,0.7078,0.309334,0.396615,0.396615,0.375698,0.375149,0.37763,-0.815399,-0.809842,-0.834846
67,1.0617,0.38676,0.396615,0.396615,0.375698,0.375149,0.37763,0.135921,0.142869,0.111606
67,1.4156,0.395141,0.396615,0.396615,0.375698,0.375149,0.37763,0.238896,0.245994,0.214054
67,1.7695,0.559163,0.396615,0.396615,0.375698,0.375149,0.37763,2.25419,2.26424,2.21904
67,2.1234,0.576061,0.396615,0.396615,0.375698,0.375149,0.37763,2.46181,2.47216,2.4256
67,2.4773,0.432418,0.396615,0.396615,0.375698,0.375149,0.37763,0.696904,0.704671,0.669718
67,2.8312,0.437098,0.396615,0.396615,0.375698,0.375149,0.37763,0.754403,0.762255,0.726923
67,3.1851,0.624141,0.396615,0.396615,0.375698,0.375149,0.37763,3.05257,3.06378,3.01333
67,3.539,0.331375,0.396615,0.396615,0.375698,0.375149,0.37763,-0.544589,-0.538637,-0.565423
67,3.8929,0.488564,0.396615,0.396615,0.375698,0.375149,0.37763,1.38676,1.39553,1.35604
67,4.2468,0.554382,0.396615,0.396615,0.375698,0.375149,0.37763,2.19544,2.2054,2.16059
67,4.6007,0.449982,0.396615,0.396615,0.375698,0.375149,0.37763,0.912712,0.920795,0.884422
67,4.9546,0.451028,0.396615,0.396615,0.375698,0.375149,0.37763,0.925564,0.933666,0.897208
67,5.3085,0.403079,0.396615,0.396615,0.375698,0.375149,0.37763,0.33643,0.34367,0.311089
67,5.6624,0.36971,0.396615,0.396615,0.375698,0.375149,0.37763,-0.073567,-0.0669259,-0.0968103
67,6.0162,0.426478,0.396615,0.396615,0.375698,0.375149,0.37763,0.623918,0.631578,0.597105
67,6.3701,0.49172,0.396615,0.396615,0.375698,0.375149,0.37763,1.42553,1.43436,1.39462
67,6.724,0.300275,0.396615,0.396615,0.375698,0.375149,0.37763,-0.926698,-0.921305,-0.945576
67,7.0779,0.462021,0.396615,0.396615,0.375698,0.375149,0.37763,1.06064,1.06894,1.03159
67,7.4318,0.407197,0.396615,0.396615,0.375698,0.375149,0.37763,0.387023,0.394338,0.361423
67,7.7857,0.310453,0.396615,0.396615,0.375698,0.375149,0.37763,-0.801644,-0.796068,-0.821162
67,8.1396,0.396239,0.396615,0.396615,0.375698,0.375149,0.37763,0.252389,0.259506,0.227478
67,8.4935,0.327689,0.396615,0.396615,0.375698,0.375149,0.37763,-0.589873,-0.583987,-0.610475
67,8.8474,0.354449,0.396615,0.396615,0.375698,0.375149,0.37763,-0.261083,-0.254716,-0.283367
67,9.2013,0.349364,0.396615,0.396615,0.375698,0.375149,0.37763,-0.323564,-0.317289,-0.345528
67,9.5552,0.502396,0.396615,0.396615,0.375698,0.375149,0.37763,1.55672,1.56574,1.52513
67,9.9091,0.364189,0.396615,0.396615,0.375698,0.375149,0.37763,-0.141406,-0.134864,-0.164302
67,10.263,0.347833,0.396615,0.396615,0.375698,0.375149,0.37763,-0.342366,-0.336117,-0.364233
67,10.6169,0.367606,0.396615,0.396615,0.375698,0.375149,0.37763,-0.0994196,-0.0928163,-0.122531
67,10.9708,0.311075,0.396615,0.396615,0.375698,0.375149,0.37763,-0.794009,-0.788421,-0.813566
67,11.3247,0.35233,0.396615,0.396615,0.375698,0.375149,0.37763,-0.287122,-0.280793,-0.309272
67,11.6786,0.290824,0.396615,0.396615,0.375698,0.375149,0.37763,-1.04283,-1.03761,-1.06112
67,12.0325,0.312717,0.396615,0.396615,0.375698,0.375149,0.37763,-0.773827,-0.76821,-0.793487
67,12.3863,0.236671,0.396615,0.396615,0.375698,0.375149,0.37763,-1.70819,-1.70394,-1.72307
67,12.7402,0.346607,0.396615,0.396615,0.375698,0.375149,0.37763,-0.357438,-0.351212,-0.379229
67,13.0941,0.29969,0.396615,0.396615,0.375698,0.375149,0.37763,-0.933896,-0.928512,-0.952737
67,13.448,0.294219,0.396615,0.396615,0.375698,0.375149,0.37763,-1.00111,-0.995825,-1.01961
67,13.8019,0.345779,0.396615,0.396615,0.375698,0.375149,0.37763,-0.367608,-0.361397,-0.389347
67,14.1558,0.34583,0.396615,0.396615,0.375698,0.375149,0.37763,-0.366975,-0.360763,-0.388717
67,14.5097,0.29492,0.396615,0.396615,0.375698,0.375149,0.37763,-0.992501,-0.987203,-1.01104
67,14.8636,0.231732,0.396615,0.396615,0.375698,0.375149,0.37763,-1.76888,-1.76472,-1.78345
67,15.2175,0.287434,0.396615,0.396615,0.375698,0.375149,0.37763,-1.08448,-1.07931,-1.10255
67,15.5714,0.294875,0.396615,0.396615,0.375698,0.375149,0.37763,-0.99305,-0.987754,-1.01159
67,15.9253,0.225169,0.396615,0.396615,0.375698,0.375149,0.37763,-1.84951,-1.84547,-1.86367
67,16.2792,0.283787,0.396615,0.396615,0.375698,0.375149,0.37763,-1.12929,-1.12419,-1.14713
67,16.6331,0.249947,0.396615,0.396615,0.375698,0.375149,0.37763,-1.54507,-1.54058,-1.56078
67,16.987,0.392657,0.396615,0.396615,0.375698,0.375149,0.37763,0.208377,0.215431,0.183691
67,17.3409,0.269182,0.396615,0.396615,0.375698,0.375149,0.37763,-1.30873,-1.3039,-1.32566
68,0,0.431441,0.37123,0.37123,0.415807,0.417959,0.421456,0.17356,0.148906,0.109359
68,0.3539,0.596425,0.396615,0.396615,0.451359,0.452124,0.457443,1.48361,1.47329,1.40249
68,0.7078,0.51504,0.396615,0.396615,0.451359,0.452124,0.457443,0.651281,0.642367,0.581223
68,1.0617,0.509611,0.396615,0.396615,0.451359,0.452124,0.457443,0.59576,0.58694,0.52644
68,1.4156,0.440205,0.396615,0.396615,0.451359,0.452124,0.457443,-0.114071,-0.12169,-0.17395
68,1.7695,0.671826,0.396615,0.396615,0.451359,0.452124,0.457443,2.25475,2.24313,2.16337
68,2.1234,0.282429,0.396615,0.396615,0.451359,0.452124,0.457443,-1.72767,-1.73256,-1.76609
68,2.4773,0.630592,0.396615,0.396615,0.451359,0.452124,0.457443,1.83304,1.82213,1.74727
68,2.8312,0.587342,0.396615,0.396615,0.451359,0.452124,0.457443,1.39073,1.38056,1.31083
68,3.1851,0.620921,0.396615,0.396615,0.451359,0.452124,0.457443,1.73414,1.7234,1.64968
68,3.539,0.59893,0.396615,0.396615,0.451359,0.452124,0.457443,1.50924,1.49887,1.42777
68,3.8929,0.603105,0.396615,0.396615,0.451359,0.452124,0.457443,1.55193,1.5415,1.4699
68,4.2468,0.311217,0.396615,0.396615,0.451359,0.452124,0.457443,-1.43325,-1.43864,-1.47558
68,4.6007,0.680635,0.396615,0.396615,0.451359,0.452124,0.457443,2.34484,2.33306,2.25226
68,4.9546,0.578142,0.396615,0.396615,0.451359,0.452124,0.457443,1.29663,1.28662,1.21799
68,5.3085,0.56897,0.396615,0.396615,0.451359,0.452124,0.457443,1.20283,1.19298,1.12543
68,5.6624,0.629607,0.396615,0.396615,0.451359,0.452124,0.457443,1.82298,1.81208,1.73733
68,6.0162,0.357116,0.396615,0.396615,0.451359,0.452124,0.457443,-0.963831,-0.970011,-1.01241
68,6.3701,0.48085,0.396615,0.396615,0.451359,0.452124,0.457443,0.30161,0.293288,0.236203
68,6.724,0.384047,0.396615,0.396615,0.451359,0.452124,0.457443,-0.688411,-0.695057,-0.74065
68,7.0779,0.270833,0.396615,0.396615,0.451359,0.452124,0.457443,-1.84626,-1.85095,-1.8831
68,7.4318,0.441582,0.396615,0.396615,0.451359,0.452124,0.457443,-0.0999888,-0.107631,-0.160054
68,7.7857,0.461305,0.396615,0.396615,0.451359,0.452124,0.457443,0.101724,0.0937405,0.0389757
68,8.1396,0.561817,0.396615,0.396615,0.451359,0.452124,0.457443,1.12968,1.11995,1.05326
68,8.4935,0.554219,0.396615,0.396615,0.451359,0.452124,0.457443,1.05197,1.04238,0.976581
68,8.8474,0.659131,0.396615,0.396615,0.451359,0.452124,0.457443,2.12492,2.11351,2.03526
68,9.2013,0.362579,0.396615,0.396615,0.451359,0.452124,0.457443,-0.907962,-0.914237,-0.957281
68,9.5552,0.441733,0.396615,0.396615,0.451359,0.452124,0.457443,-0.0984406,-0.106085,-0.158527
68,9.9091,0.450131,0.396615,0.396615,0.451359,0.452124,0.457443,-0.0125576,-0.0203479,-0.073786
68,10.263,0.483096,0.396615,0.396615,0.451359,0.452124,0.457443,0.324585,0.316224,0.258872
68,10.6169,0.437675,0.396615,0.396615,0.451359,0.452124,0.457443,-0.139941,-0.147515,-0.199475
68,10.9708,0.533411,0.396615,0.396615,0.451359,0.452124,0.457443,0.839164,0.829932,0.766607
68,11.3247,0.428267,0.396615,0.396615,0.451359,0.452124,0.457443,-0.236161,-0.243572,-0.294415
68,11.6786,0.320279,0.396615,0.396615,0.451359,0.452124,0.457443,-1.34057,-1.34611,-1.38413
68,12.0325,0.294044,0.396615,0.396615,0.451359,0.452124,0.457443,-1.60889,-1.61397,-1.64888
68,12.3863,0.25931,0.396615,0.396615,0.451359,0.452124,0.457443,-1.96411,-1.9686,-1.99938
68,12.7402,0.423454,0.396615,0.396615,0.451359,0.452124,0.457443,-0.285385,-0.292713,-0.342985
68,13.0941,0.44492,0.396615,0.396615,0.451359,0.452124,0.457443,-0.0658511,-0.0735512,-0.126371
68,13.448,0.352342,0.396615,0.396615,0.451359,0.452124,0.457443,-1.01266,-1.01875,-1.06058
68,13.8019,0.491253,0.396615,0.396615,0.451359,0.452124,0.457443,0.408004,0.399502,0.341182
68,14.1558,0.239708,0.396615,0.396615,0.451359,0.452124,0.457443,-2.16459,-2.16874,-2.19719
68,14.5097,0.287466,0.396615,0.396615,0.451359,0.452124,0.457443,-1.67616,-1.68113,-1.71526
68,14.8636,0.35537,0.396615,0.396615,0.451359,0.452124,0.457443,-0.981692,-0.987842,-1.03003
68,15.2175,0.348342,0.396615,0.396615,0.451359,0.452124,0.457443,-1.05357,-1.0596,-1.10095
68,15.5714,0.302962,0.396615,0.396615,0.451359,0.452124,0.457443,-1.51768,-1.52292,-1.55889
68,15.9253,0.458218,0.396615,0.396615,0.451359,0.452124,0.457443,0.0701534,0.0622232,0.00782492
68,16.2792,0.370414,0.396615,0.396615,0.451359,0.452124,0.457443,-0.827834,-0.834244,-0.878219
68,16.6331,0.335817,0.396615,0.396615,0.451359,0.452124,0.457443,-1.18166,-1.18747,-1.22734
68,16.987,0.354023,0.396615,0.396615,0.451359,0.452124,0.457443,-0.995464,-1.00159,-1.04362
68,17.3409,0.359688,0.396615,0.396615,0.451359,0.452124,0.457443,-0.937534,-0.943759,-0.98646
69,0,0.249403,0.37123,0.37123,0.341451,0.340276,0.34278,-1.24441,-1.23276,-1.25747
69,0.3539,0.429683,0.396615,0.396615,0.364424,0.364502,0.367011,0.826635,0.825463,0.788266
69,0.7078,0.341191,0.396615,0.396615,0.364424,0.364502,0.367011,-0.294282,-0.295213,-0.324749
69,1.0617,0.449725,0.396615,0.396615,0.364424,0.364502,0.367011,1.0805,1.07928,1.04034
69,1.4156,0.528999,0.396615,0.396615,0.364424,0.364502,0.367011,2.08466,2.08321,2.03742
69,1.7695,0.513711,0.396615,0.396615,0.364424,0.364502,0.367011,1.891,1.8896,1.84513
69,2.1234,0.430524,0.396615,0.396615,0.364424,0.364502,0.367011,0.837284,0.83611,0.79884
69,2.4773,0.40873,0.396615,0.396615,0.364424,0.364502,0.367011,0.561222,0.560108,0.524724
69,2.8312,0.339582,0.396615,0.396615,0.364424,0.364502,0.367011,-0.314673,-0.315599,-0.344996
69,3.1851,0.420268,0.396615,0.396615,0.364424,0.364502,0.367011,0.707376,0.706229,0.669847
69,3.539,0.370819,0.396615,0.396615,0.364424,0.364502,0.367011,0.0810122,0.0800009,0.0478994
69,3.8929,0.458799,0.396615,0.396615,0.364424,0.364502,0.367011,1.19544,1.19419,1.15447
69,4.2468,0.393617,0.396615,0.396615,0.364424,0.364502,0.367011,0.369791,0.368718,0.334643
69,4.6007,0.429365,0.396615,0.396615,0.364424,0.364502,0.367011,0.822598,0.821427,0.784257
69,4.9546,0.362488,0.396615,0.396615,0.364424,0.364502,0.367011,-0.0245157,-0.0255043,-0.0568846
69,5.3085,0.389138,0.396615,0.396615,0.364424,0.364502,0.367011,0.313047,0.311986,0.278298
69,5.6624,0.420027,0.396615,0.396615,0.364424,0.364502,0.367011,0.704326,0.70318,0.666819
69,6.0162,0.556407,0.396615,0.396615,0.364424,0.364502,0.367011,2.43183,2.43031,2.38214
69,6.3701,0.310337,0.396615,0.396615,0.364424,0.364502,0.367011,-0.685114,-0.685961,-0.712826
69,6.724,0.300502,0.396615,0.396615,0.364424,0.364502,0.367011,-0.809693,-0.810512,-0.836526
69,7.0779,0.403463,0.396615,0.396615,0.364424,0.364502,0.367011,0.494509,0.493409,0.458482
69,7.4318,0.430771,0.396615,0.396615,0.364424,0.364502,0.367011,0.84041,0.839235,0.801944
69,7.7857,0.399888,0.396615,0.396615,0.364424,0.364502,0.367011,0.449221,0.44813,0.413512
69,8.1396,0.443299,0.396615,0.396615,0.364424,0.364502,0.367011,0.9991,0.997891,0.959515
69,8.4935,0.379238,0.396615,0.396615,0.364424,0.364502,0.367011,0.18765,0.186616,0.153786
69,8.8474,0.365009,0.396615,0.396615,0.364424,0.364502,0.367011,0.0074139,0.00641848,-0.02518
69,9.2013,0.313988,0.396615,0.396615,0.364424,0.364502,0.367011,-0.638866,-0.639723,-0.666904
69,9.5552,0.281871,0.396615,0.396615,0.364424,0.364502,0.367011,-1.04568,-1.04645,-1.07085
69,9.9091,0.324945,0.396615,0.396615,0.364424,0.364502,0.367011,-0.500068,-0.500954,-0.529084
69,10.263,0.300102,0.396615,0.396615,0.364424,0.364502,0.367011,-0.814759,-0.815577,-0.841557
69,10.6169,0.312699,0.396615,0.396615,0.364424,0.364502,0.367011,-0.655188,-0.656041,-0.683111
69,10.9708,0.29572,0.396615,0.396615,0.364424,0.364502,0.367011,-0.87026,-0.871066,-0.896666
69,11.3247,0.278851,0.396615,0.396615,0.364424,0.364502,0.367011,-1.08394,-1.0847,-1.10884
69,11.6786,0.223771,0.396615,0.396615,0.364424,0.364502,0.367011,-1.78163,-1.78224,-1.80161
69,12.0325,0.319998,0.396615,0.396615,0.364424,0.364502,0.367011,-0.562733,-0.563606,-0.591308
69,12.3863,0.336196,0.396615,0.396615,0.364424,0.364502,0.367011,-0.357562,-0.358479,-0.387583
69,12.7402,0.404928,0.396615,0.396615,0.364424,0.364502,0.367011,0.513057,0.511953,0.476899
69,13.0941,0.327563,0.396615,0.396615,0.364424,0.364502,0.367011,-0.46691,-0.467803,-0.49616
69,13.448,0.371746,0.396615,0.396615,0.364424,0.364502,0.367011,0.0927556,0.0917418,0.0595601
69,13.8019,0.348009,0.396615,0.396615,0.364424,0.364502,0.367011,-0.207923,-0.208872,-0.238999
69,14.1558,0.280836,0.396615,0.396615,0.364424,0.364502,0.367011,-1.05879,-1.05956,-1.08387
69,14.5097,0.269215,0.396615,0.396615,0.364424,0.364502,0.367011,-1.20599,-1.20673,-1.23003
69,14.8636,0.372531,0.396615,0.396615,0.364424,0.364502,0.367011,0.10269,0.101674,0.0694245
69,15.2175,0.388747,0.396615,0.396615,0.364424,0.364502,0.367011,0.308102,0.307042,0.273389
69,15.5714,0.362192,0.396615,0.396615,0.364424,0.364502,0.367011,-0.0282637,-0.0292514,-0.0606061
69,15.9253,0.387273,0.396615,0.396615,0.364424,0.364502,0.367011,0.289428,0.288372,0.254846
69,16.2792,0.364093,0.396615,0.396615,0.364424,0.364502,0.367011,-0.00419004,-0.00518297,-0.0367022
69,16.6331,0.41764,0.396615,0.396615,0.364424,0.364502,0.367011,0.674086,0.672947,0.636793
69,16.987,0.210525,0.396615,0.396615,0.364424,0.364502,0.367011,-1.94941,-1.94999,-1.96821
69,17.3409,0.355397,0.396615,0.396615,0.364424,0.364502,0.367011,-0.114337,-0.115306,-0.146073
70,0,0.391765,0.37123,0.37123,0.33302,0.330813,0.332175,0.814274,0.850504,0.82809
70,0.3539,0.336762,0.396615,0.396615,0.349626,0.350096,0.351537,-0.169842,-0.175807,-0.194013
70,0.7078,0.345603,0.396615,0.396615,0.349626,0.350096,0.351537,-0.0531241,-0.0592459,-0.0779292
70,1.0617,0.304683,0.396615,0.396615,0.349626,0.350096,0.351537,-0.593384,-0.598781,-0.615252
70,1.4156,0.434619,0.396615,0.396615,0.349626,0.350096,0.351537,1.12216,1.11446,1.09097
70,1.7695,0.448932,0.396615,0.396615,0.349626,0.350096,0.351537,1.31114,1.30318,1.27891
70,2.1234,0.396661,0.396615,0.396615,0.349626,0.350096,0.351537,0.621003,0.613976,0.592533
70,2.4773,0.326118,0.396615,0.396615,0.349626,0.350096,0.351537,-0.310377,-0.316153,-0.333783
70,2.8312,0.484693,0.396615,0.396615,0.349626,0.350096,0.351537,1.78329,1.77471,1.7485
70,3.1851,0.443604,0.396615,0.396615,0.349626,0.350096,0.351537,1.24079,1.23293,1.20895
70,3.539,0.364236,0.396615,0.396615,0.349626,0.350096,0.351537,0.192893,0.186441,0.16675
70,3.8929,0.352284,0.396615,0.396615,0.349626,0.350096,0.351537,0.0350895,0.0288494,0.00980487
70,4.2468,0.385734,0.396615,0.396615,0.349626,0.350096,0.351537,0.476729,0.469897,0.449044
70,4.6007,0.386954,0.396615,0.396615,0.349626,0.350096,0.351537,0.492834,0.48598,0.465061
70,4.9546,0.459237,0.396615,0.396615,0.349626,0.350096,0.351537,1.44719,1.43905,1.41423
70,5.3085,0.437324,0.396615,0.396615,0.349626,0.350096,0.351537,1.15788,1.15013,1.12649
70,5.6624,0.372909,0.396615,0.396615,0.349626,0.350096,0.351537,0.307408,0.300802,0.280643
70,6.0162,0.419174,0.396615,0.396615,0.349626,0.350096,0.351537,0.918235,0.91081,0.888149
70,6.3701,0.393503,0.396615,0.396615,0.349626,0.350096,0.351537,0.579307,0.572337,0.551064
70,6.724,0.406541,0.396615,0.396615,0.349626,0.350096,0.351537,0.751445,0.744244,0.722267
70,7.0779,0.402938,0.396615,0.396615,0.349626,0.350096,0.351537,0.703873,0.696735,0.674952
70,7.4318,0.409716,0.396615,0.396615,0.349626,0.350096,0.351537,0.793367,0.786109,0.76396
70,7.7857,0.36476,0.396615,0.396615,0.349626,0.350096,0.351537,0.199811,0.19335,0.173631
70,8.1396,0.321814,0.396615,0.396615,0.349626,0.350096,0.351537,-0.367198,-0.372899,-0.390296
70,8.4935,0.350356,0.396615,0.396615,0.349626,0.350096,0.351537,0.00963654,0.00343058,-0.0155097
70,8.8474,0.444745,0.396615,0.396615,0.349626,0.350096,0.351537,1.25585,1.24797,1.22393
70,9.2013,0.23202,0.396615,0.396615,0.349626,0.350096,0.351537,-1.55275,-1.55686,-1.56941
70,9.5552,0.389362,0.396615,0.396615,0.349626,0.350096,0.351537,0.524625,0.517729,0.49668
70,9.9091,0.371312,0.396615,0.396615,0.349626,0.350096,0.351537,0.286316,0.279739,0.259666
70,10.263,0.386623,0.396615,0.396615,0.349626,0.350096,0.351537,0.488474,0.481626,0.460725
70,10.6169,0.308784,0.396615,0.396615,0.349626,0.350096,0.351537,-0.539235,-0.544705,-0.561398
70,10.9708,0.332132,0.396615,0.396615,0.349626,0.350096,0.351537,-0.230981,-0.236864,-0.254819
70,11.3247,0.35815,0.396615,0.396615,0.349626,0.350096,0.351537,0.112533,0.106189,0.0868279
70,11.6786,0.325609,0.396615,0.396615,0.349626,0.350096,0.351537,-0.317102,-0.32287,-0.340472
70,12.0325,0.326987,0.396615,0.396615,0.349626,0.350096,0.351537,-0.298912,-0.304704,-0.322381
70,12.3863,0.431846,0.396615,0.396615,0.349626,0.350096,0.351537,1.08555,1.0779,1.05456
70,12.7402,0.235626,0.396615,0.396615,0.349626,0.350096,0.351537,-1.50515,-1.50932,-1.52206
70,13.0941,0.280775,0.396615,0.396615,0.349626,0.350096,0.351537,-0.909041,-0.914015,-0.929194
70,13.448,0.38776,0.396615,0.396615,0.349626,0.350096,0.351537,0.503476,0.496607,0.475645
70,13.8019,0.301169,0.396615,0.396615,0.349626,0.350096,0.351537,-0.639779,-0.645113,-0.661395
70,14.1558,0.36601,0.396615,0.396615,0.349626,0.350096,0.351537,0.216309,0.209825,0.190039
70,14.5097,0.275218,0.396615,0.396615,0.349626,0.350096,0.351537,-0.982413,-0.987288,-1.00217
70,14.8636,0.273035,0.396615,0.396615,0.349626,0.350096,0.351537,-1.01124,-1.01607,-1.03083
70,15.2175,0.246083,0.396615,0.396615,0.349626,0.350096,0.351537,-1.36709,-1.37144,-1.38475
70,15.5714,0.171251,0.396615,0.396615,0.349626,0.350096,0.351537,-2.35508,-2.35811,-2.36737
70,15.9253,0.268194,0.396615,0.396615,0.349626,0.350096,0.351537,-1.07515,-1.0799,-1.0944
70,16.2792,0.269961,0.396615,0.396615,0.349626,0.350096,0.351537,-1.05181,-1.0566,-1.07119
70,16.6331,0.298308,0.396615,0.396615,0.349626,0.350096,0.351537,-0.677552,-0.682836,-0.698962
70,16.987,0.230932,0.396615,0.396615,0.349626,0.350096,0.351537,-1.56712,-1.57121,-1.5837
70,17.3409,0.251747,0.396615,0.396615,0.349626,0.350096,0.351537,-1.29229,-1.29675,-1.31036
71,0,0.368755,0.37123,0.37123,0.353228,0.351035,0.35225,0.20292,0.233016,0.216292
71,0.3539,0.404066,0.396615,0.396615,0.373102,0.37237,0.37508,0.383093,0.392924,0.356728
71,0.7078,0.56217,0.396615,0.396615,0.373102,0.37237,0.37508,2.3392,2.35288,2.30252
71,1.0617,0.34374,0.396615,0.396615,0.373102,0.37237,0.37508,-0.363269,-0.354906,-0.385698
71,1.4156,0.528414,0.396615,0.396615,0.373102,0.37237,0.37508,1.92157,1.93442,1.88709
71,1.7695,0.398308,0.396615,0.396615,0.373102,0.37237,0.37508,0.311859,0.32155,0.28587
71,2.1234,0.425315,0.396615,0.396615,0.373102,0.37237,0.37508,0.64599,0.656339,0.618239
71,2.4773,0.427519,0.396615,0.396615,0.373102,0.37237,0.37508,0.673261,0.683663,0.645366
71,2.8312,0.286986,0.396615,0.396615,0.373102,0.37237,0.37508,-1.06545,-1.05847,-1.08417
71,3.1851,0.500592,0.396615,0.396615,0.373102,0.37237,0.37508,1.57734,1.58952,1.54467
71,3.539,0.524678,0.396615,0.396615,0.373102,0.37237,0.37508,1.87534,1.88811,1.84111
71,3.8929,0.398766,0.396615,0.396615,0.373102,0.37237,0.37508,0.317524,0.327226,0.291505
71,4.2468,0.517824,0.396615,0.396615,0.373102,0.37237,0.37508,1.79054,1.80314,1.75675
71,4.6007,0.383587,0.396615,0.396615,0.373102,0.37237,0.37508,0.129718,0.139051,0.10469
71,4.9546,0.38121,0.396615,0.396615,0.373102,0.37237,0.37508,0.100316,0.109592,0.0754432
71,5.3085,0.308295,0.396615,0.396615,0.373102,0.37237,0.37508,-0.801811,-0.794309,-0.821926
71,5.6624,0.36865,0.396615,0.396615,0.373102,0.37237,0.37508,-0.0550831,-0.0461134,-0.0791368
71,6.0162,0.555102,0.396615,0.396615,0.373102,0.37237,0.37508,2.25175,2.26525,2.21553
71,6.3701,0.37822,0.396615,0.396615,0.373102,0.37237,0.37508,0.0633182,0.0725207,0.03864
71,6.724,0.328898,0.396615,0.396615,0.373102,0.37237,0.37508,-0.546899,-0.538896,-0.568359
71,7.0779,0.505333,0.396615,0.396615,0.373102,0.37237,0.37508,1.636,1.6483,1.60303
71,7.4318,0.346777,0.396615,0.396615,0.373102,0.37237,0.37508,-0.325701,-0.317264,-0.348328
71,7.7857,0.371033,0.396615,0.396615,0.373102,0.37237,0.37508,-0.0256002,-0.0165726,-0.0498095
71,8.1396,0.263752,0.396615,0.396615,0.373102,0.37237,0.37508,-1.35291,-1.34649,-1.37012
71,8.4935,0.351703,0.396615,0.396615,0.373102,0.37237,0.37508,-0.264753,-0.256195,-0.287701
71,8.8474,0.410901,0.396615,0.396615,0.373102,0.37237,0.37508,0.467659,0.477657,0.440848
71,9.2013,0.400075,0.396615,0.396615,0.373102,0.37237,0.37508,0.333716,0.34345,0.307612
71,9.5552,0.307315,0.396615,0.396615,0.373102,0.37237,0.37508,-0.813936,-0.806459,-0.833988
71,9.9091,0.430377,0.396615,0.396615,0.373102,0.37237,0.37508,0.708624,0.719096,0.680543
71,10.263,0.373139,0.396615,0.396615,0.373102,0.37237,0.37508,0.000458643,0.00953756,-0.023888
71,10.6169,0.35029,0.396615,0.396615,0.373102,0.37237,0.37508,-0.282234,-0.273711,-0.305089
71,10.9708,0.336734,0.396615,0.396615,0.373102,0.37237,0.37508,-0.449953,-0.44176,-0.471924
71,11.3247,0.266468,0.396615,0.396615,0.373102,0.37237,0.37508,-1.3193,-1.31282,-1.33669
71,11.6786,0.339874,0.396615,0.396615,0.373102,0.37237,0.37508,-0.411099,-0.40283,-0.433276
71,12.0325,0.254806,0.396615,0.396615,0.373102,0.37237,0.37508,-1.46359,-1.45739,-1.48021
71,12.3863,0.372127,0.396615,0.396615,0.373102,0.37237,0.37508,-0.0120559,-0.00300162,-0.0363366
71,12.7402,0.327977,0.396615,0.396615,0.373102,0.37237,0.37508,-0.558298,-0.550318,-0.579698
71,13.0941,0.414338,0.396615,0.396615,0.373102,0.37237,0.37508,0.510184,0.520265,0.483149
71,13.448,0.391023,0.396615,0.396615,0.373102,0.37237,0.37508,0.22172,0.231234,0.196207
71,13.8019,0.24305,0.396615,0.396615,0.373102,0.37237,0.37508,-1.60904,-1.60313,-1.6249
71,14.1558,0.353075,0.396615,0.396615,0.373102,0.37237,0.37508,-0.247779,-0.239188,-0.270816
71,14.5097,0.383751,0.396615,0.396615,0.373102,0.37237,0.37508,0.131752,0.141089,0.106713
71,14.8636,0.2945,0.396615,0.396615,0.373102,0.37237,0.37508,-0.972477,-0.965312,-0.991693
71,15.2175,0.266894,0.396615,0.396615,0.373102,0.37237,0.37508,-1.31403,-1.30754,-1.33145
71,15.5714,0.399199,0.396615,0.396615,0.373102,0.37237,0.37508,0.322881,0.332594,0.296834
71,15.9253,0.310839,0.396615,0.396615,0.373102,0.37237,0.37508,-0.770337,-0.762774,-0.790619
71,16.2792,0.300338,0.396615,0.396615,0.373102,0.37237,0.37508,-0.900252,-0.892945,-0.919849
71,16.6331,0.296526,0.396615,0.396615,0.373102,0.37237,0.37508,-0.947413,-0.940198,-0.96676
71,16.987,0.359093,0.396615,0.396615,0.373102,0.37237,0.37508,-0.173324,-0.164587,-0.196755
71,17.3409,0.294836,0.396615,0.396615,0.373102,0.37237,0.37508,-0.96833,-0.961156,-0.987567
72,0,0.249887,0.37123,0.37123,0.378123,0.37722,0.379951,-1.5655,-1.5582,-1.58018
72,0.3539,0.511489,0.396615,0.396615,0.40716,0.407234,0.411851,1.18281,1.18177,1.11676
72,0.7078,0.418404,0.396615,0.396615,0.40716,0.407234,0.411851,0.127473,0.126618,0.0734419
72,1.0617,0.316821,0.396615,0.396615,0.40716,0.407234,0.411851,-1.02421,-1.02486,-1.06513
72,1.4156,0.624071,0.396615,0.396615,0.40716,0.407234,0.411851,2.45919,2.45792,2.3786
72,1.7695,0.527082,0.396615,0.396615,0.40716,0.407234,0.411851,1.35959,1.35852,1.29153
72,2.1234,0.608583,0.396615,0.396615,0.40716,0.407234,0.411851,2.28359,2.28235,2.205
72,2.4773,0.354831,0.396615,0.396615,0.40716,0.407234,0.411851,-0.593279,-0.594004,-0.639101
72,2.8312,0.485695,0.396615,0.396615,0.40716,0.407234,0.411851,0.890376,0.889383,0.827654
72,3.1851,0.532003,0.396615,0.396615,0.40716,0.407234,0.411851,1.41538,1.4143,1.34668
72,3.539,0.559806,0.396615,0.396615,0.40716,0.407234,0.411851,1.73059,1.72945,1.6583
72,3.8929,0.453055,0.396615,0.396615,0.40716,0.407234,0.411851,0.520327,0.519401,0.461821
72,4.2468,0.473697,0.396615,0.396615,0.40716,0.407234,0.411851,0.754352,0.753384,0.69318
72,4.6007,0.382516,0.396615,0.396615,0.40716,0.407234,0.411851,-0.279405,-0.280187,-0.328802
72,4.9546,0.556878,0.396615,0.396615,0.40716,0.407234,0.411851,1.6974,1.69626,1.62549
72,5.3085,0.513697,0.396615,0.396615,0.40716,0.407234,0.411851,1.20784,1.20679,1.1415
72,5.6624,0.379488,0.396615,0.396615,0.40716,0.407234,0.411851,-0.313734,-0.314509,-0.36274
72,6.0162,0.441459,0.396615,0.396615,0.40716,0.407234,0.411851,0.388853,0.387951,0.331844
72,6.3701,0.536803,0.396615,0.396615,0.40716,0.407234,0.411851,1.4698,1.4687,1.40048
72,6.724,0.301616,0.396615,0.396615,0.40716,0.407234,0.411851,-1.19659,-1.19721,-1.23554
72,7.0779,0.425854,0.396615,0.396615,0.40716,0.407234,0.411851,0.211938,0.211068,0.156944
72,7.4318,0.247897,0.396615,0.396615,0.40716,0.407234,0.411851,-1.80562,-1.80613,-1.83764
72,7.7857,0.324342,0.396615,0.396615,0.40716,0.407234,0.411851,-0.938943,-0.939605,-0.980827
72,8.1396,0.464503,0.396615,0.396615,0.40716,0.407234,0.411851,0.65011,0.64916,0.590125
72,8.4935,0.392741,0.396615,0.396615,0.40716,0.407234,0.411851,-0.163475,-0.164278,-0.214192
72,8.8474,0.452104,0.396615,0.396615,0.40716,0.407234,0.411851,0.509541,0.508617,0.451157
72,9.2013,0.309974,0.396615,0.396615,0.40716,0.407234,0.411851,-1.10183,-1.10247,-1.14186
72,9.5552,0.338387,0.396615,0.396615,0.40716,0.407234,0.411851,-0.779704,-0.780396,-0.823403
72,9.9091,0.344672,0.396615,0.396615,0.40716,0.407234,0.411851,-0.708449,-0.709154,-0.752959
72,10.263,0.359266,0.396615,0.396615,0.40716,0.407234,0.411851,-0.542991,-0.543725,-0.589386
72,10.6169,0.36176,0.396615,0.396615,0.40716,0.407234,0.411851,-0.514721,-0.51546,-0.561437
72,10.9708,0.537525,0.396615,0.396615,0.40716,0.407234,0.411851,1.47799,1.47689,1.40857
72,11.3247,0.417618,0.396615,0.396615,0.40716,0.407234,0.411851,0.118563,0.11771,0.0646333
72,11.6786,0.280973,0.396615,0.396615,0.40716,0.407234,0.411851,-1.43063,-1.4312,-1.46691
72,12.0325,0.312346,0.396615,0.396615,0.40716,0.407234,0.411851,-1.07494,-1.07558,-1.11528
72,12.3863,0.332671,0.396615,0.396615,0.40716,0.407234,0.411851,-0.844508,-0.845188,-0.887468
72,12.7402,0.379603,0.396615,0.396615,0.40716,0.407234,0.411851,-0.312428,-0.313204,-0.361449
72,13.0941,0.425014,0.396615,0.396615,0.40716,0.407234,0.411851,0.202414,0.201546,0.147529
72,13.448,0.31472,0.396615,0.396615,0.40716,0.407234,0.411851,-1.04803,-1.04868,-1.08867
72,13.8019,0.223818,0.396615,0.396615,0.40716,0.407234,0.411851,-2.07861,-2.07907,-2.10751
72,14.1558,0.364939,0.396615,0.396615,0.40716,0.407234,0.411851,-0.478672,-0.479417,-0.525799
72,14.5097,0.540615,0.396615,0.396615,0.40716,0.407234,0.411851,1.51302,1.51192,1.44321
72,14.8636,0.430049,0.396615,0.396615,0.40716,0.407234,0.411851,0.259496,0.258617,0.203961
72,15.2175,0.41575,0.396615,0.396615,0.40716,0.407234,0.411851,0.0973793,0.0965297,0.0436906
72,15.5714,0.409962,0.396615,0.396615,0.40716,0.407234,0.411851,0.0317659,0.0309281,-0.0211755
72,15.9253,0.284853,0.396615,0.396615,0.40716,0.407234,0.411851,-1.38664,-1.38722,-1.42343
72,16.2792,0.428291,0.396615,0.396615,0.40716,0.407234,0.411851,0.23957,0.238695,0.184262
72,16.6331,0.276189,0.396615,0.396615,0.40716,0.407234,0.411851,-1.48487,-1.48544,-1.52054
72,16.987,0.276549,0.396615,0.396615,0.40716,0.407234,0.411851,-1.48078,-1.48135,-1.51649
72,17.3409,0.502552,0.396615,0.396615,0.40716,0.407234,0.411851,1.08149,1.08047,1.0166
