rep,id,eta_A1,eta_tau1,eta_A2,eta_tau2
1,21,0.334121865650872,0.197068547891926,0.0228057331444225,-1.27284911871912
2,21,0.268470281380793,-0.72164267104269,0.121694737860045,-0.843070089218914
3,21,0.205062298048974,-0.924988624335538,0.154277704510099,-0.689971290789626
4,21,0.0152120429559563,-1.43584454794766,0.189144468141994,0.112470109669486
5,21,0.264428484095565,-0.735997742556087,0.125737664108241,-0.842452945683694
6,21,0.085659716381608,-1.24554881645876,0.176652311297951,-0.186367939245627
7,21,-0.0547439663960014,-2.02691425239979,0.265301858137974,0.380550358156571
8,21,-0.0647862924449694,-2.22017841469625,0.299241213066863,0.362994119179684
9,21,0.178898804054291,-0.731328628463102,0.134684737851268,-0.680567683549574
10,21,0.15341465826137,-1.20637469494534,0.170410035103813,-0.372575638692428
1,30,-0.0139143458416471,-0.720110300861809,0.105232783456286,0.0420794908392484
2,30,-0.0551810381949819,-1.54614040979913,0.187008951630616,0.42732462573284
3,30,-0.0541213248702316,-1.81787853546116,0.223562830314581,0.456103253775377
4,30,0.025665963153379,-0.517065906712453,0.0770958036347786,-0.0802755137368863
5,30,-0.104176057421977,-1.42337800068946,0.179009549544785,0.495208604804808
6,30,-0.0561813995553682,-1.83587043802506,0.224912591800864,0.469539268826327
7,30,0.0235498433039604,-1.29138102140222,0.179085186072516,0.0129627525625375
8,30,0.0814586498395064,-0.151312253804193,0.0275144730821597,-0.258253853004852
9,30,-0.0636865283587774,-1.80831736817358,0.223452074379973,0.469809864177184
10,30,0.0266355364529734,-1.28961810556143,0.174667617901115,0.0324852137514477
1,31,-0.506630990545794,2.17249309695953,-0.351962334596642,1.60737836901901
2,31,-0.548369023190392,1.62009309258054,-0.2809497844128,1.7956092436137
3,31,-0.712649848286803,1.56481650346353,-0.305181217984714,2.4727726348303
4,31,-0.647167668427539,1.4322653210548,-0.277516741943114,2.2363734464421
5,31,-0.599406432215184,2.14489326998183,-0.368249563755158,2.00772810229058
6,31,-0.554313093558572,1.95375753274942,-0.342857303650435,1.90475759907312
7,31,-0.644673251848995,1.42958149243536,-0.279986730912387,2.25140118317138
8,31,-0.589969453288483,2.11025442404806,-0.363602356282468,1.99036420815941
9,31,-0.557874605097425,1.95358872730655,-0.336576690231238,1.87144534027774
10,31,-0.641145516917774,1.41434201092101,-0.277563799616299,2.24144029606838
1,32,-0.07722110759363,-0.454515027342124,0.0423718247272127,0.383261297442217
2,32,-0.130626849375332,-0.286874432309716,0.0183896402214347,0.525760403212678
3,32,0.0349889347857244,0.327133711252934,-0.0368834139483112,-0.173449777308513
4,32,-0.0793039407958069,-0.475791617257362,0.0489244654510675,0.362962807213513
5,32,0.0546799605841611,0.371620189796776,-0.0375212105521689,-0.26866566370965
6,32,0.0185230235595508,-0.0893332448491363,0.00809060052834358,-0.0144944609026183
7,32,0.0842628835149795,0.629794915539142,-0.0739517599698616,-0.361362959886876
8,32,0.108476705421369,0.29753200142215,-0.0209782147461528,-0.455890966359931
9,32,0.0218084193565427,0.0248488493381762,-0.0062420280036749,-0.0420926307659728
10,32,-0.0547460728183713,-0.764229466904917,0.0746393339371079,0.412977242926815
1,33,-0.140859855127367,-1.74424285219853,0.213670237286949,0.682925255922514
2,33,0.216858525471433,0.118805677186313,0.0147538295185976,-0.814728484386427
3,33,0.00889625590853231,-0.985170981479126,0.141794164937864,-0.00594733489452324
4,33,0.292079207236303,0.264691217584527,0.0216293152283304,-1.22443856306027
5,33,0.122270629092044,-0.859268646321304,0.11631578872725,-0.262953391302444
6,33,0.224478329047815,0.324353541971727,0.00271838346268351,-0.969282577221454
7,33,0.278055323263502,0.178799444725883,0.00269475792568559,-0.963847348436278
8,33,0.0609200187043798,-0.724219280017609,0.102033214532691,-0.135947882825771
9,33,0.0854431540174688,-0.459437707711307,0.0850775389508389,-0.358176588902179
10,33,0.176822636413574,0.0515959100078824,0.00309690908064928,-0.553827583668642
1,34,-0.408824667122759,0.475197561964354,-0.118638892924049,1.45815610642252
2,34,-0.210728408940252,1.05579004295598,-0.173304217708112,0.704911529023615
3,34,-0.514742550667123,-0.320352084138812,-0.0318093519294937,1.95841095013569
4,34,-0.169313776102976,1.49609159421116,-0.211148247231837,0.401366977896857
5,34,-0.255975799806313,1.12089194907307,-0.184468051718768,0.837980283254323
6,34,-0.509978151599557,-0.309236340932401,-0.0361683906176211,1.96379262748851
7,34,-0.0869850348247617,2.06419605189811,-0.275305096072026,0.0387728283651885
8,34,-0.489616352242591,-0.224769603641856,-0.0341442283296106,1.80863631790766
9,34,-0.23626715523917,1.10623337737732,-0.19061159264565,0.842315592245852
10,34,-0.271133235507374,0.911221768222058,-0.15192957145023,0.862244750331201
1,35,0.0222169718676124,-1.43347596248274,0.201736742551486,0.000516651413967038
2,35,0.104263822206142,-0.626328008567686,0.105513603867178,-0.378140861337965
3,35,0.225797178334631,-0.45063104258026,0.0926006989411835,-0.800580874719907
4,35,0.199937229513301,-0.480938054486848,0.0899653369931144,-0.679483309263714
5,35,0.15919032420988,-0.277360942070119,0.0492138796815063,-0.495017533671701
6,35,0.0974125322678325,-0.640332965738395,0.102806606101754,-0.329413504484654
7,35,0.18590569680043,-0.41326839043317,0.100213405442724,-0.785859862131861
8,35,0.174968987757813,-0.191920465256351,0.0384877795974971,-0.548928055327404
9,35,0.247463647270282,-0.152622429000797,0.0405993359123164,-0.802039331329676
10,35,0.156991203531987,-0.43947129887851,0.0825332811579233,-0.556026672125175
1,36,0.0423341572864669,-0.483883022232002,0.0687639929430223,-0.0982157958051327
2,36,-0.193199561696893,-1.42635213266385,0.164929331942494,0.839342507433723
3,36,0.0460807820737572,-0.979343776995446,0.130109889120237,-0.0278266787699939
4,36,0.13357032645653,-0.0487875402106715,0.0267615305302861,-0.505130862125441
5,36,0.14212053987977,0.113985769425736,0.00731629050343658,-0.554279863237616
6,36,-0.258239976622489,-1.6785328150697,0.195316752122851,1.06442506133427
7,36,-0.0393783337730652,-0.46882685978386,0.0547032173088619,0.203099946861397
8,36,0.0268739731127572,-0.715215987507814,0.089238317321947,0.0406499526381464
9,36,-0.0683474917541034,-1.01412632398111,0.118348166920701,0.4010583726647
10,36,0.179519439040456,0.590642567548539,-0.0654231455440032,-0.638460946005809
1,37,0.398417702367397,-0.533657614848584,0.123204290809678,-1.40411282197515
2,37,0.439822017028648,-0.28573961401024,0.0968214133172134,-1.58687468750247
3,37,0.423230846195458,-0.32102028726992,0.105426369680181,-1.56449771447588
4,37,0.410300087714376,-0.717974483380966,0.166410607307356,-1.548711991007
5,37,0.447173404390574,-0.305373903029685,0.0957556071637107,-1.57636818461498
6,37,0.432359663642297,-0.357936341128106,0.0968149007119185,-1.49204813955646
7,37,0.487949497034826,0.186082468826692,0.0285032973072363,-1.7217374779808
8,37,0.462022466114812,-0.301937185756986,0.0939532548843807,-1.6059568309086
9,37,0.427488249306428,-0.329946076148734,0.0947936896596986,-1.48849810122195
10,37,0.486066592057549,0.181054079303734,0.0297503940025984,-1.72284738085237
1,38,-0.264712004683123,-1.50612384851226,0.180524658741498,1.00823989579212
2,38,0.0292588136507084,-0.169306936910319,0.0239397744809995,-0.0715298605642969
3,38,0.0960939655079517,0.277906121166357,-0.0309776491111178,-0.32877656022248
4,38,-0.0294984889697726,-0.683261608303678,0.084487147862879,0.191378387233791
5,38,-0.0570986141103616,-0.414141691830649,0.0593794995685345,0.16506461385846
6,38,-0.103274693114998,-1.19966918511609,0.12542202445513,0.638665573805818
7,38,-0.0423471358770597,-0.517450413549021,0.0412980143239454,0.361695930847621
8,38,0.0741419451279652,-0.223455309458741,0.0356727924293817,-0.223089915312087
9,38,0.0497534751942344,-0.0862606701739283,0.0263416760317417,-0.230600400221285
10,38,0.00303236483828605,-0.247517062034268,0.0343396413787082,0.00309923881283353
1,39,-0.137374555040783,0.0611042018072177,-0.0239273576171912,0.480130976140916
2,39,-0.360265342429041,-0.336986871058717,0.00692959506976476,1.27990819248141
3,39,-0.189368668370989,-0.621880048407385,0.0564728363536088,0.7601465890205
4,39,-0.0946459731201986,0.447240086671284,-0.0642685207680564,0.244162916152635
5,39,-0.171526737389599,-0.141776267501365,-0.0047556206606784,0.646620805062921
6,39,0.00411758479142847,0.956030529631776,-0.131138666663231,-0.073796341419192
7,39,0.0379960449005214,1.10896092974958,-0.150832757851271,-0.185768780136625
8,39,-0.105713017644538,0.523823472009533,-0.0855531962258396,0.346223307211902
9,39,-0.219561798787929,-0.0449704352340313,-0.0366497231953602,0.902807056124538
10,39,-0.219782116043406,0.252866728460471,-0.0724120841498794,0.847488564593213
1,22,0.440964975147442,-0.0895939105842517,0.0655591858801105,-1.56805985648174
2,22,0.475803173097711,-0.120355032353308,0.0759630142397792,-1.70827179257318
3,22,0.368152676361002,-0.524412226351922,0.130948846742589,-1.38495189645501
4,22,0.442744139427278,-0.114313625230568,0.0626652025660967,-1.53017097292214
5,22,0.482243219406961,-0.105863181670413,0.0753996405731599,-1.73314039187708
6,22,0.490769460124254,0.358249222622388,0.0224060634959637,-1.8661629977031
7,22,0.468801855227502,0.315609406195377,0.0221104826152565,-1.76329889327587
8,22,0.412228226314067,-0.351919420511421,0.100168952968962,-1.46485179795878
9,22,0.493668820316185,0.387819849485189,0.0183545781833178,-1.87537890867689
10,22,0.429701972366799,-0.813368700922478,0.152302523786326,-1.40394229767215
1,40,0.356327188226131,0.386240128196496,-0.0190225256122036,-1.23480782047903
2,40,0.343835279408214,0.913175995190227,-0.0737391358371064,-1.36161531705447
3,40,0.341863711215304,0.948740603322144,-0.0878641680182903,-1.29747111632079
4,40,0.350832615898197,0.409512722017464,-0.022403673747125,-1.21958300883524
5,40,0.225717241597366,-0.0762442348855697,0.0404384245222113,-0.820492361284603
6,40,0.215270096207705,-0.670729573418635,0.113367361060539,-0.689899840962609
7,40,0.156317812003229,-0.805055246873525,0.130463454533336,-0.508862755502991
8,40,0.255098367561095,0.427866858409408,0.00106346546279008,-1.14399735372477
9,40,0.265832905960712,-0.46970801909909,0.0922193701137539,-0.88622759912129
10,40,0.360423015265765,0.217070967313067,0.0239966714697598,-1.37228561644355
1,41,0.0705549540845921,-0.595536344476136,0.0881027282416375,-0.195790656346541
2,41,-0.0399528049430031,-1.27501024608276,0.15934498746661,0.302714095801425
3,41,0.112061732683517,-0.262520448535837,0.0385037851839074,-0.304082788540907
4,41,0.0157412178648245,-0.568327511052396,0.0957736745207646,-0.130211749200823
5,41,0.114122441303211,0.0608150654403291,0.00267018431659614,-0.390580814432668
6,41,0.271386561089417,0.762679705114396,-0.0764951318154962,-0.987934350576452
7,41,-0.0326143932079409,-1.13158131642332,0.143753516939141,0.246962037412662
8,41,0.0242546716124786,-0.84774634594835,0.118497125722586,-0.0265911506030128
9,41,0.253068723668524,0.781072805605402,-0.0717150361253105,-0.989580848347651
10,41,-0.0274882549274324,-0.541644689563948,0.0641928612736269,0.185875968477738
1,42,0.20048402221463,1.26130454513168,-0.135594070489045,-0.896215418445362
2,42,-0.0901214763205188,-0.256358804475427,0.0281111372757735,0.312027062795138
3,42,-0.061757525613551,-0.033133930142577,0.00455508155820919,0.169192505225277
4,42,-0.155177859724736,-0.719459371411665,0.0854092134256179,0.56730780732757
5,42,0.114164064314063,0.88473920860918,-0.116393211240329,-0.405022486586538
6,42,-0.0389523957535199,-0.191082246772436,0.0171618405206225,0.183373634980539
7,42,-0.135769782924382,-0.900186548094541,0.0914707089861794,0.656871705275698
8,42,0.071818994039494,0.570390976854014,-0.0623760498948231,-0.347915740942806
9,42,-0.112322852027214,-0.17982054907926,0.0229353262112497,0.327189935662436
10,42,-0.13279586174122,-0.590142871902821,0.0537543795824419,0.596009673437892
1,23,0.213467172458223,-0.220409904540617,0.0692216393954711,-0.839408652636592
2,23,0.210009608405604,-0.545471613073859,0.102359198537215,-0.733520195108563
3,23,0.275167633124225,-0.312538766554661,0.074571177228564,-0.951080649258325
4,23,0.233880155704677,-0.293866426234226,0.0544878295832882,-0.718038685601787
5,23,0.17863813541965,-0.659997371296881,0.0955291000871031,-0.476600983861152
6,23,0.227119672032224,-0.112048415810162,0.0514750334743544,-0.867577815439314
7,23,0.203337071791274,-0.0523978409807496,0.0360453929396792,-0.755536812483475
8,23,0.169390082479477,-0.442487561766427,0.0886893809856447,-0.630374269982079
9,23,0.25308805137003,-0.356316374183234,0.10351043312131,-1.04434676188337
10,23,0.190379460531091,-0.307214975363956,0.049455944803341,-0.547827050305177
1,24,-0.267751520591528,-0.688043297512783,0.0491875202074898,1.09028367826541
2,24,-0.339398625701103,-0.633843117410511,0.052869039255001,1.2122866182119
3,24,-0.2611947504113,-0.269540681435208,0.00236429319038603,0.977684515560823
4,24,-0.221509249488172,0.329769683310029,-0.0652795733888898,0.72391226300982
5,24,-0.22387620693207,-0.224818640910909,-0.00936283042620712,0.909505037423023
6,24,-0.213232326285606,-0.555887658137664,0.0516820386055367,0.791017441597923
7,24,-0.189186265475096,0.462896033598343,-0.0782747798026337,0.588222194452628
8,24,-0.22334443893591,-0.220494232729878,-0.00475567726453934,0.870010846026686
9,24,-0.206211334622378,-0.319018161604868,0.0195687158180644,0.753548872229124
10,24,-0.117881487285755,0.350902613501839,-0.0631435929256758,0.401338009020874
1,25,0.130249889730027,0.255897113148598,-0.00863433789254187,-0.55817190386885
2,25,0.161392518757476,0.427578231397772,-0.0303061316365938,-0.664014438486457
3,25,0.0547264882932162,0.0433722211670649,-0.00435228954779529,-0.164421447757882
4,25,0.0168301335930345,-0.657090313949319,0.085307241289266,0.0324545618898106
5,25,0.296268019739036,0.752631235597851,-0.0609568237348298,-1.15580895600426
6,25,0.107880128772716,0.0161445310264031,0.0105993392434741,-0.38579357924878
7,25,0.0260670713973034,-0.735100864133654,0.101951443408765,-0.0339251793172431
8,25,0.0407908490374001,-0.493794355500493,0.0715922503894056,-0.106199207955535
9,25,0.11814802450363,-0.0252408771579054,0.0210830775319344,-0.444789431168711
10,25,0.14920273830796,0.199520971779313,-0.0164976564790036,-0.496360489512122
1,26,-0.570673474426285,0.884245979528888,-0.199277561095823,2.0420565161144
2,26,-0.531858737494106,1.64551639771566,-0.288390995747584,1.78220896082805
3,26,-0.667881349856526,1.77708676329911,-0.311881451656654,2.18052951056369
4,26,-0.576060660100353,0.890765182693807,-0.198375693499834,2.04615906145871
5,26,-0.518622311576329,1.60840478937913,-0.29169960797234,1.80384701823986
6,26,-0.66743479284625,1.77779284697929,-0.309272204777698,2.1563929240107
7,26,-0.736403697589715,0.628971531543128,-0.186501170178529,2.67117530665029
8,26,-0.537383447085528,1.62350971013609,-0.287124805330743,1.80733256018103
9,26,-0.677693417777621,1.78243068349957,-0.307108351952756,2.16535935464467
10,26,-0.428565245142726,2.3846638640243,-0.375663476165409,1.34787097261104
1,27,0.129927051941523,-0.857333448246882,0.145099595944966,-0.489297435777164
2,27,0.225994206776683,-0.231631602722337,0.0641612221803049,-0.830448306846548
3,27,0.198369502750953,-0.747457325066204,0.119405715945162,-0.605914233978772
4,27,0.146150234372603,-0.830685375362001,0.11650921396334,-0.363300627918107
5,27,0.16730351776954,-0.61178554291744,0.104218831511588,-0.553862272408338
6,27,0.190753432006188,-0.66990081150375,0.097237171360656,-0.509253955043225
7,27,0.264045276257286,-0.528708296900891,0.0818232712688371,-0.746400879248875
8,27,0.177457251127886,-0.508028348744959,0.0941629487515429,-0.622968871904053
9,27,0.183474906417905,-0.660995830175647,0.0960033538067906,-0.4914650331076
10,27,0.241393288970882,-0.0401657443064521,0.0263922202925636,-0.800043442419052
1,28,-0.807178821124535,0.186202296396214,-0.119395496346866,2.84617146641728
2,28,-0.363423873513188,0.949290274992978,-0.171545460861978,1.21929179055552
3,28,-0.52107392202083,0.462321311353093,-0.12165359655355,1.79628149455577
4,28,-0.72251214594069,0.309756110391901,-0.137793437767876,2.6178698366807
5,28,-0.351165375391181,0.952108575369759,-0.173335833134386,1.19184353549623
6,28,-0.680814369017166,-0.340560983434702,-0.0517944810189051,2.5689020324927
7,28,-0.466021929721531,0.87988112904848,-0.180480689728862,1.63304082629587
8,28,-0.398087154151307,1.04646955982294,-0.186189657543787,1.31386685846717
9,28,-0.316727464549551,1.2013613515283,-0.202296288540425,1.04313460806859
10,28,-0.584027984943834,0.267806208205571,-0.108926761606995,2.08141593167765
1,29,0.134570052515783,-0.0268141671528759,0.0321486729274853,-0.569069658501609
2,29,0.234109861279444,0.459967544016915,-0.0391020870039578,-0.838506658016694
3,29,0.162609445171717,-0.235490621324286,0.0551835668531685,-0.590674382928967
4,29,0.117568365774347,-0.215208745101817,0.0414793000969388,-0.386541076969504
5,29,0.227388625297312,0.467108230424893,-0.0371326893764121,-0.83829501482422
6,29,0.188635972365364,-0.161117288953779,0.0471343470430923,-0.68171418738969
7,29,0.103813100778831,-0.512888370451886,0.0773396074517509,-0.293680337413225
8,29,-0.0590380325323789,-1.31616342701727,0.153524181096096,0.440226763589999
9,29,0.011556444520192,-0.698817340687715,0.0934360260688578,0.0304127532932179
10,29,0.18979120145162,0.237425807210499,-0.00936705655760575,-0.692323811090297
