rep,id,A1,tau1,A2,tau2
1,21,0.268142226392413,3.84524965206622,0.323602773946918,12.5323704652531
2,21,0.251103687380922,1.53438141205968,0.357239263084299,19.261224152999
3,21,0.235675996990262,1.25204893532668,0.369070886032696,22.4478033286604
4,21,0.194923604994075,0.751206599406797,0.382166161695958,50.0806227883594
5,21,0.250090825449112,1.51251259690093,0.358686478599448,19.2731147616942
6,21,0.209150771363022,0.908664959200748,0.377421777557138,37.143772046173
7,21,0.181753559931289,0.415969112437415,0.412407889347591,65.4780132732032
8,21,0.179937465590131,0.342868450122097,0.426644979312562,64.3384976967881
9,21,0.229589854015098,1.51959120333363,0.361910072335478,22.6598892781943
10,21,0.22381287602495,0.944967528956314,0.375073144614098,30.8330884674464
1,30,0.189328068745229,1.53673445478743,0.351406547294462,46.6766268540309
2,30,0.181674137933701,0.672757441698782,0.381350910348748,68.6134567923163
3,30,0.181866762483806,0.512677363105467,0.395548676095499,70.6167456363224
4,30,0.196972009076825,1.88269465033969,0.341656835309129,41.3010754334141
5,30,0.172987547504274,0.760630169624159,0.378312500016461,73.4329435927851
6,30,0.181492489018357,0.5035358055469,0.396082932942989,71.5719560341597
7,30,0.196555633404426,0.867958792585617,0.378341115342528,45.3371509419623
8,30,0.208273958120153,2.71409273016245,0.325130128387922,34.5673709123832
9,30,0.180135463207927,0.517602665437583,0.395504869158179,71.5913256932659
10,30,0.197163080491496,0.869490280435675,0.376673453889557,46.2309398037882
1,31,0.115672703208476,27.723019000223,0.222460306859335,223.3058646245
2,31,0.110944119474771,15.9564490163143,0.238832206314384,269.555227873441
3,31,0.0941364966757032,15.0983653868904,0.233114513286748,530.561928715512
4,31,0.100507062750823,13.2240256877756,0.239653536445733,418.860320070553
5,31,0.105423886479325,26.9683310079071,0.218866391769451,333.249732115958
6,31,0.110286615881397,22.2763931524999,0.224495064044129,300.642440101187
7,31,0.100758082177763,13.1885822524983,0.239062325297346,425.202376712394
8,31,0.106423478621047,26.0501729158497,0.219885876344192,327.51316772936
9,31,0.109894527454532,22.2726330934563,0.225909467768022,290.792336803627
10,31,0.101114157684589,12.9891188170269,0.23964225917328,420.988008112441
1,32,0.177713830366008,2.00421999397807,0.32999676417358,65.6557610145406
2,32,0.168471874712845,2.3700132590425,0.322176864817963,75.7110753934079
3,32,0.19881696038091,4.37936480957444,0.304852364989288,37.6267139532521
4,32,0.177344067310695,1.96202747520313,0.332166214460908,64.3364831634645
5,32,0.202770668815399,4.57858579367508,0.304657993177649,34.2093291558555
6,32,0.195570062883588,2.88763184994683,0.318875780676152,44.10925357228
7,32,0.208858826637964,5.92727688453708,0.293758871008652,31.1807554817921
8,32,0.213977822185963,4.2516280637081,0.309739867901014,28.3683216161665
9,32,0.196213644577607,3.23690890034475,0.314338049054459,42.9085635322144
10,32,0.181753177081928,1.47040888484474,0.340818595622897,67.6360615599791
1,33,0.166756691755391,0.551853387562881,0.391654965223044,88.5962302588502
2,33,0.238472546587823,3.55578430494602,0.321007617593472,19.8149275146037
3,33,0.193696388512779,1.1789202774651,0.364492213502871,44.4878766854426
4,33,0.25710250996372,4.11426909866016,0.323222305684669,13.1539946723075
5,33,0.216949866886614,1.3370976547474,0.355322850024758,34.4053013532677
6,33,0.2402966011945,4.36720634318845,0.317167304028067,16.9773733090633
7,33,0.253522098511826,3.77563819503509,0.317159810868706,17.0699004424548
8,33,0.204039925573294,1.53043300008371,0.350283994626161,39.0645798441348
9,33,0.209105482081668,1.99437810367297,0.34439476190453,31.2802673930786
10,33,0.229113681467616,3.32465494233633,0.317287382702816,25.7217379559465
1,34,0.127557979506471,5.07825421437252,0.280920618006635,192.350679023444
2,34,0.155503347799498,9.07533255746146,0.265976193443166,90.5657025148466
3,34,0.114738212335371,2.29198418292247,0.306403135822328,317.213485502188
4,34,0.162078679536646,14.0955842726776,0.256098664112465,66.8553299800501
5,34,0.148624036135482,9.68581003098262,0.263023392327073,103.455786324902
6,34,0.115286175287786,2.31760341514464,0.305070419490409,318.925228024753
7,34,0.175987089064669,24.8775560581444,0.240184151750392,46.5225379040721
8,34,0.117657671285278,2.52186921446166,0.305688556922914,273.089715887466
9,34,0.151582270073311,9.54486543719377,0.261412450860821,103.905272752853
10,34,0.146388263955813,7.85375491221463,0.271722534718503,105.996789216829
1,35,0.196293824532551,0.752988005312534,0.387008929614214,44.7763771381827
2,35,0.213078254827047,1.68782711922183,0.351505243282739,30.6619720573826
3,35,0.240613725269073,2.01201949065238,0.346995469300879,20.0972537865321
4,35,0.234471231244046,1.95195596239306,0.346082214551894,22.6844744067796
5,35,0.225109284639559,2.39266794876878,0.332262362002807,27.279800482117
6,35,0.211623383487352,1.66435392689792,0.350555006099868,32.1930486377708
7,35,0.231204214718981,2.08861588694896,0.349647124295639,20.3952940575041
8,35,0.228689378575683,2.60608609848882,0.328717527763037,25.8480715748971
9,35,0.245883861530599,2.71053912161933,0.329412366672149,20.0679641779124
10,35,0.224614786087207,2.03459886818852,0.343519646579278,25.6652357283942
1,36,0.200282691663068,1.94621597123675,0.338822041119105,40.5667293740325
2,36,0.158253172448,0.758371315845669,0.373023103011045,103.596812331242
3,36,0.201034483221141,1.18581014181989,0.360258169983084,43.5250821966302
4,36,0.219415237464271,3.00711889238487,0.324885416218026,27.0053012895668
5,36,0.221299327781861,3.53868698942125,0.318628967529753,25.7101071697723
6,36,0.148287905711492,0.589333622906325,0.384532294483678,129.747352115371
7,36,0.184567884930865,1.97574021825785,0.3340912774634,54.8314535823209
8,36,0.197210097002848,1.54427415051711,0.345830697414105,46.6099485038241
9,36,0.179297812054863,1.14527371173966,0.356045734775559,66.83470125865
10,36,0.229732389737721,5.69969434388201,0.296274941198934,23.6343959600782
1,37,0.285948971036821,1.85171524152317,0.357778941902006,10.9907194566888
2,37,0.298037013930779,2.37270432010273,0.348463133182797,9.15490101013745
3,37,0.293133024869836,2.29045318348126,0.35147458134602,9.36206923749872
4,37,0.289366993816046,1.54002014666942,0.373576062385502,9.51102889833845
5,37,0.300236072630927,2.32657232419573,0.348091936877973,9.25159406751186
6,37,0.295821234158905,2.20744037037989,0.348460863787341,10.0655219267254
7,37,0.312731553696085,3.80323663707411,0.325451783939366,7.99988026692952
8,37,0.304727561272511,2.33458185084437,0.347465117626362,8.98186210347258
9,37,0.29438367068449,2.27010005093792,0.347757262141435,10.1013184172845
10,37,0.312143263917762,3.78416048317567,0.325857906968325,7.99100610249039
1,38,0.147331281214157,0.700224790265802,0.378886119202588,122.658484975484
2,38,0.197680972895458,2.66569029092722,0.32396996103252,41.6638644157497
3,38,0.211344527813585,4.16899960078284,0.306658078177392,32.2135603470968
4,38,0.186400424687486,1.5944173531513,0.344191494315952,54.1924955378806
5,38,0.181326097785702,2.08679269199131,0.335657241167801,52.7850848430683
6,38,0.17314354259879,0.95132531027008,0.358573280789565,84.7604995193215
7,38,0.18402075197235,1.8819708805316,0.329642600401569,64.2550284009313
8,38,0.206755640384233,2.52518587155494,0.327793493323178,35.8045198275149
9,38,0.201774178690418,2.89651795906629,0.324749040245552,35.5366178179723
10,38,0.192563897636485,2.46515064677979,0.327356786246079,44.8921654979695
1,39,0.167338902868468,3.35641749617758,0.308827746427082,72.334054079523
2,39,0.133904964362064,2.25417287782994,0.318505778982733,160.946537624738
3,39,0.158860586195917,1.69535122806884,0.33468301517142,95.7088376787381
4,39,0.174644014010855,4.93824531468502,0.296617225153275,57.1298626785603
5,39,0.161720402266522,2.74009807751383,0.314805630861183,85.4374780847356
6,39,0.192772985252961,8.21367552113809,0.277431028816139,41.5695409962005
7,39,0.199415724697377,9.57093509457565,0.272020727190611,37.1660337440207
8,39,0.172721876739759,5.33129116660793,0.290370538955005,63.2684864078663
9,39,0.154135775149437,3.01861931607288,0.304923614492852,110.38465272853
10,39,0.154101820119063,4.06590646367343,0.294211512810648,104.444164489864
1,22,0.298377852500552,2.88687924136182,0.337737919976102,9.32877954391467
2,22,0.308955990961828,2.79942754935594,0.341270029195657,8.10833269226978
3,22,0.277424367349483,1.86891445249836,0.360560538140106,11.2033423339932
4,22,0.298909188244245,2.81639122152131,0.336761925008931,9.6890180078935
5,22,0.31095210247752,2.84029181968169,0.341077820795661,7.90917644780746
6,22,0.313614689754712,4.51777314133035,0.32347346558205,6.92405136171461
7,22,0.30680044649232,4.32918537049045,0.32337786713944,7.6742084886382
8,22,0.289925471724684,2.22076240246748,0.34963158196147,10.3430237119792
9,22,0.314525291144604,4.65336135948058,0.32216556883848,6.86053305986074
10,22,0.295036076461308,1.39990066572636,0.368342623794432,10.9925938012698
1,40,0.274163010360438,4.64601614869747,0.31034621551548,13.0183022461327
2,40,0.270759493504042,7.86911793839622,0.293821337874585,11.4678645389404
3,40,0.270226198585118,8.15401615226552,0.289700275608265,12.2275663119012
4,40,0.272660732836144,4.75540898559883,0.30929866095427,13.2180199199551
5,40,0.24059449216166,2.92567653245951,0.329359364734732,19.7010452286873
6,40,0.238094050502938,1.61452437483777,0.354276749237215,22.4494072776254
7,40,0.224463583308071,1.41158718595045,0.360385567332098,26.9047082026099
8,40,0.24776830046601,4.84349632135787,0.316642852229709,14.2558407394382
9,40,0.250442305227816,1.9740000431584,0.346863175150836,18.4476400879535
10,40,0.275288237426212,3.92293833900384,0.32398839447215,11.3461495136592
1,41,0.206015338276282,1.7406065379224,0.345438198751263,36.7954205762346
2,41,0.184461886451526,0.882284895722476,0.370945819039326,60.5747505534913
3,41,0.214746315223157,2.42844111112942,0.328722789121938,33.0189376277122
4,41,0.195026780971645,1.78861659826975,0.348098226036099,39.2893034001188
5,41,0.21518930108161,3.35544717410144,0.317152017203255,30.2829012631456
6,41,0.251837044787105,6.76965203205322,0.293012682286658,16.6636500326744
7,41,0.185820522742851,1.01835508678996,0.365207082161814,57.2900001092523
8,41,0.196694220213264,1.35259319625888,0.356098774871924,43.578891896509
9,41,0.247265929038204,6.89531908270546,0.294416663856218,16.636235944846
10,41,0.186775510045065,1.83698436017348,0.337276775453791,53.895124613952
1,42,0.234599473459721,11.145931318093,0.276197711053467,18.2643054723739
2,42,0.175435980567373,2.44345049463024,0.325324179779798,61.1415162447794
3,42,0.180483280373247,3.05456151435047,0.317750379914608,53.0034262739069
4,42,0.164386080387273,1.53773508613598,0.344509007801478,78.9229342281693
5,42,0.215198258094632,7.64849724961367,0.281552185177064,29.848708313665
6,42,0.184646516155069,2.60827148381448,0.321781538899915,53.760429634459
7,42,0.167607659262487,1.28349064659227,0.346603589358035,86.3177934508156
8,42,0.206275914549901,5.58542741577673,0.297179096106891,31.602881778976
9,42,0.171583978542444,2.63781106951109,0.323644713340296,62.0756615481619
10,42,0.168106853144543,1.7500198138494,0.333774429397745,81.2209912226094
1,23,0.237665171818632,2.53288780683051,0.338977137311139,19.3318771705729
2,23,0.236844848241878,1.82996779602867,0.350398200219036,21.4912066361674
3,23,0.252791061260391,2.30996232625258,0.340795367340799,17.289223764916
4,23,0.24256648197763,2.3534999385278,0.334019326052016,21.8265117738008
5,23,0.229530014940748,1.63194509087207,0.348013100519794,27.7868550530341
6,23,0.240932145912533,2.82277816860315,0.333014508341678,18.7949128000362
7,23,0.235269753104017,2.99628186297086,0.327915652102861,21.0232136777724
8,23,0.227417094470601,2.02847122906154,0.345640910473326,23.8262945282436
9,23,0.247270708166458,2.21101924886243,0.350801823033026,15.7496365849098
10,23,0.232240884928918,2.32229287685081,0.332342800867275,25.8765461039392
1,24,0.146884145323671,1.58681154369936,0.332253603857139,133.146194483621
2,24,0.136728477596893,1.67519045713171,0.333479056207323,150.422901588941
3,24,0.14785039518513,2.41145259040427,0.317055018051879,118.96728846514
4,24,0.153835895421459,4.39092392089446,0.296317481084446,92.3029697463569
5,24,0.153472202995699,2.52174555191454,0.313358591251563,111.126488696454
6,24,0.155114467335129,1.811005695486,0.333083451189178,98.7095297548685
7,24,0.158889565469753,5.01616659536999,0.2924916865884,80.5909408962437
8,24,0.153553836304619,2.5326742219939,0.314805613041969,106.823175168062
9,24,0.156207356811653,2.29504355229874,0.322556959733353,95.0794563961022
10,24,0.170632851722083,4.48470444808105,0.296951085877784,66.8533932843392
1,25,0.21868789127321,4.07824641231663,0.313586953815762,25.610236863748
2,25,0.225605565331556,4.84209855921442,0.306864073592612,23.0381056968369
3,25,0.202780103489568,3.2974261286877,0.314932627375721,37.9679584426623
4,25,0.195239264368128,1.63669615129594,0.344473879273056,46.2295227611355
5,25,0.258181722904267,6.70196801985161,0.297601159885424,14.0884469589863
6,25,0.213850206084095,3.20885608237713,0.319676760997524,30.4282201939618
7,25,0.197051032020806,1.51386974532034,0.350255352681285,43.2604522022873
8,25,0.199973832126918,1.92702165389983,0.339781673483912,40.244157778098
9,25,0.216057309464741,3.07876673109144,0.323045797689037,28.6850081377143
10,25,0.222872176572676,3.85469140702642,0.311130789151717,27.2431895037001
1,26,0.1084969644488,7.64472571854049,0.259156846423744,344.888290528686
2,26,0.112791043249058,16.3673153487392,0.237061601286845,265.967205541412
3,26,0.0984466049751773,18.668857201696,0.231557812528584,396.110638933614
4,26,0.10791404271982,7.69472604269107,0.259390677012078,346.306116738853
5,26,0.114293917939688,15.7710309245564,0.236278552491546,271.784934390704
6,26,0.0984905768140025,18.6820436319075,0.232162792956635,386.664339517717
7,26,0.0919267415179679,5.92239846829096,0.262489177857451,646.995513112105
8,26,0.112169623652598,16.0110593383166,0.237361956527931,272.733905056274
9,26,0.097485363794516,18.7688891280768,0.232665702987437,390.146928359863
10,26,0.125064602580722,34.275603949663,0.21724973578934,172.265178586356
1,27,0.218617301953082,1.33968770887976,0.365699010760992,27.4362907545668
2,27,0.240661137687143,2.50462338832366,0.337266104491228,19.5058758548181
3,27,0.23410393240716,1.49527876883453,0.356422469767784,24.4162725776927
4,27,0.222192895657888,1.37586772748847,0.355391585078245,31.1203960258847
5,27,0.226943068701545,1.71255162906063,0.351050418521695,25.7208457167494
6,27,0.232327752637243,1.61586298576855,0.34860803965419,26.8941851515715
7,27,0.249995007044872,1.86090268603964,0.343275830799161,21.2161603864058
8,27,0.229259126527032,1.8997867313775,0.3475379865704,24.0033926556793
9,27,0.230642888247331,1.63031647399522,0.348178186170364,27.3768843318318
10,27,0.244395779556006,3.03315774728054,0.324765454860572,20.1080576027753
1,28,0.0856455140865569,3.8036923969824,0.280708152891563,770.727997379189
2,28,0.133482688606418,8.15849941599659,0.266444392497752,151.48033938174
3,28,0.114014056971932,5.01328452111717,0.280075000882879,269.736497551849
4,28,0.0932126576014425,4.30391938470976,0.275590918369874,613.410205782193
5,28,0.135129056274812,8.18152494916844,0.265967784625356,147.379013010086
6,28,0.0971815910041481,2.24613059122892,0.300340413532302,584.096427866338
7,28,0.120466745015015,7.61143035132682,0.264074255497715,229.110605227466
8,28,0.128935014702353,8.99113904503901,0.26257095929015,166.50592783211
9,28,0.139863675955084,10.4974391138986,0.258375702162992,127.014170755186
10,28,0.107057672506206,4.12710498977609,0.283662247922835,358.733575910786
1,29,0.21963470227903,3.07392674654454,0.326640342993999,25.3326580264742
2,29,0.24262220725075,5.00149829222622,0.304176747025966,19.3493222862907
3,29,0.225880277821749,2.49497662556735,0.334251796605848,24.7912227705976
4,29,0.215932106250358,2.54609607954468,0.329702365332296,30.4054836675306
5,29,0.240996954114639,5.03734023885512,0.304776382256205,19.3534178720177
6,29,0.231836328466628,2.68761099487629,0.331572129505748,22.6339245153146
7,29,0.212982237532054,1.89057612662338,0.34174014270459,33.3642082294522
8,29,0.180974771405812,0.84671303359933,0.3687928872311,69.5044525860421
9,29,0.194212343404015,1.56980693629516,0.34728544512504,46.1352272236247
10,29,0.23210430729519,4.00360733789119,0.313357266959779,22.3950564839624
