rep,id,eta_A1,eta_tau1
1,43,0.189951534019935,0.169946175651887
2,43,0.155593375567227,0.165721269859058
3,43,0.165851132576164,0.153437470441226
4,43,0.178230447497618,0.17132897855914
5,43,0.160839892762813,0.141859272093552
6,43,0.170926447746429,0.164809999352807
7,43,0.16846828234358,0.157895605392657
8,43,0.170535128273522,0.161658901901788
9,43,0.171084599487461,0.1770082320759
10,43,0.178575011283443,0.174234004455992
1,52,0.0590109200231257,0.0836097780741511
2,52,0.0687273846575034,0.0653746656841175
3,52,0.0549200537229405,0.0423340173805065
4,52,0.0476151602329049,0.0412095701023094
5,52,0.0737429209768261,0.0784209176407967
6,52,0.0602972527779466,0.0659816858457086
7,52,0.0482738247366336,0.0535989233932345
8,52,0.0420806689533329,0.0422938139940719
9,52,0.0824842650724644,0.0719929434149021
10,52,0.0779384952431336,0.0690996733746622
1,53,0.11878621847773,0.147732946381834
2,53,0.129152168307709,0.11476162773103
3,53,0.106808034564104,0.107637275889165
4,53,0.111270025458443,0.0976161169312902
5,53,0.116079971253941,0.128748475038901
6,53,0.124605109569115,0.139711101670734
7,53,0.119131828327757,0.126788408426648
8,53,0.121416677643209,0.115111638577499
9,53,0.124608018133839,0.110759368595102
10,53,0.129177105151321,0.12704190778726
1,54,-0.0690849555480044,-0.0803611661643665
2,54,-0.0557972543136964,-0.0597254938456163
3,54,-0.0543511811583749,-0.0450948637081867
4,54,-0.0395813843056111,-0.0541461388366838
5,54,-0.0520789170329152,-0.04341361063262
6,54,-0.0178459198324075,-0.0121533201192717
7,54,-0.045271025570119,-0.0626453699435731
8,54,-0.0260915619395109,-0.0190603825149905
9,54,-0.0112767717279317,-0.00789709286785769
10,54,-0.0422235769024334,-0.0381212351295488
1,55,-0.200346503025148,-0.19286347710711
2,55,-0.176685897655539,-0.162441985399353
3,55,-0.193382263961847,-0.183030071492864
4,55,-0.193927017331668,-0.180974081637703
5,55,-0.185015848277813,-0.175837126901359
6,55,-0.207357719228532,-0.208152425572766
7,55,-0.196667147699847,-0.203632038200418
8,55,-0.206177426805716,-0.202527412383658
9,55,-0.198781959951074,-0.205303455551156
10,55,-0.191464878662186,-0.186059475697296
1,56,-0.172095241469079,-0.175423227196854
2,56,-0.138852567709983,-0.135483316821114
3,56,-0.171931257642882,-0.180398419768441
4,56,-0.154558396084529,-0.164002941446333
5,56,-0.149239688713627,-0.148906746480626
6,56,-0.139742464983552,-0.125614339622819
7,56,-0.162869673602088,-0.164636950038948
8,56,-0.147217451348994,-0.129913953081406
9,56,-0.160036480789515,-0.16482531908925
10,56,-0.135867373675825,-0.148012844132105
1,57,-0.0720858201642061,-0.071416841095491
2,57,-0.0992315894732632,-0.0876383313299577
3,57,-0.0752589477398465,-0.0659098503681997
4,57,-0.0954377923484107,-0.086258463016154
5,57,-0.0982154457897097,-0.0966492650414278
6,57,-0.100108397872792,-0.0954318380316196
7,57,-0.0830368277145723,-0.079117466392797
8,57,-0.0797171497372468,-0.0703530009952869
9,57,-0.110501269703177,-0.105593734863418
10,57,-0.077316293603337,-0.0924962330327558
1,58,-0.340192140542709,-0.336075883297653
2,58,-0.36722231809939,-0.356887208032846
3,58,-0.395026390719129,-0.375061001080969
4,58,-0.371146599309191,-0.378228340777661
5,58,-0.367687110629146,-0.370112376778018
6,58,-0.409738273789262,-0.389431947964371
7,58,-0.402966267212787,-0.381277451108988
8,58,-0.329495855652835,-0.314943995592377
9,58,-0.384238890582648,-0.388560040414285
10,58,-0.334961464598635,-0.328781182948595
1,59,-0.218993816656882,-0.174656240970975
2,59,-0.235924361096918,-0.244681753270991
3,59,-0.201758698936741,-0.210189731539729
4,59,-0.183751682076952,-0.155884352254891
5,59,-0.208491802872366,-0.223160924138608
6,59,-0.221188560928659,-0.211157166537762
7,59,-0.202491475096779,-0.199240547459753
8,59,-0.217572280065341,-0.183339940964294
9,59,-0.207169911922484,-0.19581304181015
10,59,-0.219263849192012,-0.2086228703302
1,60,-0.148270396069012,-0.156447016176817
2,60,-0.158325388105929,-0.159657490010476
3,60,-0.162180043546001,-0.163346904998503
4,60,-0.161910017867925,-0.160367207779849
5,60,-0.151643681383724,-0.142672316130473
6,60,-0.15758849010848,-0.138069025242532
7,60,-0.156821469851543,-0.176426214439752
8,60,-0.147402844218511,-0.142721380561133
9,60,-0.142728551538474,-0.123644686001127
10,60,-0.17343886652969,-0.1593350596505
1,61,-0.0529842844385865,-0.0369119945486749
2,61,-0.0359826184177085,-0.0390596549667101
3,61,-0.0456717584890778,-0.0294303612963594
4,61,-0.0252039019481715,-0.0270058817145216
5,61,-0.0455405578748593,-0.0396970014559373
6,61,-0.0411988616699589,-0.0254521567381989
7,61,-0.0563780420026974,-0.0568497895854941
8,61,-0.0170740063712171,-0.00880757787309555
9,61,-0.0392726225487855,-0.0481258280100013
10,61,-0.0567045191342717,-0.0479113963139858
1,44,-0.058980075048419,-0.0399058212289221
2,44,-0.0601045115263384,-0.0541799212572716
3,44,-0.0705739066828644,-0.0692496843531795
4,44,-0.0534993247649894,-0.0413070158948728
5,44,-0.0104417708120719,-0.00043296058249263
6,44,-0.0592626525908455,-0.0639335777126044
7,44,-0.0431444193725062,-0.0498540456433606
8,44,-0.0599621120041866,-0.0661274807087796
9,44,-0.0734990981509995,-0.0705240686673865
10,44,-0.0469198003103173,-0.0465569083050297
1,62,-0.115514920648297,-0.116941824116008
2,62,-0.102734261426884,-0.0874545750095014
3,62,-0.116823402366415,-0.100954249108814
4,62,-0.118955416859605,-0.131591854394482
5,62,-0.0967455936450951,-0.106549818410992
6,62,-0.102832629520949,-0.125386420968444
7,62,-0.102195734487549,-0.123934696850442
8,62,-0.114435933404761,-0.122641666402315
9,62,-0.118979896873618,-0.105541333581351
10,62,-0.100151320271956,-0.0824915361299156
1,45,0.275536387006662,0.273703974826492
2,45,0.267161046501602,0.255830836771517
3,45,0.272148819464869,0.280969709203432
4,45,0.257402087293743,0.253056994619946
5,45,0.260016945154471,0.253316503984265
6,45,0.271369933264478,0.264780627955352
7,45,0.281752209500827,0.266548347142865
8,45,0.275981864419881,0.280352190732493
9,45,0.263193693871755,0.264088143641313
10,45,0.26517122159103,0.249312341799859
1,46,0.0949535359215072,0.075298784677568
2,46,0.0763031175872605,0.0660651837312093
3,46,0.0845652516921729,0.0805181908653588
4,46,0.0713312473249439,0.065893176837903
5,46,0.0892600899755423,0.0894336239042517
6,46,0.0687218056202814,0.0886904902492112
7,46,0.0814015677026988,0.0887210736391739
8,46,0.0867220432976347,0.0981167080427533
9,46,0.0865503067492042,0.0922183553140036
10,46,0.0971605328286548,0.0957939263059785
1,47,0.238592736363682,0.230745671883886
2,47,0.245384219350334,0.237927108898988
3,47,0.248683290273622,0.25622472899842
4,47,0.253018963555725,0.257523033623618
5,47,0.236650124851463,0.237111893827584
6,47,0.241513657319521,0.229363645011658
7,47,0.240394886467299,0.247841802731594
8,47,0.255581896644961,0.246784245259936
9,47,0.260781457016856,0.273609222154929
10,47,0.231081917899254,0.239862456484579
1,48,0.223070450498558,0.226161966253184
2,48,0.221378253305525,0.214155985616616
3,48,0.228952060939233,0.242556428094534
4,48,0.234993219991745,0.255120585272659
5,48,0.226195523056086,0.208295052141156
6,48,0.221447041875553,0.207780190577076
7,48,0.214580763740257,0.201032111015178
8,48,0.219464430511593,0.211760914852381
9,48,0.20134653169783,0.208627087895978
10,48,0.222008119369597,0.212580988355171
1,49,0.199983725245955,0.209119894031656
2,49,0.192914677103797,0.195641143324557
3,49,0.196314681437884,0.187543410168034
4,49,0.214357016711185,0.192417074035289
5,49,0.197440885360792,0.207520451903694
6,49,0.190445920021025,0.191623325034298
7,49,0.174173042338715,0.152739140638647
8,49,0.190940854055569,0.17846153697238
9,49,0.175021701432461,0.170636323817174
10,49,0.189027646453712,0.17963782143682
1,50,0.0658443455820263,0.0510938893693051
2,50,0.058600367240399,0.0393240156481723
3,50,0.0825108008959754,0.0411032571275993
4,50,0.0909570867042188,0.0941725269977768
5,50,0.0745896411476041,0.0815000614879024
6,50,0.0568387845656827,0.0590253515418863
7,50,0.0830890067413947,0.0720616100171205
8,50,0.0832206332006128,0.0668911630872378
9,50,0.070878969853721,0.0671891238662986
10,50,0.090842442242503,0.0731116778579705
1,51,-0.0582619121629361,-0.0554195712756409
2,51,-0.0642919172935822,-0.0617475138008326
3,51,-0.0584847757236402,-0.0603683143260668
4,51,-0.0380021254952034,-0.0261625025567704
5,51,-0.0324403823936261,-0.0097233141886803
6,51,-0.029380224265403,-0.0242317014255207
7,51,-0.0455485745945571,-0.0577617634862059
8,51,-0.0286198769055298,-0.0197888340074812
9,51,-0.0539241701035649,-0.0568188499068049
10,51,-0.0420266068773335,-0.0563293281655864
